ra dec ngood class_star g_psf e_g_psf r_psf e_r_psf i_psf e_i_psf z_psf e_z_psf
218.509613 -78.09645400000001 18 0.9840000000000001 15.6226 0.0084 15.2475 0.0135 15.0843 0.0054 15.0145 0.0112
218.47141800000003 -78.102331 13 0.983 15.8603 0.0259 15.5217 0.0163 15.2812 0.0062 15.2011 0.006
218.53578399999998 -78.096707 13 0.982 17.1206 0.0144 16.9738 0.046 16.7692 0.0192 16.6869 0.0136
218.43614700000003 -78.098546 16 0.983 17.1833 0.0411 16.5383 0.0261 16.0526 0.0125 15.8551 0.0173
218.57143599999998 -78.096828 18 0.986 13.7048 0.0074 13.4363 0.0098 13.2769 0.0053 13.245 0.0053
218.57256099999998 -78.102181 7 0.9740000000000001 nan nan nan nan 17.771 0.021 17.6852 0.0128
218.454831 -78.112709 22 0.9840000000000001 14.8665 0.0102 14.3627 0.0056 13.9852 0.0053 13.8211 0.0047
218.45984700000002 -78.084866 10 0.972 nan nan 17.6515 0.026000000000000002 17.4017 0.0225 17.3204 0.0335
218.48530899999997 -78.082149 17 0.988 13.2261 0.0125 13.0262 0.013000000000000001 12.8957 0.0063 12.8787 0.0053
218.535941 -78.116548 4 0.956 nan nan nan nan 18.0201 0.0142 17.8641 0.0156
218.57344500000002 -78.111378 13 0.983 15.5853 0.0099 15.2514 0.0141 15.0302 0.0064 14.9529 0.0062
218.55234500000003 -78.084335 4 0.972 nan nan nan nan 17.8432 0.0148 17.8014 0.0098
218.57890099999997 -78.090071 17 0.978 16.8118 0.0165 16.0937 0.0079 15.5992 0.0056 15.398 0.0077
218.570817 -78.112427 22 0.9840000000000001 15.5143 0.0132 15.2202 0.0206 15.0458 0.0078 14.969000000000001 0.0066
218.447321 -78.116862 16 0.981 17.0067 0.0375 16.6964 0.038 16.4149 0.0196 16.3316 0.008
218.524416 -78.120597 7 0.968 nan nan nan nan 17.855 0.0222 17.5936 0.0134
218.60265499999997 -78.105173 10 0.978 nan nan nan nan 17.4202 0.0284 17.0162 0.0066
218.542828 -78.120099 7 0.973 nan nan nan nan 17.8047 0.0249 17.7301 0.0138
218.449575 -78.078692 17 0.9840000000000001 14.774000000000001 0.008 14.217 0.0105 13.8784 0.0064 13.7228 0.0047
218.61575200000001 -78.099352 18 0.983 16.59 0.0088 16.2306 0.0187 16.0201 0.0115 15.9444 0.0078
218.40445899999997 -78.084423 6 0.97 17.997 0.0151 17.6337 0.021 17.3864 0.01 17.2644 0.0488
218.61924700000003 -78.092488 16 0.955 17.4562 0.0529 16.9783 0.0089 16.4722 0.0119 16.2352 0.0174
218.554963 -78.123951 10 0.978 17.8284 0.0479 17.6527 0.0195 17.5407 0.0133 17.4494 0.0153
218.49918799999998 -78.072386 7 0.977 nan nan 17.7498 0.0592 17.5457 0.0117 17.3878 0.0152
218.62247000000002 -78.11153399999999 15 0.981 16.9349 0.0342 16.3192 0.0097 15.9377 0.0069 15.7442 0.01
218.36512000000002 -78.100226 5 0.975 nan nan nan nan 17.6884 0.0325 17.6377 0.022000000000000002
218.422935 -78.123242 12 0.966 17.8956 0.0621 17.4171 0.0569 17.3127 0.021 17.3162 0.0217
218.611367 -78.118792 7 0.976 nan nan nan nan 17.7649 0.0097 17.6685 0.0114
218.354517 -78.10627099999999 9 0.983 16.9963 0.0124 16.2853 0.0208 15.77 0.0101 15.5239 0.0089
218.358142 -78.110834 7 0.982 nan nan nan nan 16.8076 0.0072 16.4325 0.0098
218.475133 -78.132116 13 0.981 17.8744 0.0512 17.3558 0.0258 16.8392 0.0269 16.6648 0.0198
218.61524900000003 -78.122371 7 0.975 nan nan nan nan 17.7698 0.0181 17.6766 0.0112
218.40603199999998 -78.126575 11 0.9790000000000001 18.0163 0.019 17.5663 0.0263 17.2235 0.0421 17.1438 0.0267
218.338341 -78.09404599999999 7 0.977 nan nan 17.8366 0.0191 17.4645 0.0108 17.3195 0.0111
218.513743 -78.13391999999999 15 0.9790000000000001 17.3165 0.0154 16.6615 0.0102 16.0713 0.0096 15.8187 0.0074
218.368446 -78.078964 8 0.983 16.7511 0.0147 16.372 0.0106 16.1125 0.0074 16.0412 0.009000000000000001
218.659537 -78.089946 24 0.988 13.4474 0.0061 13.1288 0.0078 12.9356 0.0053 12.8859 0.0043
218.61394700000002 -78.125467 17 0.981 17.4443 0.0158 16.8292 0.0241 16.4825 0.0078 16.2162 0.0053
218.360234 -78.080264 6 0.96 nan nan nan nan 17.7211 0.0194 17.5795 0.0397
218.660895 -78.112439 18 0.985 15.5577 0.0063 15.0778 0.0077 14.7657 0.0047 14.6469 0.0048
218.53999100000001 -78.06491899999999 13 0.983 16.9333 0.1064 16.5033 0.0099 16.2845 0.006999999999999999 16.1941 0.0112
218.34249100000002 -78.116854 10 0.9840000000000001 15.3137 0.0152 14.8077 0.0096 14.4339 0.0077 14.2685 0.0061
218.589373 -78.067666 17 0.981 17.0162 0.0385 16.4514 0.0137 16.1235 0.0078 16.0009 0.0075
218.66596099999998 -78.11502800000001 17 0.983 16.2488 0.0186 15.763 0.0065 15.35 0.0073 15.190999999999999 0.0067
218.34022400000003 -78.08214 5 0.978 nan nan nan nan 17.3193 0.0076 17.1237 0.0323
218.614083 -78.12929399999999 4 0.951 nan nan nan nan 18.3019 0.0125 18.3234 0.0251
218.319937 -78.106482 9 0.983 17.2012 0.0408 16.8332 0.0206 16.5024 0.0069 16.4115 0.0165
218.389727 -78.069796 13 0.988 14.6632 0.0105 14.315999999999999 0.0126 14.0428 0.0075 13.9716 0.0053
218.57942200000002 -78.065585 7 0.9520000000000001 nan nan nan nan 17.8274 0.0106 17.5902 0.0108
218.658356 -78.080173 12 0.98 nan nan 17.5809 0.0155 17.2114 0.0069 17.062 0.0164
218.68690299999997 -78.096019 14 0.982 17.355999999999998 0.0623 16.9967 0.0121 16.8142 0.015 16.7336 0.0218
218.439312 -78.062736 7 0.978 nan nan nan nan 17.2083 0.0239 16.8557 0.03
218.607588 -78.132784 6 0.9620000000000001 nan nan nan nan 18.0236 0.0081 17.7773 0.0303
218.691887 -78.097289 9 0.9790000000000001 nan nan 17.692999999999998 0.0191 17.4303 0.0523 17.2532 0.0504
218.35009 -78.074529 5 0.971 nan nan nan nan 17.717 0.0092 17.6796 0.0164
218.537548 -78.13939 9 0.978 nan nan 17.5436 0.0458 17.5046 0.0109 17.4021 0.0317
218.48295299999998 -78.140332 24 0.987 13.8956 0.0061 13.4939 0.0053 13.2206 0.0053 13.1245 0.0066
218.37627400000002 -78.131488 15 0.983 15.5295 0.0181 15.1672 0.0134 14.9109 0.0144 14.8408 0.0123
218.393973 -78.134795 2 0.9590000000000001 nan nan nan nan 17.781 0.0105 17.6828 0.011000000000000001
218.342587 -78.126264 11 0.981 17.8424 0.0131 17.3212 0.0156 17.1228 0.0223 17.0432 0.016
218.40556400000003 -78.063091 3 0.953 nan nan nan nan 17.7672 0.0143 17.6183 0.1006
218.702296 -78.102974 15 0.982 16.7246 0.0388 16.4415 0.0331 16.152 0.0182 16.0636 0.0085
218.69752000000003 -78.087863 15 0.983 15.7886 0.01 15.4105 0.008 15.1863 0.0063 15.1092 0.0068
218.58424100000002 -78.139276 4 0.972 nan nan nan nan 17.8078 0.0272 17.7379 0.0235
218.293302 -78.091464 15 0.983 16.6076 0.0165 16.3385 0.0106 16.0665 0.0049 16.0008 0.0072
218.314396 -78.078841 8 0.973 nan nan nan nan 17.744 0.0152 17.3246 0.0132
218.698148 -78.082422 14 0.983 17.6987 0.0288 17.1685 0.013999999999999999 16.7515 0.0192 16.6332 0.0091
218.684486 -78.123633 11 0.981 nan nan 17.4553 0.0451 17.2003 0.0174 16.9993 0.0108
218.510331 -78.14508599999999 14 0.983 16.9477 0.0341 16.6224 0.0137 16.3784 0.0069 16.3149 0.006999999999999999
218.66275699999997 -78.130246 18 0.983 16.4824 0.0073 16.235 0.0257 16.0963 0.0117 16.0933 0.0064
218.67474900000002 -78.07226999999999 4 0.958 nan nan nan nan 18.1651 0.0298 17.8617 0.0545
218.66030800000001 -78.06778800000001 24 0.996 13.6283 0.0082 13.0026 0.0079 12.5921 0.0047 12.3844 0.0057
218.7176 -78.08879499999999 8 0.98 nan nan nan nan 17.433 0.016 17.2592 0.0152
218.38104500000003 -78.139339 4 0.966 nan nan nan nan 17.92 0.0353 17.7341 0.012
218.407582 -78.142394 15 0.983 16.6555 0.0245 16.3275 0.0161 16.0533 0.008 15.9571 0.0064
218.28813300000002 -78.116125 7 0.975 nan nan nan nan 17.7116 0.0211 17.6743 0.0202
218.576139 -78.143847 22 0.983 16.5198 0.0232 16.1736 0.0148 15.9274 0.008 15.8364 0.0164
218.725417 -78.09730400000001 14 0.953 17.0576 0.0112 16.7535 0.0187 16.4974 0.0186 16.4019 0.0221
218.589773 -78.143136 4 0.953 nan nan nan nan 18.1398 0.0173 18.0332 0.0475
218.28699300000002 -78.120085 7 0.9590000000000001 nan nan nan nan 17.9161 0.0345 17.8592 0.0223
218.443144 -78.146828 10 0.968 nan nan nan nan 17.4701 0.0153 17.2662 0.0171
218.731827 -78.091674 8 0.978 nan nan 17.6223 0.0254 17.3467 0.0136 17.1397 0.0201
218.66368599999998 -78.064921 14 0.9840000000000001 15.8465 0.0316 15.112 0.0075 14.5988 0.0061 14.4062 0.0048
218.49273399999998 -78.050999 6 0.972 17.5801 0.0254 17.0776 0.0109 16.8389 0.0287 16.6942 0.0102
218.71525099999997 -78.120961 5 0.975 nan nan nan nan 17.7488 0.0114 17.7366 0.0113
218.735908 -78.106794 13 0.983 15.692 0.0079 15.3021 0.0073 15.0644 0.0076 14.9779 0.0054
218.653 -78.06231 6 0.955 nan nan nan nan 17.5394 0.0129 17.255 0.0354
218.737305 -78.09478399999999 5 0.9740000000000001 nan nan nan nan 17.9214 0.0602 17.4128 0.0105
218.692656 -78.129278 9 0.977 nan nan 17.754 0.0145 17.5219 0.0421 17.3588 0.0129
218.47893399999998 -78.050537 11 0.9840000000000001 14.5195 0.0105 14.0077 0.0105 13.5893 0.0077 13.4205 0.0068
218.426485 -78.147413 29 0.988 14.0111 0.0054 13.7792 0.0056 13.632 0.0047 13.5957 0.0061
218.673154 -78.134973 16 0.981 17.5295 0.024 17.1784 0.0306 16.9797 0.0133 16.9285 0.0198
218.25686000000002 -78.101045 11 0.981 nan nan 17.8757 0.0287 17.2467 0.0081 16.9486 0.0134
218.734208 -78.115888 19 0.982 16.9024 0.0393 16.4904 0.0241 16.2043 0.0083 16.0825 0.0119
218.34330400000002 -78.139451 17 0.9840000000000001 15.2258 0.0158 14.8405 0.0066 14.5758 0.0053 14.4797 0.0095
218.67744100000002 -78.064495 19 0.987 14.0305 0.0074 13.7737 0.0076 13.6192 0.0061 13.5849 0.006
218.637424 -78.143224 21 0.983 16.8191 0.0087 16.4922 0.0251 16.2456 0.0076 16.1669 0.0163
218.720215 -78.125327 18 0.983 15.2811 0.0093 14.7344 0.0095 14.3411 0.0053 14.1528 0.0066
218.337633 -78.05994100000001 5 0.958 nan nan nan nan 18.0127 0.0234 17.3552 0.0201
218.246267 -78.101206 3 0.961 nan nan nan nan 18.1099 0.013999999999999999 17.9984 0.0269
218.74863399999998 -78.11103100000001 5 0.975 nan nan nan nan 17.7912 0.0126 17.7534 0.0337
218.69711600000002 -78.13359399999999 20 0.96 16.9101 0.0341 16.609 0.0347 16.2502 0.0194 16.1325 0.0162
218.24461200000002 -78.09483 11 0.982 17.873 0.0156 17.3433 0.0112 16.9813 0.0129 16.8433 0.0104
218.74440499999997 -78.08350899999999 6 0.9640000000000001 nan nan nan nan 17.9101 0.022000000000000002 17.4907 0.0084
218.65091099999998 -78.056889 8 0.983 nan nan 17.5519 0.0336 16.3525 0.0099 15.8921 0.0155
218.241288 -78.100216 10 0.977 nan nan 17.9036 0.0647 17.4264 0.0214 17.324 0.0122
218.75283199999998 -78.08809699999999 13 0.982 17.2656 0.0229 16.985 0.0168 16.7529 0.0184 16.6674 0.0096
218.706296 -78.067621 15 0.983 17.5892 0.077 16.7038 0.0231 15.7716 0.0058 15.424000000000001 0.005
218.285337 -78.130296 18 0.983 16.8297 0.022000000000000002 16.3115 0.0111 15.9403 0.0058 15.8076 0.0133
218.240764 -78.096017 17 0.983 17.015 0.0289 16.5622 0.0079 16.1859 0.0113 16.0009 0.0099
218.41276000000002 -78.151647 21 0.983 15.2776 0.0099 14.9484 0.006999999999999999 14.7229 0.0055 14.6539 0.0053
218.28083700000002 -78.068166 16 0.9840000000000001 16.2569 0.0084 16.000999999999998 0.0168 15.8776 0.0085 15.8399 0.0057
218.472331 -78.044933 8 0.963 nan nan 17.8423 0.0136 17.6905 0.0188 17.5587 0.0299
218.750764 -78.120175 19 0.983 16.2307 0.0083 15.9098 0.0063 15.689 0.0055 15.6087 0.0055
218.67151600000003 -78.142902 19 0.9840000000000001 15.812000000000001 0.0061 15.3437 0.0054 14.9792 0.0076 14.8189 0.0079
218.29170299999998 -78.135369 21 0.983 16.8376 0.0372 16.2345 0.016 15.7714 0.005 15.5943 0.0077
218.332625 -78.14411199999999 13 0.983 16.2125 0.0385 15.8783 0.0075 15.6042 0.0061 15.5061 0.0128
218.244833 -78.119217 15 0.976 17.64 0.0182 17.1372 0.0258 16.8815 0.0088 16.7269 0.0107
218.23646200000002 -78.11399899999999 4 0.9590000000000001 nan nan nan nan 18.0517 0.0091 17.9566 0.035
218.71652799999998 -78.06523 10 0.98 17.2533 0.0159 16.9063 0.0102 16.6132 0.0182 16.4853 0.0229
218.22993799999998 -78.112381 11 0.965 17.8888 0.0791 17.5395 0.0232 17.2294 0.03 17.1123 0.0238
218.70909 -78.062392 8 0.981 17.8837 0.0273 17.6172 0.09 17.3288 0.0123 17.2237 0.0262
218.258984 -78.128557 22 0.9840000000000001 16.6675 0.0171 15.8005 0.0078 15.1514 0.0044 14.8834 0.0086
218.73145899999997 -78.067735 4 0.9690000000000001 nan nan nan nan 17.8692 0.0161 17.7842 0.0593
218.243635 -78.123305 18 0.982 17.3667 0.0109 17.0585 0.0193 16.715999999999998 0.0076 16.6266 0.0077
218.485962 -78.15797099999999 21 0.99 12.7969 0.0062 12.2322 0.0053 11.86 0.0061 11.7321 0.0088
218.75768 -78.123733 11 0.982 nan nan 17.4329 0.0165 17.1722 0.024 17.0443 0.0097
218.779481 -78.09214899999999 16 0.982 17.3772 0.0597 17.0211 0.0283 16.8351 0.0063 16.8055 0.0182
218.769373 -78.117565 3 0.956 16.6113 0.0184 nan nan 15.8421 0.0146 15.7161 0.0204
218.76770299999998 -78.11908000000001 29 0.988 14.2437 0.0106 13.7044 0.0078 13.2745 0.009000000000000001 13.1011 0.0095
218.783498 -78.097442 4 0.9620000000000001 nan nan nan nan 18.0858 0.0376 18.0085 0.0201
218.568396 -78.04187399999999 11 0.981 17.539 0.0252 17.2183 0.0405 17.012 0.0174 16.9452 0.0086
218.65060899999997 -78.048823 12 0.981 17.2414 0.0996 17.0051 0.0102 16.7395 0.0241 16.6472 0.0315
218.334089 -78.14942099999999 11 0.982 17.2946 0.0161 17.0315 0.0122 16.8403 0.0107 16.7368 0.0127
218.209043 -78.106914 15 0.983 17.1715 0.0718 16.7512 0.0104 16.4878 0.0119 16.3892 0.0063
218.731313 -78.13718 16 0.9790000000000001 17.347 0.0296 17.2503 0.0122 17.0948 0.019 17.0837 0.0174
218.336566 -78.04980400000001 8 0.9790000000000001 17.8823 0.0242 16.9143 0.0102 16.0011 0.032 15.6619 0.012
218.62471499999998 -78.15492900000001 17 0.982 17.5788 0.0531 17.0666 0.0389 16.7697 0.0074 16.6237 0.0136
218.676568 -78.051404 5 0.9540000000000001 nan nan 17.7067 0.0258 17.4425 0.0105 17.3596 0.027000000000000003
218.492839 -78.039073 6 0.975 nan nan nan nan 17.3893 0.0381 17.0703 0.031
218.60706299999998 -78.156851 8 0.97 nan nan nan nan 17.8634 0.0084 17.5116 0.0276
218.35840499999998 -78.04614000000001 4 0.955 nan nan nan nan 17.4165 0.0233 17.292 0.0297
218.283627 -78.057949 10 0.977 16.8546 0.0124 16.3842 0.0113 16.0123 0.0089 15.8678 0.0322
218.227168 -78.124868 13 0.98 nan nan nan nan 17.3182 0.0097 16.8942 0.0192
218.73181 -78.061302 5 0.978 nan nan nan nan 17.6237 0.022000000000000002 17.5108 0.0264
218.20051899999999 -78.09733100000001 13 0.981 17.8054 0.0351 17.4141 0.1021 17.2668 0.0155 17.206 0.0349
218.800287 -78.098754 12 0.981 17.8893 0.0427 17.4401 0.0682 17.0349 0.0188 16.8922 0.0173
218.201606 -78.10847700000001 14 0.982 17.6004 0.0357 17.1242 0.0354 16.9354 0.0091 16.8376 0.0238
218.614225 -78.04241400000001 16 0.9840000000000001 15.0794 0.0063 14.4964 0.0066 14.0885 0.006 13.894 0.0048
218.80333199999998 -78.096814 16 0.982 17.0702 0.0115 16.7125 0.0237 16.465 0.0102 16.3793 0.0261
218.48633700000002 -78.162981 16 0.9840000000000001 15.7902 0.0097 15.4668 0.0161 15.2507 0.005 15.1908 0.0096
218.57662599999998 -78.161055 8 0.965 nan nan nan nan 17.847 0.0138 17.6513 0.0091
218.32525800000002 -78.152181 6 0.973 nan nan nan nan 17.7749 0.024 17.6175 0.0109
218.79833100000002 -78.11546700000001 24 0.993 13.9024 0.0061 13.252 0.0068 12.8282 0.0043 12.618 0.0043
218.22218199999998 -78.072965 6 0.97 nan nan nan nan 17.8186 0.0078 17.7715 0.0626
218.79112400000002 -78.07956300000001 9 0.978 nan nan 17.7948 0.0411 17.6455 0.0117 17.5454 0.018000000000000002
218.693388 -78.149736 3 0.961 nan nan nan nan 18.1257 0.0112 17.9122 0.0122
218.76439900000003 -78.133452 25 0.9990000000000001 11.2417 0.0053 11.0842 0.0051 11.0127 0.0053 11.0195 0.0073
218.300342 -78.14915500000001 18 0.982 16.7034 0.0344 16.1814 0.0244 15.8595 0.021 15.7035 0.0167
218.71951099999998 -78.05453299999999 6 0.98 16.3366 0.012 15.8876 0.0323 15.5628 0.0109 15.4386 0.0398
218.80444300000002 -78.085587 10 0.978 nan nan nan nan 17.3082 0.0062 16.8884 0.0185
218.775311 -78.069597 23 0.9840000000000001 14.9237 0.0061 14.6388 0.006 14.4801 0.0053 14.4508 0.0053
218.21137799999997 -78.125125 13 0.9790000000000001 nan nan 17.7889 0.0232 17.3756 0.0183 17.1685 0.0272
218.56910499999998 -78.163145 4 0.966 nan nan nan nan 18.0129 0.0101 17.9067 0.0513
218.631496 -78.15889200000001 20 0.983 16.8166 0.0079 16.4293 0.0166 16.1338 0.0053 16.0187 0.0076
218.21090499999997 -78.074412 19 0.983 15.5148 0.0063 15.0512 0.0094 14.7177 0.0159 14.5829 0.008
218.228856 -78.133169 4 0.9590000000000001 nan nan nan nan 17.8503 0.0084 17.6711 0.0125
218.448268 -78.035893 15 0.983 16.8964 0.0205 16.4703 0.0134 16.2501 0.0112 16.1358 0.0057
218.667283 -78.04470500000001 9 0.972 17.9079 0.0177 17.7133 0.0359 17.4583 0.0104 17.2999 0.0379
218.610279 -78.03884000000001 8 0.971 nan nan nan nan 17.7591 0.0089 17.1985 0.0083
218.811769 -78.086174 8 0.972 nan nan 17.7459 0.0166 17.576 0.0087 17.5335 0.0297
218.81954900000002 -78.095969 25 0.99 13.5073 0.0095 13.3237 0.0063 13.2275 0.0047 13.2218 0.0057
218.819686 -78.106501 16 0.983 17.0982 0.0448 16.6677 0.019 16.4549 0.0258 16.3839 0.0141
218.82131299999998 -78.10131 18 0.982 17.1245 0.0272 16.6731 0.018000000000000002 16.4644 0.0062 16.394000000000002 0.0088
218.211377 -78.070994 5 0.96 nan nan nan nan 17.9526 0.0173 17.4722 0.0229
218.82057999999998 -78.104987 14 0.96 17.6357 0.0153 17.4035 0.129 16.9992 0.0174 16.9374 0.0196
218.486375 -78.033703 12 0.983 17.1032 0.0106 16.622 0.0141 16.2275 0.0149 16.1494 0.0067
218.7858 -78.131399 22 0.983 16.3649 0.0132 15.8383 0.0204 15.444 0.0045 15.2738 0.008
218.17767999999998 -78.106187 7 0.966 nan nan nan nan 17.7993 0.0084 17.6374 0.0214
218.19532 -78.122733 18 0.983 16.9964 0.0181 16.6845 0.0218 16.451 0.0059 16.3881 0.0048
218.594545 -78.036164 12 0.98 17.8197 0.0188 17.6109 0.0238 17.2563 0.0099 17.1302 0.0145
218.804764 -78.123574 13 0.978 nan nan 17.8028 0.0354 17.4592 0.0188 17.2529 0.0189
218.30858999999998 -78.045638 10 0.98 17.1647 0.0574 16.3423 0.0121 15.7933 0.0124 15.5016 0.0069
218.696872 -78.15379 29 0.9840000000000001 13.5902 0.0053 13.51 0.0064 13.5198 0.0047 13.5523 0.0043
218.70659500000002 -78.152535 21 0.983 14.5977 0.0104 14.2346 0.0053 14.004000000000001 0.0061 13.937999999999999 0.0053
218.790923 -78.06893000000001 25 0.987 14.0913 0.0069 13.5803 0.0081 13.2229 0.0068 13.0625 0.0047
218.568285 -78.033524 16 0.983 15.5198 0.0113 15.2249 0.013999999999999999 15.0608 0.0055 15.0194 0.0104
218.355248 -78.038889 6 0.982 nan nan 17.3061 0.0139 16.8899 0.0081 16.707 0.0096
218.18077799999998 -78.081999 12 0.98 17.9652 0.0374 17.7217 0.0716 17.3836 0.006999999999999999 17.2797 0.0119
218.628646 -78.163216 17 0.9840000000000001 17.086 0.0357 16.6594 0.0187 16.4334 0.0054 16.3699 0.0106
218.588173 -78.03341 7 0.975 nan nan nan nan 17.7896 0.0306 17.7365 0.0192
218.65436699999998 -78.038576 17 0.983 16.0825 0.0069 15.8176 0.0073 15.6265 0.0061 15.5901 0.0049
218.257689 -78.148641 7 0.965 nan nan nan nan 18.0003 0.0103 17.6795 0.0237
218.66447799999997 -78.03896999999999 16 0.981 16.4065 0.0108 15.7951 0.0102 15.3487 0.0184 15.1655 0.0161
218.188592 -78.072344 13 0.982 17.5412 0.0125 17.2768 0.0474 17.0024 0.0094 16.9533 0.009000000000000001
218.83833399999997 -78.10628299999999 11 0.98 17.9855 0.0278 17.5047 0.0183 17.2103 0.0215 17.1623 0.027000000000000003
218.807473 -78.070183 18 0.985 15.2656 0.0203 14.7411 0.0114 14.423 0.0047 14.2922 0.0044
218.181835 -78.072843 14 0.983 17.1257 0.0689 16.7711 0.0181 16.4981 0.0066 16.4236 0.0158
218.39466800000002 -78.03230699999999 6 0.978 nan nan nan nan 17.4398 0.0105 17.2691 0.0142
218.596695 -78.168522 23 0.983 16.0017 0.0175 16.1484 0.0159 16.347 0.008 16.4141 0.0073
218.198383 -78.13550500000001 21 0.983 16.7608 0.0138 16.4786 0.0159 16.2157 0.0077 16.1446 0.0071
218.836029 -78.077696 5 0.963 nan nan nan nan 17.9323 0.0182 17.6699 0.0089
218.852431 -78.110214 9 0.981 nan nan 17.7216 0.0253 17.4083 0.0341 17.317999999999998 0.0215
218.144146 -78.100574 11 0.98 nan nan 17.9151 0.0494 17.4223 0.0074 17.2953 0.0256
218.372924 -78.168587 11 0.982 17.5945 0.016 17.1101 0.0116 16.8602 0.0226 16.8077 0.015
218.82147999999998 -78.131927 29 0.9840000000000001 15.0309 0.0053 14.6978 0.0052 14.4996 0.0062 14.4415 0.0057
218.835597 -78.074069 25 0.9840000000000001 15.1803 0.0061 14.8853 0.0082 14.6829 0.0048 14.6319 0.0044
218.45109399999998 -78.026634 14 0.982 17.2544 0.0388 16.7075 0.0193 16.4279 0.0072 16.3341 0.0117
218.20023799999998 -78.058993 6 0.9740000000000001 nan nan nan nan 17.834 0.0102 17.6466 0.0303
218.857619 -78.109587 13 0.976 17.798 0.0666 17.2891 0.0224 17.1411 0.0175 17.08 0.0118
218.857623 -78.090316 26 0.9840000000000001 14.0211 0.0062 13.7554 0.0053 13.603 0.0047 13.5695 0.0048
218.237734 -78.04894399999999 11 0.978 17.5194 0.0627 17.2336 0.0214 17.0343 0.0142 16.9671 0.0418
218.861614 -78.103347 17 0.9840000000000001 15.4778 0.0075 14.9409 0.0113 14.5664 0.0047 14.3974 0.0044
218.542194 -78.02551 4 0.956 nan nan nan nan 18.1043 0.0115 17.8553 0.0158
218.16838900000002 -78.131272 7 0.9690000000000001 nan nan nan nan 17.7811 0.0093 17.7206 0.0139
218.836419 -78.129226 13 0.981 nan nan 17.5981 0.0572 17.1455 0.0102 16.9364 0.0187
218.865209 -78.097348 6 0.965 nan nan nan nan 17.9185 0.0262 17.6918 0.0099
218.386895 -78.02825 6 0.978 nan nan nan nan 17.5982 0.027999999999999997 17.4806 0.0262
218.789454 -78.05394799999999 13 0.982 15.8643 0.0235 15.6089 0.0209 15.4618 0.0228 15.4064 0.0068
218.384824 -78.171902 10 0.975 17.3841 0.016 17.11 0.0246 16.772000000000002 0.0071 16.6645 0.0093
218.136579 -78.111778 12 0.98 17.7824 0.0236 17.4653 0.02 17.2508 0.0159 17.1722 0.0242
218.153621 -78.125801 21 0.983 16.8595 0.025 16.5557 0.0179 16.2752 0.0141 16.2338 0.0049
218.528916 -78.17579599999999 15 0.983 16.1447 0.0082 15.8481 0.0064 15.6307 0.0048 15.5739 0.01
218.803432 -78.143529 19 0.983 16.6214 0.0209 16.3575 0.0098 16.1511 0.0099 16.1064 0.0069
218.163661 -78.06803199999999 18 0.983 16.6504 0.028999999999999998 16.3482 0.0163 16.1348 0.0058 16.0615 0.0101
218.19672400000002 -78.056064 8 0.982 nan nan 17.4421 0.0767 16.529 0.0077 16.1516 0.0287
218.22767400000004 -78.15222800000001 13 0.981 nan nan 17.7261 0.0513 17.0106 0.0075 16.6877 0.0089
218.66136400000002 -78.16919399999999 13 0.982 nan nan 17.3528 0.0664 16.9394 0.0289 16.79 0.0466
218.86491600000002 -78.083933 10 0.981 nan nan 17.5936 0.0174 17.2431 0.0187 17.1038 0.0079
218.174344 -78.137986 5 0.958 nan nan nan nan 18.0857 0.0094 17.8567 0.0217
218.61520299999998 -78.173737 16 0.973 17.6705 0.0506 17.3823 0.0311 17.1754 0.0152 17.0383 0.0211
218.86267200000003 -78.120571 6 0.963 nan nan nan nan 17.8562 0.0204 17.8072 0.0262
218.44102 -78.022683 17 0.983 15.5224 0.0132 15.1701 0.0076 14.9556 0.0082 14.894 0.0053
218.463941 -78.021964 16 0.983 15.6514 0.0092 15.2886 0.0141 15.1018 0.0062 15.0375 0.0055
218.87539900000002 -78.08663299999999 24 0.985 14.6512 0.006999999999999999 14.3369 0.0053 14.149000000000001 0.0047 14.0978 0.0043
218.570615 -78.022755 5 0.951 nan nan nan nan 17.9644 0.0173 17.7615 0.0168
218.67297599999998 -78.170138 23 0.9840000000000001 15.3836 0.0057 15.0992 0.0123 14.8982 0.005 14.860999999999999 0.0097
218.25085499999997 -78.159862 9 0.9690000000000001 nan nan 17.7981 0.0444 17.7997 0.0072 17.7006 0.0267
218.383761 -78.024597 14 0.987 14.8023 0.0105 14.466 0.0074 14.2481 0.0061 14.1702 0.0056
218.68658 -78.030633 14 0.983 17.254 0.0148 16.7397 0.0305 16.4631 0.0067 16.3371 0.0108
218.83085699999998 -78.140817 16 0.981 17.8084 0.0432 17.3882 0.0445 17.1425 0.0084 17.0237 0.0142
218.179575 -78.14445699999999 10 0.97 nan nan nan nan 17.7234 0.0099 16.9945 0.006999999999999999
218.118577 -78.113979 4 0.966 nan nan nan nan 18.0828 0.013000000000000001 17.8321 0.0124
218.29074100000003 -78.03285799999999 14 0.983 17.2423 0.0119 16.7594 0.0184 16.4328 0.0069 16.2789 0.0076
218.717768 -78.03379100000001 2 0.9540000000000001 nan nan nan nan 18.0134 0.0105 17.9578 0.0146
218.28873199999998 -78.167592 8 0.9790000000000001 nan nan nan nan 17.5525 0.0172 17.4057 0.0105
218.13706499999998 -78.070526 7 0.966 nan nan nan nan 17.8781 0.0215 17.734 0.0378
218.260371 -78.036312 6 0.9570000000000001 nan nan nan nan 18.0454 0.0425 17.778 0.0138
218.129482 -78.12633100000001 7 0.96 nan nan nan nan 18.0025 0.0284 17.828 0.0171
218.85211099999998 -78.135518 20 0.9590000000000001 17.6903 0.0608 17.2302 0.0393 16.9779 0.0263 16.7848 0.0299
218.88962 -78.10946700000001 5 0.97 nan nan nan nan 17.8032 0.0102 17.6779 0.0349
218.892312 -78.101264 14 0.982 17.5277 0.0122 17.0677 0.0289 16.7652 0.0106 16.5949 0.0069
218.87814900000004 -78.078147 4 0.95 nan nan nan nan 18.0976 0.0084 18.0233 0.0157
218.646766 -78.17540600000001 25 0.9940000000000001 13.2592 0.0055 12.6258 0.0054 12.2107 0.0053 12.0062 0.0043
218.202059 -78.15354599999999 15 0.978 nan nan 17.5614 0.0115 17.3622 0.0243 17.3067 0.0117
218.891871 -78.086501 7 0.976 nan nan nan nan 17.6962 0.0456 17.4734 0.0353
218.896602 -78.091426 13 0.983 17.3659 0.0429 16.9426 0.0289 16.6324 0.0141 16.5351 0.0067
218.13381299999998 -78.133515 6 0.961 nan nan nan nan 17.9055 0.0461 17.8304 0.0225
218.274235 -78.031819 4 0.953 nan nan nan nan 18.1903 0.0376 18.1581 0.0124
218.736203 -78.033314 14 0.983 16.2815 0.0072 15.9801 0.0065 15.7876 0.0069 15.7083 0.0066
218.861635 -78.064021 14 0.981 16.6525 0.013999999999999999 16.267 0.0277 16.0098 0.0122 15.8941 0.0129
218.283302 -78.17008299999999 20 0.983 16.3479 0.0256 15.9436 0.0175 15.6045 0.0043 15.4806 0.0059
218.098512 -78.107624 15 0.983 16.2748 0.0186 15.745 0.0082 15.4378 0.0069 15.2979 0.0077
218.691084 -78.02674300000001 16 0.983 16.5908 0.0175 16.2544 0.0127 16.0387 0.0068 15.9717 0.0138
218.587156 -78.18129300000001 14 0.978 17.9492 0.0337 17.6727 0.0699 17.5275 0.0247 17.48 0.0369
218.88054300000002 -78.12831 21 0.983 16.4225 0.0087 16.0859 0.0095 15.8553 0.0062 15.7645 0.0044
218.899069 -78.085926 15 0.982 17.3933 0.0407 17.0007 0.0121 16.7355 0.0101 16.6933 0.0062
218.79051099999998 -78.04191 10 0.983 nan nan nan nan 16.4807 0.0072 15.7748 0.0072
218.89525600000002 -78.120253 5 0.971 nan nan nan nan 17.8341 0.01 17.7431 0.0111
218.603145 -78.181213 12 0.981 nan nan 17.5386 0.0222 17.3144 0.0061 17.2139 0.009000000000000001
218.211506 -78.15962900000001 22 0.9670000000000001 16.7043 0.0248 16.2963 0.0186 16.0664 0.0271 15.9751 0.0211
218.111344 -78.074529 7 0.975 nan nan nan nan 17.666 0.0158 17.5108 0.015
218.231681 -78.163648 26 0.985 14.0319 0.0061 13.8115 0.0065 13.6768 0.0047 13.6579 0.0052
218.907853 -78.105293 9 0.9790000000000001 nan nan nan nan 17.2132 0.0097 16.9394 0.0118
218.17913900000002 -78.047913 12 0.982 17.4189 0.013000000000000001 16.9655 0.0244 16.6866 0.0171 16.5602 0.0073
218.56644599999998 -78.183942 17 0.98 17.6809 0.0693 17.3982 0.0242 17.4366 0.0159 17.3956 0.0167
218.90239300000002 -78.081135 11 0.982 nan nan 17.7074 0.0206 16.7976 0.0073 16.4197 0.0056
218.908756 -78.088164 17 0.985 15.886 0.0302 15.3661 0.0087 14.9643 0.0054 14.7968 0.0049
218.422384 -78.183743 17 0.982 16.2632 0.0193 15.9512 0.0098 15.6891 0.0207 15.6277 0.0143
218.899905 -78.078537 16 0.982 17.2749 0.0243 16.8608 0.0118 16.6702 0.0095 16.6268 0.0073
218.213602 -78.161674 5 0.966 nan nan nan nan 17.9031 0.0373 17.6995 0.0131
218.28358300000002 -78.02732900000001 23 0.9840000000000001 14.5026 0.0104 14.2276 0.0082 14.0684 0.0054 14.023 0.0056
218.825425 -78.047358 11 0.9790000000000001 nan nan 17.5172 0.0868 17.0928 0.0073 16.8658 0.0147
218.64612599999998 -78.18002 19 0.98 16.8807 0.0252 16.4739 0.0091 16.2199 0.0141 16.1113 0.0126
218.52287599999997 -78.18536800000001 22 0.9990000000000001 11.4196 0.006999999999999999 11.093 0.0077 10.9208 0.0053 10.8815 0.0061
218.88031099999998 -78.134493 9 0.97 nan nan nan nan 17.7826 0.0265 17.2915 0.0185
218.149414 -78.146827 19 0.981 17.9113 0.1565 17.2834 0.0378 17.1216 0.0126 17.0457 0.0183
218.849602 -78.053218 6 0.958 nan nan nan nan 17.703 0.0579 17.6532 0.0151
218.085425 -78.089871 15 0.983 16.2427 0.0079 15.9393 0.0103 15.7115 0.0051 15.6491 0.0072
218.784537 -78.036978 13 0.982 17.0251 0.0546 16.8023 0.0373 16.64 0.0167 16.5833 0.0107
218.096337 -78.076808 7 0.978 nan nan nan nan 17.5865 0.0088 17.1333 0.009000000000000001
218.555767 -78.014275 4 0.963 nan nan nan nan 17.8777 0.0084 17.8516 0.0093
218.42524500000002 -78.185261 20 0.981 16.8809 0.0118 16.2131 0.0238 15.7784 0.0071 15.5752 0.0162
218.45708100000002 -78.186419 10 0.982 nan nan 17.6507 0.0311 16.5713 0.006999999999999999 16.1165 0.0167
218.91449100000003 -78.08367700000001 16 0.983 16.1862 0.008 15.8404 0.0161 15.5934 0.0081 15.5171 0.0051
218.606827 -78.184288 20 0.983 17.4225 0.0177 16.545 0.0195 15.7443 0.0066 15.444 0.0092
218.0966 -78.12624699999999 8 0.963 nan nan nan nan 17.9309 0.0135 17.5992 0.0095
218.282464 -78.17503599999999 15 0.9790000000000001 17.8228 0.1029 17.5491 0.0442 17.3421 0.0188 17.3035 0.0132
218.885127 -78.136764 8 0.978 nan nan 17.8691 0.0155 17.6928 0.0173 17.6238 0.0288
218.164106 -78.046763 7 0.9740000000000001 nan nan 17.7528 0.0286 17.4292 0.0265 17.3019 0.0173
218.91546200000002 -78.118212 18 0.983 16.7047 0.0096 16.3353 0.0215 16.105999999999998 0.009000000000000001 16.0194 0.0152
218.47342000000003 -78.18741800000001 17 0.983 16.2659 0.0129 15.8802 0.0163 15.6446 0.0061 15.5705 0.0104
218.07709300000002 -78.109628 16 0.982 16.2521 0.0124 15.8648 0.0244 15.6139 0.0096 15.5485 0.009000000000000001
218.11505400000001 -78.062937 13 0.982 17.493 0.0862 17.0755 0.0132 16.7326 0.006 16.6039 0.0215
218.250054 -78.17126400000001 8 0.9640000000000001 nan nan nan nan 17.9116 0.027999999999999997 17.8282 0.0294
218.647831 -78.182446 18 0.983 17.0757 0.0364 16.8024 0.0316 16.541 0.006 16.4602 0.0077
218.920998 -78.115309 6 0.98 nan nan 17.523 0.0215 16.7895 0.0162 16.52 0.0093
218.49417799999998 -78.188164 16 0.983 18.0225 0.0276 16.9872 0.0358 16.1587 0.0078 15.8203 0.0054
218.581448 -78.013386 13 0.982 17.3257 0.0131 17.0151 0.0234 16.7788 0.0119 16.7362 0.0092
218.919201 -78.081981 5 0.973 nan nan nan nan 17.7202 0.0354 17.6307 0.0161
218.083085 -78.079654 6 0.95 nan nan nan nan 18.0875 0.0135 17.8697 0.0345
218.88712 -78.062156 5 0.965 nan nan nan nan 18.0488 0.0106 17.9971 0.0104
218.07245 -78.092791 14 0.983 17.105999999999998 0.0095 16.8222 0.0093 16.5243 0.0106 16.4361 0.0132
218.606865 -78.014302 12 0.98 17.7402 0.0118 17.4338 0.023 17.2225 0.0358 17.1945 0.0227
218.16764300000003 -78.04409100000001 13 0.982 16.8292 0.0469 16.3759 0.0223 16.0367 0.0092 15.91 0.0079
218.77305800000002 -78.16854000000001 16 0.98 17.7018 0.1346 17.3568 0.0265 17.141 0.0067 17.0823 0.0129
218.218121 -78.033146 13 0.9790000000000001 17.9229 0.0126 17.6165 0.0539 17.3991 0.0092 17.3049 0.0112
218.926083 -78.11424 21 0.983 16.0192 0.0137 15.5845 0.0125 15.2756 0.0317 15.1582 0.0086
218.30035800000002 -78.021016 9 0.981 nan nan 17.7442 0.0537 17.2144 0.0069 16.8619 0.0139
218.293212 -78.178374 8 0.975 nan nan nan nan 17.6096 0.0167 17.3834 0.0087
218.385039 -78.185994 7 0.9570000000000001 nan nan 17.551 0.0234 17.4889 0.0105 17.2957 0.0271
218.090928 -78.129486 14 0.98 17.554000000000002 0.0244 17.0858 0.0597 16.6176 0.0113 16.4205 0.0124
218.119565 -78.05753399999999 12 0.9670000000000001 17.8862 0.0664 17.2221 0.0226 17.0154 0.0139 16.8406 0.0299
218.277435 -78.176988 10 0.973 nan nan nan nan 17.6973 0.0089 17.4369 0.0282
218.55692000000002 -78.011107 10 0.9840000000000001 nan nan 14.1246 0.0105 13.9138 0.0074 13.8402 0.0068
218.08193300000002 -78.07517800000001 14 0.983 16.8956 0.0388 16.5675 0.0096 16.3567 0.0106 16.2986 0.009000000000000001
218.104466 -78.062322 13 0.982 17.6626 0.0142 17.2441 0.0129 17.0456 0.0072 16.9764 0.0141
218.24653700000002 -78.026843 8 0.966 nan nan nan nan 17.7508 0.0091 17.6514 0.0231
218.28493999999998 -78.021759 9 0.975 nan nan nan nan 17.6722 0.0222 17.5094 0.0256
218.30962000000002 -78.18119399999999 9 0.973 nan nan nan nan 17.71 0.034 17.5773 0.0282
218.93396299999998 -78.111364 18 0.985 15.9579 0.0116 15.6485 0.0103 15.4046 0.0064 15.312999999999999 0.006999999999999999
218.174573 -78.160691 19 0.982 17.0039 0.0227 16.5904 0.0102 16.3625 0.0063 16.2628 0.0103
218.600175 -78.012049 18 0.983 16.1366 0.0254 15.7914 0.0237 15.5871 0.0061 15.52 0.0096
218.614698 -78.18735799999999 14 0.981 17.5649 0.0097 17.2124 0.0268 17.0264 0.0168 16.9581 0.0073
218.724684 -78.022243 9 0.981 17.2567 0.023 17.1476 0.013000000000000001 16.9236 0.0099 16.8286 0.0088
218.677819 -78.01691 18 0.983 16.531 0.0129 16.031 0.0331 15.6482 0.0051 15.4678 0.0047
218.586706 -78.01090500000001 8 0.9740000000000001 nan nan nan nan 17.7949 0.0424 17.2516 0.0428
218.940744 -78.095174 13 0.98 17.7098 0.0377 17.4285 0.0167 17.2382 0.0071 17.1403 0.0084
218.512207 -78.19104499999999 15 0.983 17.1945 0.0294 16.9142 0.0179 16.6537 0.0062 16.6092 0.0173
218.06224500000002 -78.087239 9 0.9740000000000001 nan nan nan nan 17.8346 0.0205 17.6327 0.0365
218.74938500000002 -78.024674 16 0.983 16.2052 0.0199 15.7515 0.0264 15.4695 0.0082 15.3517 0.0061
218.67693799999998 -78.183785 14 0.98 nan nan 17.4764 0.025 16.9309 0.0155 16.6426 0.0081
218.9439 -78.09910699999999 14 0.982 17.6617 0.0295 17.2431 0.0296 17.0952 0.0122 16.9866 0.0093
218.315803 -78.01675 19 0.985 14.4871 0.0074 14.1501 0.0061 13.9374 0.0053 13.872 0.0047
218.61060299999997 -78.1887 12 0.983 nan nan 17.4618 0.0147 16.3878 0.0058 15.9466 0.0063
218.91710099999997 -78.132355 29 0.9840000000000001 15.1842 0.0098 14.9198 0.0076 14.7337 0.0053 14.686 0.0044
218.495567 -78.00810600000001 9 0.982 17.3373 0.0301 16.6765 0.0096 16.1402 0.0117 15.8931 0.0151
218.90912400000002 -78.1374 29 0.9840000000000001 14.0921 0.0071 13.7135 0.0074 13.4899 0.0107 13.4011 0.0151
218.054304 -78.107497 9 0.9740000000000001 nan nan nan nan 17.7465 0.0113 17.4243 0.0313
218.212929 -78.17084399999999 26 0.9840000000000001 15.033 0.0069 14.6473 0.0055 14.3923 0.0043 14.2997 0.005
218.082716 -78.066409 10 0.977 nan nan nan nan 17.4789 0.0255 17.3053 0.0274
218.23436 -78.1747 17 0.983 17.0934 0.0265 16.6985 0.0193 16.4598 0.0069 16.3753 0.0055
218.51993199999998 -78.007538 12 0.9520000000000001 17.6827 0.0322 17.3466 0.042 17.1721 0.0177 17.1537 0.0205
218.59726099999997 -78.009653 4 0.96 nan nan nan nan 17.9409 0.01 17.8338 0.0116
218.898957 -78.057249 12 0.9570000000000001 16.9959 0.0127 16.6311 0.0093 16.4013 0.0347 16.3115 0.012
218.28480699999997 -78.182213 24 0.983 15.9366 0.0126 15.6012 0.0113 15.3771 0.0046 15.3126 0.0089
218.064126 -78.074485 11 0.977 17.9117 0.0204 17.6874 0.083 17.4703 0.0104 17.3832 0.018000000000000002
218.60938199999998 -78.190838 17 0.982 17.4704 0.0977 16.9786 0.0108 16.6192 0.0078 16.4862 0.0099
218.76783999999998 -78.17589699999999 18 0.982 17.3367 0.0145 17.0424 0.0333 16.7766 0.0084 16.6731 0.0052
218.297302 -78.016115 16 0.982 16.939 0.0194 16.5722 0.0319 16.2434 0.0127 16.127 0.0065
218.10619300000002 -78.147209 18 0.983 15.7117 0.0128 15.4224 0.0084 15.2744 0.0047 15.2229 0.0062
218.224241 -78.174888 7 0.975 nan nan nan nan 17.8126 0.0092 17.6881 0.0536
218.070925 -78.068715 7 0.963 nan nan nan nan 17.9306 0.0166 17.8322 0.057999999999999996
218.11194700000001 -78.050938 9 0.983 17.1276 0.0416 16.7049 0.012 16.4349 0.0089 16.308 0.0384
218.810954 -78.16897800000001 17 0.982 17.7899 0.0864 17.2303 0.0399 17.0134 0.0064 16.8881 0.0098
218.956404 -78.10364100000001 18 0.9840000000000001 15.5751 0.0161 15.2299 0.0094 14.9886 0.006 14.9142 0.0048
218.95042599999996 -78.117121 12 0.98 nan nan nan nan 17.3311 0.0091 17.009 0.0104
218.482529 -78.005576 5 0.9790000000000001 15.3029 0.0134 14.953 0.0171 14.6982 0.0165 14.6426 0.0174
218.472807 -78.00564399999999 22 0.99 11.8381 0.0062 11.5643 0.0063 11.3878 0.0082 11.3297 0.008
218.421042 -78.006606 6 0.973 nan nan 17.7538 0.02 17.4987 0.0083 17.4357 0.0133
218.943321 -78.125776 9 0.966 nan nan nan nan 17.7108 0.0545 17.3966 0.0204
218.18477599999997 -78.03101 17 0.983 17.5226 0.0166 16.9918 0.0402 16.7336 0.0072 16.6241 0.0101
218.65212000000002 -78.01025899999999 15 0.982 17.1676 0.0109 16.9021 0.0282 16.7086 0.0132 16.6599 0.0168
218.56656600000002 -78.194124 21 0.983 16.26 0.0228 15.8768 0.006999999999999999 15.627 0.0058 15.5428 0.0112
218.27949900000002 -78.183738 22 0.983 16.6812 0.0271 16.004 0.0185 15.4966 0.0042 15.2799 0.0058
218.317659 -78.18753199999999 21 0.986 14.4126 0.0146 14.1008 0.0083 13.9037 0.0047 13.829 0.0076
218.576429 -78.194023 4 0.97 nan nan nan nan 17.8332 0.0085 17.6759 0.0116
218.799539 -78.027536 21 0.99 13.6059 0.0061 13.0475 0.0079 12.6434 0.0053 12.4581 0.0044
218.17127000000002 -78.16733 28 0.9840000000000001 14.8861 0.0064 14.6567 0.0102 14.5088 0.0045 14.4715 0.0059
218.0985 -78.052678 9 0.983 16.3813 0.0357 16.0062 0.0084 15.7685 0.0093 15.7572 0.0104
218.042861 -78.084846 14 0.982 17.0183 0.0318 16.6629 0.0135 16.4798 0.0073 16.4024 0.0103
218.875782 -78.156367 10 0.976 nan nan nan nan 17.4353 0.0079 17.0707 0.0134
218.38491499999998 -78.007334 7 0.98 nan nan 17.6823 0.0231 17.3633 0.0102 17.2823 0.0316
218.348492 -78.19074499999999 14 0.9840000000000001 16.3362 0.0131 15.4204 0.0079 14.5153 0.0051 14.1504 0.0056
218.96478199999999 -78.104886 15 0.983 16.7762 0.0204 16.4381 0.0153 16.2924 0.0068 16.2733 0.0099
218.06456 -78.134455 12 0.982 nan nan 17.5848 0.0371 17.0849 0.0079 16.8811 0.0195
218.29749500000003 -78.01346 13 0.977 17.8856 0.0185 17.5175 0.1449 17.4469 0.0303 17.424 0.0196
218.96385899999999 -78.088821 18 0.9890000000000001 15.6026 0.0187 15.1244 0.012 14.8074 0.0048 14.6963 0.0044
218.117848 -78.155693 18 0.983 16.2261 0.0164 15.8323 0.0197 15.5666 0.0052 15.4445 0.0059
218.803496 -78.17375899999999 16 0.983 17.5988 0.0406 16.8525 0.0122 16.2498 0.0124 15.9869 0.0059
218.816058 -78.171521 16 0.982 17.9136 0.0356 17.3271 0.0225 16.8446 0.0102 16.6459 0.0098
218.97036 -78.099674 6 0.95 nan nan nan nan 18.069000000000003 0.01 17.5457 0.0204
218.257646 -78.183274 18 0.982 17.692999999999998 0.0174 17.3848 0.0253 16.8724 0.0087 16.7067 0.017
218.965483 -78.11510799999999 23 0.983 15.4402 0.0125 15.115 0.0054 14.9112 0.0084 14.8283 0.005
218.03842999999998 -78.080854 10 0.9790000000000001 nan nan 17.8686 0.0302 17.570999999999998 0.0119 17.5114 0.0179
218.80957999999998 -78.173636 20 0.983 17.1258 0.0255 16.5646 0.0271 16.2462 0.0098 16.0839 0.0093
218.077593 -78.144041 6 0.97 nan nan nan nan 17.825 0.0083 17.7352 0.0113
218.92282000000003 -78.05662 8 0.9670000000000001 16.6883 0.0133 16.3879 0.0096 16.1086 0.0386 16.0542 0.008
218.067836 -78.139986 7 0.9670000000000001 nan nan 18.0108 0.059000000000000004 17.8722 0.0167 17.7936 0.0153
218.97181099999997 -78.107685 6 0.9620000000000001 nan nan 17.6985 0.0332 17.9512 0.023 17.8804 0.0187
218.973723 -78.09575699999999 16 0.982 17.5527 0.0132 17.0414 0.0127 16.5315 0.0058 16.3778 0.0056
218.699852 -78.188785 12 0.982 17.7745 0.0213 17.3281 0.0192 17.0478 0.0187 16.8809 0.0095
218.855977 -78.03525400000001 14 0.981 17.8076 0.0446 17.2891 0.0136 16.8959 0.0169 16.7266 0.0067
218.300579 -78.189357 6 0.971 nan nan nan nan 17.7638 0.0109 17.6527 0.0179
218.971508 -78.082995 9 0.975 nan nan nan nan 17.5702 0.0142 17.1528 0.013000000000000001
218.360262 -78.005297 9 0.982 17.0726 0.0131 16.9492 0.0206 16.9041 0.0105 16.8532 0.0074
218.076588 -78.053375 9 0.978 17.7697 0.0137 17.3781 0.1262 17.302 0.0144 17.2415 0.0126
218.811583 -78.175703 10 0.973 nan nan 17.673 0.0375 17.4845 0.0111 17.2855 0.0156
218.86333599999998 -78.165213 18 0.983 16.5336 0.0129 16.2316 0.0066 16.0011 0.0054 15.9153 0.0059
218.018621 -78.100613 15 0.983 17.3874 0.0188 16.8486 0.0246 16.4889 0.0064 16.3187 0.0071
218.97723100000002 -78.114267 21 0.981 17.1109 0.0104 16.8163 0.0109 16.6364 0.009000000000000001 16.5676 0.0076
218.518537 -78.000671 14 0.983 17.0611 0.09300000000000001 16.654 0.0202 16.3845 0.024 16.3259 0.0063
218.02145299999998 -78.08677 11 0.982 nan nan nan nan 17.0786 0.0168 16.7151 0.0135
218.675993 -78.193146 14 0.9790000000000001 17.8229 0.1117 17.3814 0.0148 17.1652 0.0241 17.133 0.0222
218.60463399999998 -78.197829 18 0.983 15.7424 0.0069 15.2814 0.0098 15.032 0.0074 14.913 0.0059
218.862617 -78.033506 4 0.956 nan nan nan nan 18.1284 0.0282 17.8299 0.0133
218.689451 -78.007712 2 0.966 nan nan nan nan 17.9537 0.0138 17.8323 0.0255
218.582911 -78.199025 4 0.9540000000000001 nan nan nan nan 18.1046 0.035 18.0564 0.0324
218.547052 -78.200032 7 0.977 nan nan 17.6272 0.0244 17.345 0.0103 17.1748 0.0087
218.910062 -78.154677 9 0.98 nan nan nan nan 17.3452 0.0163 16.9818 0.036000000000000004
218.890515 -78.161381 7 0.976 nan nan 17.7869 0.0296 17.7151 0.0108 17.6296 0.0422
218.90823199999997 -78.044099 4 0.9690000000000001 nan nan nan nan 17.8616 0.0085 17.8537 0.0144
218.12151400000002 -78.035629 8 0.973 nan nan nan nan 17.6972 0.0119 17.5167 0.0252
218.62291299999998 -78.198385 5 0.9670000000000001 nan nan nan nan 18.0198 0.0082 17.6324 0.0222
218.90457200000003 -78.158302 15 0.983 17.7753 0.0497 17.0714 0.0362 16.5513 0.0177 16.293 0.0179
218.007417 -78.10916 11 0.982 nan nan nan nan 16.9207 0.008 16.3982 0.0134
218.883091 -78.16492099999999 9 0.977 nan nan nan nan 17.6706 0.0173 17.5092 0.0095
218.026968 -78.13064399999999 10 0.982 nan nan nan nan 17.1948 0.0137 16.8698 0.0189
218.97246299999998 -78.131025 29 0.985 15.3477 0.0062 15.0524 0.0068 14.8423 0.0044 14.7803 0.0083
218.945267 -78.145292 19 0.9520000000000001 17.2785 0.0376 16.8299 0.0097 16.4833 0.0114 16.3025 0.0098
218.97710099999998 -78.12840200000001 20 0.982 17.0927 0.018000000000000002 16.7283 0.0232 16.416 0.0132 16.3095 0.0051
218.99531800000003 -78.110043 13 0.973 17.9886 0.0149 17.6967 0.0671 17.6471 0.0235 17.5936 0.0235
218.059268 -78.052495 14 0.982 14.0771 0.0074 13.765999999999998 0.0091 13.5779 0.0066 13.5275 0.0077
218.69460499999997 -78.19475200000001 22 0.9840000000000001 14.6699 0.0081 14.3149 0.0181 14.1152 0.0076 14.0479 0.006999999999999999
218.023969 -78.069612 16 0.983 17.0167 0.0117 16.7219 0.0078 16.5144 0.0085 16.4715 0.0123
218.90579300000002 -78.160288 10 0.981 nan nan 17.6372 0.0148 17.1973 0.0088 17.0368 0.0226
218.11038900000003 -78.035205 11 0.9790000000000001 17.9067 0.0144 17.6317 0.0243 17.3677 0.0099 17.3421 0.0086
218.91962200000003 -78.043699 6 0.971 nan nan nan nan 17.6719 0.0095 17.4623 0.0198
218.24537 -78.01100100000001 25 0.9940000000000001 13.8694 0.0074 13.2515 0.0053 12.8121 0.0047 12.6052 0.0043
218.70063599999997 -78.005229 4 0.9640000000000001 nan nan nan nan 17.7701 0.0099 17.6909 0.0269
218.03204300000002 -78.138315 17 0.9840000000000001 15.7495 0.0143 15.3979 0.0063 15.1631 0.0078 15.0917 0.006999999999999999
218.127477 -78.030087 14 0.982 17.8345 0.0602 17.3577 0.0131 17.1694 0.024 17.154 0.0159
218.064018 -78.15272 14 0.983 17.2113 0.1243 16.8174 0.0086 16.5816 0.0054 16.4915 0.0174
218.511584 -78.20415799999999 5 0.96 nan nan nan nan 18.1598 0.0075 17.6836 0.0201
218.554127 -77.996404 9 0.975 17.9392 0.0404 17.8859 0.0245 17.5339 0.0193 17.5006 0.0299
219.005384 -78.098771 12 0.975 nan nan 17.6263 0.0518 17.0829 0.0146 16.8375 0.0111
218.001549 -78.118401 22 0.9840000000000001 15.1241 0.009000000000000001 14.762 0.0069 14.5217 0.0047 14.4544 0.0048
218.056171 -78.150475 12 0.982 17.526 0.0155 17.1804 0.0708 16.8962 0.0174 16.7458 0.01
218.351429 -78.19995300000001 11 0.98 17.9002 0.0364 17.4306 0.0486 17.1418 0.0084 17.0048 0.01
218.88973399999998 -78.16709399999999 12 0.981 nan nan nan nan 17.2566 0.0263 16.9106 0.024
218.987533 -78.07145899999999 16 0.9840000000000001 16.5677 0.0085 16.3144 0.0106 16.0936 0.006999999999999999 16.0136 0.0074
218.947485 -78.050498 12 0.9840000000000001 14.8143 0.0076 14.2702 0.0139 13.8688 0.0061 13.693 0.0061
218.95327000000003 -78.05275400000001 10 0.982 16.5892 0.040999999999999995 16.3778 0.0291 16.1107 0.0077 16.0535 0.0068
217.990799 -78.098915 8 0.9540000000000001 nan nan nan nan 18.0585 0.0348 17.8418 0.0996
218.775239 -78.011689 15 0.9840000000000001 17.1301 0.0147 16.5888 0.0154 16.1019 0.0076 15.8952 0.0059
218.99507000000003 -78.125608 17 0.982 17.4455 0.0167 17.1167 0.0106 16.9143 0.0079 16.8496 0.012
218.98177599999997 -78.134923 6 0.971 nan nan nan nan 17.803 0.0246 17.6838 0.011000000000000001
218.814261 -78.183008 6 0.965 nan nan nan nan 18.0183 0.0099 17.8241 0.0466
219.005561 -78.08609100000001 4 0.953 nan nan nan nan 18.0474 0.0098 17.9711 0.0206
218.99381200000002 -78.12713199999999 20 0.983 17.3947 0.0126 17.062 0.0419 16.8303 0.0065 16.7611 0.0103
218.4132 -78.203948 15 0.982 16.6582 0.0338 16.3345 0.0063 16.1283 0.006999999999999999 16.064 0.0089
218.694617 -78.002487 7 0.973 nan nan nan nan 17.7225 0.0226 17.6398 0.0235
218.860272 -78.0252 18 0.9840000000000001 16.088 0.0072 15.7662 0.017 15.602 0.0107 15.5297 0.0059
218.61646299999998 -78.20321 18 0.983 17.0418 0.0531 16.7268 0.0143 16.4555 0.0161 16.3595 0.0059
218.938702 -78.04512199999999 19 0.991 12.4158 0.0066 11.9081 0.0093 11.562000000000001 0.0074 11.4029 0.0053
218.84420699999998 -78.02131700000001 15 0.983 17.9249 0.0355 17.0225 0.0208 16.2046 0.0056 15.8615 0.0097
218.28367000000003 -78.196398 4 0.953 nan nan nan nan 18.3024 0.0523 18.3164 0.0594
218.856162 -78.17740500000001 18 0.983 16.7986 0.0247 16.3902 0.0125 16.0799 0.0078 15.9731 0.0102
218.30417400000002 -78.001261 8 0.958 nan nan nan nan 17.7586 0.0105 17.7074 0.0223
218.52786 -77.993415 6 0.971 nan nan nan nan 17.8649 0.0146 17.6881 0.025
217.99113799999998 -78.080798 8 0.9790000000000001 nan nan nan nan 17.4944 0.008 17.3583 0.023
218.310217 -78.199422 4 0.973 nan nan nan nan 17.7482 0.0098 17.5383 0.01
218.028471 -78.056072 11 0.982 17.1898 0.0099 16.5831 0.0198 16.2542 0.0119 16.098 0.0065
219.00542000000002 -78.07676 7 0.977 nan nan 17.8569 0.0275 17.6909 0.0134 17.5556 0.0095
218.35023199999998 -77.997427 5 0.97 nan nan nan nan 18.0722 0.0244 17.8351 0.0357
219.019863 -78.097666 12 0.982 17.5035 0.09699999999999999 17.3153 0.0304 17.1175 0.0121 17.1102 0.0087
218.416036 -78.205896 14 0.981 17.1724 0.0578 16.7999 0.0306 16.5571 0.0083 16.4928 0.0067
218.46681800000002 -78.207164 7 0.978 nan nan 17.5462 0.0512 17.236 0.017 17.1171 0.008
219.01855 -78.09058399999999 15 0.982 17.5095 0.0437 17.1913 0.0147 16.9572 0.0071 16.8655 0.0103
219.009484 -78.07820500000001 16 0.982 17.4578 0.0497 17.2312 0.0413 17.0149 0.0072 16.9109 0.0193
218.987473 -78.062381 9 0.981 17.6051 0.0962 17.0679 0.0187 16.9516 0.0127 16.8772 0.0113
218.23601200000002 -78.007152 18 0.983 16.6932 0.0391 16.4341 0.0263 16.2188 0.013999999999999999 16.1368 0.0096
217.98291099999997 -78.117042 5 0.95 nan nan nan nan 18.1236 0.0178 17.8507 0.0162
218.862504 -78.022349 23 0.9840000000000001 14.6153 0.0077 14.4013 0.0113 14.286 0.0054 14.2579 0.0044
219.014275 -78.120711 12 0.978 nan nan 17.4867 0.0122 17.4241 0.006999999999999999 17.3685 0.0214
218.161138 -78.01789000000001 13 0.983 nan nan 17.2334 0.036000000000000004 16.2089 0.0077 15.8066 0.0157
219.00004700000002 -78.06630899999999 15 0.982 17.4604 0.047 17.1568 0.0622 16.8725 0.0066 16.7812 0.0132
218.46370499999998 -77.991613 14 0.983 16.7337 0.0116 16.3837 0.0077 16.1339 0.0102 16.0465 0.0128
218.92698 -78.036571 5 0.96 nan nan nan nan 18.0136 0.1254 17.6497 0.0107
218.09398900000002 -78.030772 10 0.97 nan nan nan nan 17.1314 0.0226 16.5938 0.009000000000000001
218.54222400000003 -77.991404 14 0.993 15.3658 0.0638 14.9252 0.0119 14.5427 0.0071 14.3875 0.0053
218.07111899999998 -78.03663 16 0.976 17.3246 0.0591 16.955 0.0446 16.6796 0.0103 16.5981 0.006999999999999999
218.949996 -78.157593 11 0.961 nan nan nan nan 17.304000000000002 0.0418 16.8547 0.0133
218.08276099999998 -78.032996 14 0.983 17.872 0.0455 17.0754 0.0629 16.287 0.0054 16.0068 0.0071
218.38275699999997 -77.993353 10 0.983 16.6043 0.0112 16.2208 0.0085 16.0654 0.0178 15.9588 0.0117
218.10714900000002 -78.026744 15 0.983 17.3966 0.0598 16.6487 0.0262 16.0514 0.0107 15.8184 0.0054
217.980581 -78.122831 17 0.983 16.2645 0.0111 15.8905 0.0071 15.6744 0.0061 15.5716 0.0085
219.02213799999998 -78.080702 5 0.9590000000000001 nan nan nan nan 18.0919 0.0141 17.7534 0.011000000000000001
218.348329 -78.204989 13 0.982 17.2414 0.0198 16.9039 0.0161 16.7579 0.0068 16.6681 0.0143
218.77628700000002 -78.193843 12 0.977 nan nan 17.8373 0.0252 17.5945 0.0124 17.4257 0.0208
218.90213500000002 -78.172306 17 0.972 17.6005 0.0213 17.1435 0.0358 16.8145 0.0343 16.6282 0.0146
218.666371 -77.995664 18 0.983 17.2299 0.0623 16.7229 0.0121 16.4093 0.0081 16.2319 0.016
218.31871800000002 -77.99651 10 0.9790000000000001 17.8339 0.0245 17.4824 0.1008 17.1548 0.0096 17.0613 0.0094
218.34685699999997 -77.994458 5 0.98 nan nan 17.6409 0.0274 17.3195 0.0076 17.1854 0.011000000000000001
218.857189 -78.182218 13 0.981 nan nan nan nan 17.1504 0.0389 16.6234 0.0187
218.600612 -78.20840799999999 4 0.961 nan nan nan nan 18.0493 0.0179 17.8679 0.0232
218.0425 -78.157827 11 0.982 nan nan 17.7281 0.0221 16.7432 0.0088 16.3588 0.0103
218.109929 -78.024245 14 0.982 17.8125 0.012 17.449 0.0162 17.0299 0.0185 16.8665 0.0168
218.796952 -78.00794499999999 12 0.971 17.8062 0.0286 17.5863 0.1137 17.1976 0.0183 17.1346 0.0167
218.05922400000003 -78.163531 21 0.9840000000000001 14.7848 0.0063 14.3075 0.0062 13.9294 0.0048 13.7523 0.0055
217.96354300000002 -78.104998 9 0.976 nan nan nan nan 17.6746 0.0151 17.5007 0.0194
218.540039 -77.98955 10 0.983 16.5701 0.0208 16.1854 0.011000000000000001 15.9896 0.0083 15.9004 0.006
218.83331299999998 -78.01306 9 0.976 18.02 0.0265 nan nan 17.5699 0.0096 17.4409 0.0094
219.02375299999997 -78.07483 4 0.961 nan nan nan nan 18.1586 0.0112 18.101 0.0659
218.02838300000002 -78.153918 15 0.983 16.1188 0.0128 15.8015 0.0082 15.5762 0.005 15.5165 0.0056
218.219813 -78.194981 12 0.982 17.7661 0.0255 17.4027 0.0334 17.0978 0.0076 16.9818 0.0083
218.051671 -78.038785 15 0.9790000000000001 17.0692 0.0322 16.752 0.0393 16.5182 0.0075 16.4548 0.0064
218.498721 -78.211124 4 0.968 nan nan nan nan 18.0401 0.0083 18.0178 0.06
218.897136 -78.175632 9 0.971 nan nan 17.7163 0.0723 17.7234 0.0515 17.6618 0.0131
218.30212200000003 -78.203653 20 0.993 13.0794 0.006999999999999999 12.8127 0.0104 12.6783 0.0047 12.638 0.0053
218.74987400000003 -78.00139399999999 16 0.9840000000000001 16.2018 0.0161 15.8771 0.0253 15.6796 0.0119 15.592 0.0095
218.06421400000002 -78.166442 8 0.977 nan nan nan nan 17.724 0.0419 17.6138 0.0081
218.30943599999998 -77.995465 5 0.953 nan nan nan nan 17.8288 0.0091 17.8124 0.0274
219.041296 -78.10907900000001 14 0.981 17.744 0.0159 17.5299 0.0298 17.1965 0.0262 17.1471 0.0095
217.96717400000003 -78.078517 17 0.983 16.657 0.0077 16.2815 0.0181 15.9911 0.0079 15.8901 0.0099
218.349183 -77.992135 6 0.956 nan nan nan nan 17.6568 0.0125 17.5122 0.0226
219.021991 -78.132571 12 0.9840000000000001 nan nan 17.6484 0.0237 16.4451 0.0169 15.9408 0.0052
217.974819 -78.070552 5 0.972 nan nan nan nan 17.8599 0.008 17.8621 0.0101
218.421783 -77.988761 5 0.9670000000000001 nan nan nan nan 17.590999999999998 0.0102 17.5479 0.0203
217.97665099999998 -78.06872 6 0.9540000000000001 nan nan nan nan 18.1654 0.0128 17.7081 0.016
219.027248 -78.070942 15 0.983 17.3842 0.0118 16.9344 0.0312 16.7411 0.0074 16.6384 0.0121
218.78454700000003 -78.003914 9 0.977 nan nan 17.7073 0.0299 17.4791 0.0221 17.3798 0.0368
218.621677 -78.210001 12 0.983 17.7431 0.0205 17.0454 0.0246 16.5822 0.01 16.4131 0.0065
218.815795 -78.007976 10 0.9790000000000001 nan nan 17.8141 0.055999999999999994 17.4892 0.0485 17.4897 0.0359
217.95057200000002 -78.097832 8 0.971 nan nan nan nan 17.8339 0.0111 17.6488 0.0406
218.97608799999998 -78.043768 23 0.986 13.446 0.008 13.2694 0.0082 13.1762 0.0053 13.1743 0.0044
218.21491600000002 -78.19717800000001 9 0.978 nan nan nan nan 17.522000000000002 0.0146 17.3791 0.0364
218.06847000000002 -78.17075600000001 6 0.9690000000000001 nan nan nan nan 17.8644 0.011000000000000001 17.6603 0.0184
218.21944700000003 -78.00235 6 0.963 nan nan nan nan 17.9692 0.0241 17.7551 0.011000000000000001
218.969367 -78.160088 14 0.982 17.8258 0.0591 17.3371 0.0113 17.0856 0.0083 16.9248 0.0125
218.705625 -77.99440799999999 10 0.98 17.8623 0.0286 17.4062 0.0714 17.1827 0.0146 17.1102 0.0367
217.963004 -78.073309 12 0.973 17.8206 0.0181 17.5874 0.1713 17.0765 0.0137 16.9589 0.0165
218.584726 -78.212925 15 0.9840000000000001 15.5946 0.0131 15.1952 0.0133 14.9198 0.0053 14.8114 0.0062
217.973935 -78.13637800000001 19 0.983 17.1223 0.019 16.6867 0.0257 16.4461 0.008 16.3653 0.0083
218.379612 -77.988421 9 0.983 16.8955 0.0184 16.5789 0.022000000000000002 16.3473 0.0081 16.2504 0.0134
218.955798 -78.16591600000001 27 0.983 15.0949 0.0078 14.835 0.0058 14.6688 0.0043 14.6171 0.0052
217.968536 -78.066652 11 0.983 nan nan 17.4919 0.0821 16.7242 0.0102 16.4182 0.0062
219.04422799999998 -78.12423199999999 13 0.98 nan nan 17.5665 0.0155 17.2518 0.0139 17.0216 0.0198
219.036205 -78.131295 4 0.961 nan nan nan nan 18.0835 0.0088 17.965 0.044000000000000004
218.426712 -78.213976 17 0.983 15.2571 0.0063 14.9457 0.0065 14.7967 0.0074 14.7312 0.0074
218.90299900000002 -78.179755 17 0.983 17.059 0.0113 16.4733 0.0099 16.0819 0.0052 15.9098 0.0095
218.087398 -78.022935 14 0.958 17.5345 0.0253 17.2507 0.0109 17.0668 0.0472 17.0232 0.0269
217.969631 -78.064611 16 0.983 17.2429 0.0155 16.8611 0.0375 16.577 0.0072 16.517 0.0212
218.09834700000002 -78.180242 14 0.982 17.3318 0.1288 17.0519 0.0121 16.7988 0.0144 16.7144 0.0082
217.999839 -78.048919 15 0.983 15.7354 0.0095 15.4594 0.0106 15.2642 0.0063 15.2107 0.0145
219.058116 -78.09326999999999 12 0.98 17.7075 0.0326 17.5072 0.0253 17.3469 0.0101 17.2571 0.0106
217.948169 -78.081724 16 0.985 15.4727 0.0125 14.9707 0.0066 14.574000000000002 0.0056 14.44 0.0068
217.947968 -78.119603 5 0.968 nan nan nan nan 17.9741 0.0215 17.9756 0.0102
218.117538 -78.015831 9 0.971 nan nan 17.9657 0.0524 17.8394 0.0263 17.754 0.0118
217.964198 -78.13545500000001 18 0.983 17.3932 0.0142 16.8606 0.0116 16.5374 0.0112 16.3823 0.0066
217.946184 -78.07974 9 0.982 nan nan nan nan 16.9815 0.027000000000000003 16.5902 0.0196
218.016346 -78.15981500000001 16 0.98 17.3618 0.0564 17.0104 0.0126 16.7078 0.0101 16.5883 0.0264
219.03319199999999 -78.137966 12 0.981 nan nan 17.7002 0.0125 17.3798 0.0077 17.2599 0.0086
217.93669599999998 -78.101793 17 0.983 17.199 0.0183 16.8363 0.0165 16.5412 0.0064 16.4595 0.0113
218.58106600000002 -78.215141 13 0.983 17.0273 0.0125 16.5779 0.0268 16.2553 0.0132 16.176 0.0167
219.05698999999998 -78.119737 10 0.978 nan nan nan nan 17.4258 0.0145 17.119 0.0125
219.01951400000002 -78.146176 9 0.977 nan nan 17.8855 0.0169 17.575 0.0115 17.4666 0.0262
218.89250800000002 -78.18404 11 0.981 nan nan 17.6522 0.0344 17.244 0.0106 17.0369 0.006999999999999999
218.28807200000003 -78.208102 8 0.981 nan nan nan nan 17.214000000000002 0.0252 16.778 0.0068
217.967907 -78.061088 17 0.9840000000000001 16.5842 0.0248 16.2688 0.0105 16.0031 0.0054 15.9225 0.015
218.336436 -78.21166600000001 4 0.976 nan nan nan nan 17.6365 0.0172 17.1574 0.0447
218.99033599999999 -78.041949 23 0.9840000000000001 14.7337 0.0065 14.4197 0.0063 14.196 0.0047 14.1341 0.0048
219.027256 -78.14346 20 0.9840000000000001 15.6945 0.0185 15.2041 0.008 14.8118 0.0049 14.6438 0.0044
218.95322799999997 -78.170865 20 0.981 17.0255 0.0496 16.5742 0.03 16.3326 0.0061 16.2251 0.0202
218.72696299999998 -77.99246600000001 13 0.983 15.8538 0.0101 15.5043 0.0106 15.2943 0.0084 15.2153 0.0061
217.986979 -78.049591 6 0.971 nan nan nan nan 17.4786 0.0199 17.1131 0.037000000000000005
218.965927 -78.032915 26 0.9840000000000001 15.033 0.0106 14.8192 0.0179 14.6818 0.0047 14.6621 0.0045
218.88288300000002 -78.01330300000001 16 0.982 17.6361 0.0634 17.0995 0.011000000000000001 16.7744 0.0057 16.6465 0.0103
218.957833 -78.030375 7 0.9790000000000001 nan nan nan nan 17.4083 0.0118 17.1565 0.0143
219.06878500000002 -78.10948 22 0.9840000000000001 15.1078 0.0288 14.6731 0.0216 14.3781 0.0081 14.2612 0.0054
219.05837799999998 -78.07615200000001 8 0.971 nan nan nan nan 17.9041 0.0335 17.7923 0.0253
219.045008 -78.065434 20 0.985 15.085999999999999 0.0092 14.7677 0.011000000000000001 14.5508 0.0081 14.4908 0.0059
218.85918900000001 -78.008679 11 0.977 nan nan 17.64 0.0379 17.3946 0.0158 17.2642 0.0276
218.976652 -78.16575 13 0.953 nan nan 17.7504 0.0475 17.4141 0.0342 17.1987 0.0331
217.928419 -78.107109 17 0.982 15.8672 0.0145 15.3462 0.0079 14.9313 0.0052 14.7558 0.0064
217.97375899999997 -78.147791 15 0.98 17.9113 0.0351 17.771 0.015 17.3611 0.0172 17.1889 0.0114
218.02765699999998 -78.03262600000001 24 0.985 14.6763 0.0215 14.4623 0.0065 14.3216 0.0047 14.2874 0.0078
218.082162 -78.017623 4 0.9620000000000001 nan nan nan nan 18.1494 0.0189 18.0256 0.0977
218.06441 -78.179148 13 0.982 17.846 0.0664 17.4541 0.037000000000000005 17.192 0.0092 17.1333 0.0184
218.807837 -77.99868199999999 8 0.9790000000000001 nan nan 17.7742 0.0324 17.4781 0.0077 17.4465 0.0168
219.00246600000003 -78.039979 4 0.9620000000000001 nan nan nan nan 17.9533 0.0563 17.8726 0.0604
218.47980800000002 -78.219918 12 0.985 14.3621 0.0075 13.6562 0.0082 13.2407 0.0082 13.0233 0.008
218.00841 -78.03619599999999 9 0.976 nan nan nan nan 17.6791 0.028999999999999998 17.6032 0.0511
219.05732400000002 -78.065894 11 0.98 17.5358 0.0866 17.2101 0.0563 16.9706 0.0184 16.8577 0.0192
218.67493900000002 -78.214625 18 0.992 12.0314 0.0109 11.7388 0.0063 11.562000000000001 0.0076 11.5056 0.0111
219.029839 -78.050302 11 0.978 17.4915 0.0376 17.2136 0.0109 16.9319 0.0121 16.8451 0.012
217.916646 -78.104024 15 0.982 16.7432 0.0118 16.3657 0.0152 16.0742 0.0063 15.9897 0.0086
218.994445 -78.036456 9 0.976 nan nan nan nan 17.4718 0.0169 17.1677 0.0064
218.378573 -78.217906 12 0.977 13.6271 0.0294 13.4517 0.0363 13.3204 0.0395 13.3181 0.048
218.31612400000003 -77.985646 15 0.983 15.9642 0.008 15.3372 0.0075 14.8878 0.0048 14.6839 0.006
217.915315 -78.10171600000001 24 0.9840000000000001 14.7019 0.0061 14.3225 0.0062 14.0313 0.0047 13.9345 0.0051
218.032317 -78.172816 13 0.983 17.6145 0.0159 16.9501 0.013999999999999999 16.44 0.0101 16.2341 0.0069
217.97766099999998 -78.155313 20 0.983 16.6772 0.0123 16.3116 0.0102 16.0826 0.0057 15.9915 0.0052
219.07547200000002 -78.123571 15 0.9740000000000001 nan nan 17.3782 0.011000000000000001 16.9098 0.019 16.6846 0.0205
219.068377 -78.070738 5 0.966 nan nan nan nan 18.015 0.0234 17.9999 0.0108
218.969523 -78.172933 5 0.9590000000000001 nan nan nan nan 18.06 0.0419 17.9641 0.0116
218.578564 -77.980052 14 0.985 15.0352 0.0075 14.4005 0.0064 13.9217 0.0078 13.7095 0.0047
218.94861400000002 -78.022132 16 0.985 16.0057 0.0141 15.6631 0.0078 15.437999999999999 0.0064 15.3591 0.0079
217.951356 -78.057055 14 0.981 17.6381 0.0147 17.1824 0.017 16.8801 0.0083 16.7707 0.0166
219.02048399999998 -78.044151 23 0.985 15.2068 0.0064 14.9096 0.0108 14.6715 0.0048 14.6091 0.0043
219.086908 -78.110872 18 0.983 16.1905 0.0218 15.8989 0.0074 15.6621 0.0063 15.5947 0.0094
218.04100899999997 -78.176506 5 0.9620000000000001 nan nan nan nan 17.9305 0.0099 17.5817 0.012
218.344018 -78.217252 9 0.983 16.0099 0.0161 15.3914 0.009000000000000001 15.0112 0.0103 14.8268 0.0076
219.08851600000003 -78.091188 15 0.983 16.4205 0.0091 16.1505 0.0162 15.9215 0.0064 15.8502 0.0074
218.22952999999998 -77.991754 15 0.992 11.3573 0.0074 10.5395 0.0078 9.9473 0.0075 9.6522 0.0112
218.561534 -77.978714 11 0.9990000000000001 13.4495 0.0105 12.677999999999999 0.0077 nan nan 11.8499 0.0101
217.916631 -78.080174 22 0.996 13.8108 0.0064 13.2566 0.0061 12.8703 0.0047 12.7055 0.0049
218.861113 -78.003435 9 0.977 nan nan nan nan 17.5527 0.0157 17.2594 0.0466
218.516584 -77.97787199999999 5 0.966 nan nan nan nan 17.8308 0.0117 17.7455 0.0147
218.660936 -77.982291 12 0.983 nan nan 17.4067 0.0133 16.5094 0.0075 16.129 0.0053
218.60880600000002 -78.220291 4 0.9790000000000001 nan nan nan nan 17.6449 0.0158 17.5178 0.0097
217.979845 -78.04150899999999 21 0.983 15.4083 0.0062 15.07 0.0126 14.8718 0.0083 14.7899 0.0075
219.07484300000002 -78.13140200000001 4 0.97 nan nan nan nan 17.944000000000003 0.0105 17.9192 0.0292
218.80005099999997 -78.205945 4 0.955 nan nan nan nan 18.0535 0.0632 17.89 0.0277
218.966017 -78.17645 18 0.982 17.4817 0.0503 17.2763 0.0367 16.9403 0.0224 16.7839 0.0119
218.64608700000002 -77.981215 8 0.9740000000000001 nan nan 17.9817 0.0266 17.534000000000002 0.0281 17.3114 0.0123
219.061071 -78.059945 5 0.9520000000000001 nan nan nan nan 17.8384 0.0722 17.5555 0.0221
218.061752 -78.183291 12 0.98 17.7388 0.0609 17.4242 0.0171 17.1317 0.0106 16.9989 0.0073
218.323279 -77.98291800000001 15 0.98 14.9347 0.0154 14.3843 0.0199 14.0203 0.0334 13.8588 0.0337
219.090927 -78.116226 9 0.968 nan nan nan nan 17.8135 0.0152 17.5643 0.0358
219.095984 -78.10195 15 0.982 17.2858 0.0489 16.9078 0.0209 16.7077 0.0241 16.5679 0.006
218.551671 -78.222607 17 0.985 14.0153 0.0074 13.6144 0.0062 13.347000000000001 0.0061 13.2418 0.0061
218.777331 -78.20920799999999 21 0.983 15.5499 0.0063 15.2572 0.01 15.0699 0.0045 15.0151 0.0075
218.30435 -78.216652 9 0.982 17.3248 0.0131 17.0364 0.0126 16.777 0.0277 16.6678 0.0087
218.622717 -77.97926 25 0.987 13.3263 0.0061 12.9692 0.0053 12.7727 0.0053 12.7036 0.005
218.75921400000001 -78.21157099999999 2 0.953 nan nan nan nan 18.3126 0.017 18.0152 0.0194
218.290055 -78.215918 9 0.983 16.8097 0.02 16.4889 0.018000000000000002 16.2598 0.0155 16.1957 0.0076
218.34270899999999 -78.219397 2 0.978 nan nan nan nan 17.6503 0.0113 17.546 0.0164
219.084266 -78.12942 8 0.9690000000000001 nan nan nan nan 17.6936 0.0268 17.1465 0.0258
218.85539300000002 -78.00001999999999 24 0.993 12.6963 0.0061 12.4563 0.0054 12.3154 0.0053 12.2739 0.0044
217.98890699999998 -78.034643 8 0.9670000000000001 nan nan nan nan 17.8676 0.0112 17.6525 0.0144
219.05266400000002 -78.15039200000001 12 0.9740000000000001 nan nan nan nan 17.5991 0.02 17.2824 0.0109
217.966002 -78.042603 6 0.9670000000000001 nan nan nan nan 17.6478 0.0469 17.1748 0.0187
217.911429 -78.07291500000001 25 0.9840000000000001 15.4283 0.0107 15.0872 0.0079 14.8496 0.0051 14.7773 0.0047
219.00587000000002 -78.032493 8 0.968 nan nan nan nan 17.8927 0.0194 17.2454 0.026000000000000002
219.099606 -78.08595 15 0.982 17.262 0.046 17.0191 0.0286 16.7619 0.0068 16.7206 0.0213
218.220469 -78.210536 4 0.958 nan nan nan nan 18.0054 0.0164 17.8632 0.0163
217.906286 -78.123672 14 0.98 17.5912 0.0327 17.6001 0.1001 17.2847 0.0102 17.1823 0.0198
218.736839 -78.214814 5 0.978 nan nan nan nan 17.5976 0.0301 17.4653 0.0575
218.53395299999997 -78.224488 6 0.981 nan nan nan nan 17.1951 0.0182 16.7944 0.0176
218.08452200000002 -78.191001 11 0.95 17.8772 0.0222 17.625 0.0225 17.3803 0.0144 17.1681 0.011000000000000001
218.62721299999998 -78.222016 2 0.9640000000000001 nan nan nan nan 18.0498 0.0129 17.7633 0.0287
218.144015 -78.20115899999999 15 0.983 17.4463 0.0178 16.7534 0.0243 16.3787 0.0148 16.2036 0.0055
217.958731 -78.044657 10 0.98 16.8178 0.0576 16.1762 0.0083 15.7623 0.0074 15.5928 0.0059
218.414684 -77.976329 4 0.972 nan nan nan nan 17.5194 0.0092 17.4114 0.009000000000000001
219.09082400000003 -78.07264599999999 16 0.982 17.1 0.0265 16.7468 0.019 16.5089 0.0071 16.4731 0.0155
219.096217 -78.077525 21 0.9840000000000001 15.3813 0.009000000000000001 14.9965 0.0054 14.7524 0.0052 14.6699 0.0067
219.044017 -78.156511 28 0.985 14.7635 0.0053 14.3805 0.0049 14.1598 0.0043 14.0818 0.004
218.14151 -77.998925 6 0.9740000000000001 nan nan nan nan 17.7076 0.0092 17.5366 0.0245
219.094608 -78.07406800000001 6 0.976 nan nan nan nan 17.7435 0.0181 17.5656 0.0287
218.30519500000003 -77.981189 17 0.9990000000000001 11.0537 0.0074 10.8241 0.0066 10.7165 0.0074 10.6894 0.0061
218.79441 -78.210047 11 0.981 nan nan 17.7189 0.034 16.9787 0.0161 16.6884 0.0146
219.08269700000002 -78.13724 22 0.982 16.495 0.0078 16.202 0.0132 15.964 0.0148 15.8939 0.0115
218.854543 -78.202508 6 0.9690000000000001 nan nan nan nan 17.8062 0.0079 17.6097 0.0325
217.889581 -78.09215 10 0.9790000000000001 nan nan 17.7239 0.0195 17.4426 0.0157 17.2218 0.0215
218.07892999999999 -78.00868 9 0.973 nan nan nan nan 17.6954 0.0096 17.5853 0.0472
217.98240299999998 -78.16788299999999 10 0.977 nan nan 17.7374 0.0177 17.5446 0.0068 17.3669 0.0105
219.110373 -78.11086800000001 4 0.958 nan nan nan nan 18.086 0.0218 17.9851 0.0172
218.226506 -78.21327 11 0.982 17.4093 0.0264 16.965 0.0086 16.7503 0.0144 16.6688 0.0177
218.715664 -78.21842 3 0.973 nan nan nan nan 17.8266 0.0144 17.6468 0.0149
219.11038900000003 -78.113372 20 0.983 17.1022 0.0389 16.8835 0.0099 16.7587 0.0173 16.7157 0.0065
218.099824 -78.004194 15 0.983 17.0316 0.01 16.5005 0.0116 16.1266 0.0058 15.9606 0.0069
218.00871400000003 -78.024232 8 0.9740000000000001 nan nan nan nan 17.657 0.0105 17.4061 0.0216
217.890052 -78.11683000000001 24 0.997 12.6087 0.0061 12.429 0.0106 12.332 0.0056 12.3252 0.0047
217.89737000000002 -78.12618499999999 8 0.966 nan nan nan nan 17.875 0.0092 17.5883 0.0146
218.95558799999998 -78.185743 30 0.985 15.0516 0.0076 14.6042 0.0055 14.2532 0.0054 14.0908 0.0044
218.18277799999998 -78.20898299999999 14 0.983 15.6408 0.0081 15.2854 0.008 15.0702 0.0057 14.9822 0.0084
218.02077599999998 -78.180247 18 0.983 16.8152 0.0142 16.1254 0.0186 15.7065 0.006999999999999999 15.5327 0.0048
219.11548 -78.091082 16 0.982 17.4747 0.1148 17.2278 0.0321 16.9218 0.0097 16.7992 0.0247
219.11184100000003 -78.118204 6 0.965 nan nan nan nan 17.8706 0.033 17.7082 0.0292
217.89818300000002 -78.07182900000001 17 0.9840000000000001 15.1022 0.0201 14.5858 0.0059 14.2208 0.0047 14.0643 0.005
218.507086 -77.972598 11 0.982 17.0131 0.0417 16.669 0.0132 16.5435 0.0078 16.4958 0.0122
218.12669900000003 -77.99865600000001 10 0.976 nan nan nan nan 17.3321 0.0142 16.7889 0.0146
218.43172400000003 -78.226739 10 0.983 15.8117 0.0072 15.3992 0.0106 15.2002 0.0086 15.0922 0.0086
219.11443599999998 -78.115462 20 0.983 16.6987 0.0398 16.0847 0.0094 15.5847 0.0121 15.3487 0.005
218.866538 -78.203056 6 0.978 nan nan nan nan 17.7377 0.0088 17.2952 0.009000000000000001
218.63426800000002 -78.224641 13 0.983 16.2842 0.0154 16.1369 0.0078 16.0423 0.0132 16.0251 0.0093
217.96656800000002 -78.03546899999999 16 0.983 17.8365 0.0391 17.0475 0.021 16.4878 0.0094 16.2341 0.0123
219.03552599999998 -78.03605300000001 20 0.983 15.4098 0.0083 15.0475 0.0109 14.7928 0.0063 14.7086 0.0063
218.85789300000002 -77.995627 14 0.982 17.6612 0.0305 17.1773 0.0124 16.972 0.0135 16.8895 0.0083
219.087106 -78.058859 12 0.981 17.5822 0.0174 17.1468 0.023 16.7802 0.0316 16.6354 0.0307
218.154241 -78.206629 4 0.9640000000000001 nan nan nan nan 18.1769 0.0219 18.0293 0.048
217.976723 -78.03139 13 0.982 17.766 0.0221 17.2063 0.0199 16.8418 0.0103 16.695999999999998 0.0076
218.855983 -78.205389 4 0.9670000000000001 nan nan nan nan 17.9358 0.0273 17.793 0.0106
218.97406800000002 -78.017337 5 0.968 nan nan nan nan 17.8188 0.0087 17.7636 0.0105
217.89896000000002 -78.13425699999999 11 0.977 nan nan 17.8951 0.0434 17.6532 0.0116 17.4697 0.0387
218.27574199999998 -78.219932 3 0.9740000000000001 nan nan nan nan 17.8164 0.017 17.5941 0.0125
217.95049300000002 -78.16147600000001 9 0.9740000000000001 nan nan nan nan 17.3305 0.0157 16.8816 0.0327
218.22648999999998 -77.984481 4 0.951 nan nan nan nan 18.3129 0.0245 18.1388 0.0587
218.701431 -77.978277 13 0.983 16.7479 0.0124 16.3546 0.0101 16.2075 0.0066 16.162 0.013999999999999999
218.12418300000002 -78.20307700000001 15 0.992 12.8235 0.0074 12.6075 0.0074 12.5063 0.0061 12.4853 0.0053
217.999606 -78.02334 10 0.981 nan nan 17.59 0.0139 17.2678 0.0166 17.1826 0.0092
218.835741 -77.991558 17 0.983 17.1672 0.0534 16.715 0.0331 16.4084 0.015 16.31 0.0108
219.124179 -78.092116 7 0.971 nan nan nan nan 17.791 0.0086 17.6033 0.0217
218.026998 -78.184813 13 0.982 17.4509 0.0131 17.1127 0.0166 16.8343 0.0107 16.7784 0.0105
218.03839399999998 -78.01324699999999 4 0.951 nan nan nan nan 18.2046 0.0431 18.1659 0.0374
218.20198399999998 -77.986456 7 0.9740000000000001 nan nan nan nan 17.7759 0.0267 17.7422 0.0166
218.521596 -77.97078499999999 9 0.981 nan nan nan nan 17.0077 0.0284 16.6169 0.0059
218.59426499999998 -77.972072 17 0.9840000000000001 15.3779 0.0084 14.8165 0.0056 14.4286 0.0048 14.2369 0.0047
217.92430699999997 -78.048898 11 0.981 17.3901 0.0688 17.1794 0.0375 16.9772 0.0614 16.9673 0.0093
218.140627 -77.994054 9 0.981 nan nan 17.4985 0.047 17.114 0.0078 16.9382 0.0212
218.076631 -78.196095 16 0.9840000000000001 14.6805 0.1234 14.4967 0.1456 14.4178 0.1246 13.9938 0.0144
218.96708399999997 -78.01366 5 0.971 nan nan nan nan 17.6157 0.0173 17.500999999999998 0.0082
219.090215 -78.055975 12 0.971 17.6835 0.0377 17.1198 0.0343 16.8611 0.0444 16.7005 0.0516
218.519552 -78.229776 2 0.955 nan nan nan nan 18.1165 0.0186 17.882 0.0254
218.74077799999998 -78.220134 12 0.973 17.2715 0.0166 16.8582 0.0171 16.6308 0.0259 16.4942 0.0091
218.88023900000002 -78.203854 26 0.9840000000000001 15.1513 0.006 14.8267 0.0058 14.6292 0.0048 14.5645 0.0047
218.07652400000003 -78.196748 2 0.9840000000000001 nan nan nan nan nan nan 14.2749 0.0144
219.03954199999998 -78.033034 15 0.981 17.4488 0.0231 17.157 0.0809 17.0905 0.0215 17.0434 0.0112
218.45960499999998 -78.229857 10 0.9790000000000001 16.3863 0.008 15.9973 0.0141 15.7931 0.0104 15.6758 0.0086
219.12158399999998 -78.123284 22 0.985 15.4376 0.0069 15.0245 0.0068 14.7593 0.0043 14.6608 0.0041
218.39324100000002 -77.971731 7 0.98 17.857 0.0126 17.5671 0.0249 17.287 0.0096 17.2076 0.0269
217.90576299999998 -78.056567 14 0.982 17.4581 0.0756 17.095 0.0617 16.6961 0.0158 16.599 0.0177
219.06194399999998 -78.160686 11 0.98 nan nan 17.9058 0.0286 17.5042 0.027999999999999997 17.3569 0.017
217.866783 -78.10301700000001 12 0.98 17.8005 0.0153 17.4466 0.0235 17.3552 0.0077 17.2963 0.0108
218.988327 -78.18359 8 0.971 nan nan nan nan 17.8259 0.013000000000000001 17.6835 0.0382
218.00984300000002 -78.183849 21 0.983 16.3019 0.0153 15.9953 0.0073 15.7952 0.0067 15.728 0.0053
218.182338 -78.213724 6 0.983 nan nan 17.2756 0.0221 16.9763 0.0226 16.8093 0.0165
218.63757599999997 -78.22804000000001 14 0.9890000000000001 14.7367 0.0104 14.209000000000001 0.0064 13.8159 0.0084 13.6251 0.0062
218.03681699999999 -78.010359 18 0.983 16.9211 0.0097 16.4129 0.0296 16.03 0.0136 15.8864 0.0083
218.05458399999998 -78.19416899999999 10 0.9790000000000001 17.9271 0.0161 17.6393 0.0233 17.3416 0.0066 17.2929 0.0162
218.702639 -77.975588 6 0.976 nan nan nan nan 17.7018 0.0842 17.5164 0.0151
219.023284 -78.025532 10 0.983 16.8332 0.0148 nan nan 16.2737 0.0263 16.1902 0.0078
219.02520299999998 -78.02593900000001 6 0.9540000000000001 nan nan 16.4903 0.0157 16.7212 0.2595 16.3979 0.1499
219.027201 -78.026397 13 0.983 16.8651 0.0136 16.5231 0.0172 16.3469 0.0096 16.3023 0.0065
218.53059700000003 -77.968548 12 0.981 18.0626 0.0365 17.3972 0.0175 16.9617 0.0066 16.8446 0.0143
218.103193 -77.996879 5 0.97 nan nan nan nan 17.9983 0.0088 17.9293 0.0292
217.972689 -78.025733 6 0.9590000000000001 nan nan nan nan 17.9032 0.0106 17.579 0.0185
219.00925499999997 -78.180399 5 0.955 nan nan nan nan 18.0824 0.038 17.9626 0.0414
218.06661200000002 -78.197482 16 0.9840000000000001 15.2767 0.0092 14.9903 0.0086 14.8069 0.0053 14.7535 0.0054
218.663211 -78.227712 7 0.98 nan nan 17.455 0.0302 17.2836 0.0081 17.1677 0.0146
218.792225 -78.217677 3 0.965 nan nan nan nan 17.9017 0.0108 17.9096 0.1039
218.38587599999997 -78.23000400000001 18 0.992 12.9987 0.0127 12.4772 0.0067 12.1246 0.0103 11.9605 0.0083
219.12387999999999 -78.13114 5 0.956 nan nan nan nan 18.055 0.0219 18.0989 0.027999999999999997
217.916029 -78.15534 6 0.9620000000000001 nan nan nan nan 17.9815 0.0135 17.805999999999997 0.0416
217.86467799999997 -78.081631 14 0.981 17.7048 0.0186 17.5098 0.0168 17.2157 0.0125 17.1586 0.0192
218.53114399999998 -78.23227299999999 14 0.983 16.6702 0.0294 16.2738 0.01 16.061 0.0108 15.9768 0.0054
218.79085299999997 -77.98207099999999 15 0.982 17.6159 0.0128 17.2198 0.0185 16.9498 0.0206 16.9287 0.0261
218.371863 -77.97019300000001 9 0.982 nan nan 17.1592 0.0102 16.4788 0.0152 16.1611 0.0158
217.864754 -78.121175 6 0.951 nan nan nan nan 18.2021 0.0371 18.0983 0.0693
218.44055699999998 -77.967991 11 0.976 17.8784 0.0616 17.4958 0.0696 17.3384 0.0083 17.2724 0.0341
218.051723 -78.00527 14 0.983 16.7631 0.0116 16.3051 0.0187 15.9712 0.006 15.8387 0.0132
218.174638 -78.21465699999999 14 0.9840000000000001 15.2868 0.0069 14.8576 0.013000000000000001 14.6063 0.0054 14.5223 0.0161
219.094804 -78.151597 16 0.981 17.7661 0.0211 17.448 0.0206 17.3111 0.0336 17.2201 0.012
218.84617000000003 -78.21228599999999 26 0.9890000000000001 13.2377 0.0081 12.9392 0.0054 12.7642 0.0047 12.7023 0.0047
217.872807 -78.131378 7 0.9640000000000001 nan nan nan nan 17.9765 0.0082 17.8972 0.0272
219.10495 -78.054675 10 0.983 16.5123 0.0153 16.1102 0.0212 15.876 0.0077 15.8373 0.009000000000000001
218.196842 -77.982831 12 0.981 nan nan 17.6515 0.027000000000000003 16.7534 0.0241 16.393 0.0131
218.890357 -78.206179 20 0.982 16.5168 0.0197 16.2573 0.0194 16.0377 0.012 15.9597 0.0165
218.711525 -78.225815 4 0.971 nan nan nan nan 17.7343 0.0266 17.5726 0.0127
218.00001899999998 -78.01608 22 0.983 15.1458 0.0266 14.8334 0.0067 14.6579 0.0049 14.6283 0.0055
218.62681800000001 -78.231123 3 0.95 nan nan nan nan 18.1769 0.0086 17.8928 0.0143
219.14076200000002 -78.07968100000001 17 0.983 16.9144 0.0091 16.4539 0.0113 16.0617 0.0054 15.9021 0.0083
218.280154 -77.974163 13 0.981 17.8055 0.0476 17.4515 0.0269 17.1199 0.0102 16.9775 0.031
219.02064500000003 -78.180398 4 0.96 nan nan nan nan 18.169 0.040999999999999995 17.9532 0.0202
218.07663399999998 -77.998463 5 0.951 nan nan nan nan 18.0323 0.0524 17.9237 0.0109
218.56918199999998 -77.966557 12 0.985 15.2248 0.0105 14.7173 0.0076 14.4271 0.0061 14.2957 0.0049
218.967802 -78.19372299999999 13 0.975 nan nan 17.7797 0.0325 17.541 0.0154 17.3519 0.013999999999999999
218.85779300000002 -77.98807 16 0.98 16.3166 0.0187 16.0005 0.0341 15.725999999999999 0.0304 15.645999999999999 0.0137
218.877715 -78.20973599999999 5 0.971 nan nan nan nan 17.7824 0.0105 17.4331 0.0162
218.00592200000003 -78.01270500000001 16 0.983 17.0454 0.0162 16.7378 0.0507 16.5396 0.0066 16.4696 0.0109
217.848958 -78.108899 12 0.981 17.7305 0.0426 17.4408 0.0487 17.2156 0.0088 17.1524 0.0176
218.02482799999999 -78.008011 16 0.982 17.6099 0.0637 17.1489 0.0125 16.6737 0.0071 16.524 0.009000000000000001
217.856994 -78.077042 21 0.998 13.8626 0.0062 13.1372 0.0087 12.6021 0.0053 12.3459 0.0056
218.994026 -78.011825 8 0.975 nan nan nan nan 17.7443 0.006999999999999999 17.5934 0.019
219.15028700000002 -78.084914 10 0.98 nan nan 17.8521 0.025 17.2005 0.0069 16.8696 0.0068
217.926315 -78.16588399999999 16 0.981 17.7083 0.0364 17.4051 0.0512 17.2403 0.0144 17.159000000000002 0.0175
219.147318 -78.122478 22 0.983 16.2459 0.0185 15.7248 0.0121 15.3302 0.0102 15.1634 0.0077
218.13538300000002 -77.9876 10 0.977 nan nan 17.7231 0.0338 17.6547 0.0252 17.5715 0.0306
218.26167999999998 -77.973853 4 0.951 nan nan nan nan 18.189 0.0151 18.024 0.0191
218.35582599999998 -78.232214 16 0.985 15.339 0.0108 15.1249 0.0075 14.9964 0.0053 14.9825 0.0054
217.868469 -78.06329000000001 4 0.965 nan nan nan nan 18.148 0.0082 18.1191 0.066
218.77358900000002 -77.976781 20 0.983 15.3806 0.0133 15.0493 0.0061 14.8325 0.0063 14.7372 0.0049
219.029483 -78.181097 18 0.982 17.6792 0.028999999999999998 17.1825 0.026000000000000002 16.7801 0.0171 16.6748 0.0061
218.355116 -77.967422 5 0.976 nan nan nan nan 17.6445 0.0074 17.4676 0.008
218.44242000000003 -77.96432 16 0.983 16.4017 0.0341 16.1097 0.0196 15.9385 0.0159 15.8405 0.012
218.130734 -77.98710799999999 7 0.977 nan nan nan nan 17.6589 0.0174 17.5443 0.022000000000000002
218.73186600000002 -78.22787 6 0.9790000000000001 nan nan 17.6862 0.0148 17.4083 0.0117 17.3235 0.0244
218.24401400000002 -77.97429699999999 16 0.982 17.4139 0.1001 17.0616 0.0213 16.852 0.0072 16.7929 0.0068
218.02681800000002 -78.195842 10 0.981 17.4917 0.016 17.3259 0.0369 17.0634 0.022000000000000002 16.9608 0.0152
218.136079 -77.986059 12 0.975 18.023 0.0277 17.553 0.0981 17.364 0.0089 17.3191 0.0265
218.02399599999998 -78.005342 9 0.977 nan nan 17.7921 0.049 17.5236 0.0203 17.4696 0.0151
218.959052 -78.198989 6 0.976 nan nan nan nan 17.9694 0.0158 17.6168 0.027000000000000003
218.43038399999998 -78.235974 2 0.95 nan nan nan nan 17.9399 0.0108 17.8111 0.0166
218.052684 -77.999243 21 0.9840000000000001 15.2719 0.0076 14.9647 0.0062 14.7834 0.0062 14.7253 0.0047
217.841681 -78.118342 17 0.982 17.5277 0.0331 17.1626 0.0253 16.8213 0.0088 16.687 0.0089
217.863696 -78.061538 10 0.981 nan nan nan nan 17.2093 0.0069 16.8521 0.0135
217.84154300000003 -78.082396 15 0.9790000000000001 17.3399 0.0523 17.0105 0.0343 16.7717 0.0159 16.7128 0.0099
218.172846 -77.980612 18 0.983 16.081 0.0223 15.6958 0.0071 15.4299 0.0047 15.3233 0.0045
219.140911 -78.138007 4 0.956 nan nan nan nan 18.0564 0.0163 17.9798 0.0565
219.138347 -78.06119 8 0.98 17.6072 0.0375 17.2323 0.011000000000000001 17.016 0.0115 16.9494 0.0184
217.989688 -78.189031 6 0.956 nan nan nan nan 18.0839 0.0085 17.8624 0.0643
217.98044700000003 -78.014152 17 0.98 16.4893 0.0391 16.0674 0.0148 15.7447 0.0171 15.5734 0.0239
219.058256 -78.175985 17 0.983 17.2127 0.0166 16.6891 0.0248 16.3985 0.0094 16.2323 0.0157
218.39611499999998 -78.23598100000001 15 0.978 17.3797 0.0712 17.0793 0.0114 16.6588 0.0069 16.5812 0.0078
218.94871099999997 -77.99840999999999 17 0.982 16.9541 0.0225 16.4842 0.0079 16.154 0.0088 16.0095 0.0064
219.063326 -78.17450799999999 5 0.968 nan nan nan nan 17.9451 0.0127 17.6049 0.0191
218.634654 -77.965101 15 0.983 16.8423 0.0189 16.5331 0.0073 16.3384 0.0061 16.2544 0.0061
217.94908999999998 -78.02255 18 0.9840000000000001 15.8966 0.0217 15.4034 0.0079 15.0789 0.0066 14.9264 0.0063
217.95883999999998 -78.019269 6 0.966 nan nan nan nan 17.8941 0.0147 17.8648 0.0424
219.11407999999997 -78.045574 14 0.983 15.8829 0.0079 15.3777 0.0117 15.0072 0.0054 14.8553 0.0058
219.13991299999998 -78.142259 5 0.958 nan nan nan nan 18.0648 0.0117 17.8928 0.038
218.849937 -77.982174 15 0.981 17.4786 0.0495 17.132 0.0185 16.9393 0.0176 16.831 0.0176
219.077903 -78.171026 19 0.983 16.6197 0.0083 16.1863 0.0217 15.9314 0.0116 15.8391 0.0056
218.284704 -77.968964 15 0.982 17.6506 0.0612 17.1218 0.0266 16.7762 0.0068 16.6354 0.0063
218.204738 -78.224552 6 0.977 nan nan nan nan 17.6581 0.0165 17.275 0.0227
218.093722 -78.210746 3 0.9740000000000001 nan nan nan nan 17.753 0.0128 17.5927 0.0489
218.78985899999998 -78.225261 4 0.975 nan nan nan nan 17.7271 0.0167 17.5106 0.0357
218.943888 -78.20453 16 0.981 17.2189 0.031 16.9835 0.0196 16.7315 0.006999999999999999 16.6096 0.0148
217.91794500000003 -78.170135 6 0.972 nan nan nan nan 17.9446 0.0304 17.4562 0.0319
219.103869 -78.039404 21 0.9840000000000001 14.9911 0.0126 14.5498 0.0067 14.2808 0.0047 14.1779 0.0043
219.150697 -78.13628 4 0.951 nan nan nan nan 18.1439 0.0504 18.0208 0.0107
217.82710299999997 -78.105696 11 0.982 nan nan 17.6341 0.0361 16.6129 0.0061 16.2106 0.0091
219.024204 -78.013315 16 0.983 16.75 0.0317 16.3616 0.0075 16.1439 0.0076 16.0496 0.0096
217.835659 -78.077699 10 0.9690000000000001 nan nan nan nan 17.4004 0.0508 17.0077 0.0243
218.357959 -77.96418800000001 8 0.981 17.6204 0.0142 17.4575 0.0228 16.9711 0.0153 16.8454 0.0177
217.84146299999998 -78.130444 11 0.978 nan nan 17.7532 0.0714 17.5832 0.0125 17.5027 0.0148
218.748233 -78.22935 8 0.978 nan nan 17.5544 0.0616 16.9938 0.0188 16.6438 0.0254
218.896771 -77.987708 15 0.983 17.0962 0.0279 16.5437 0.0099 16.1577 0.0107 15.970999999999998 0.0072
217.826918 -78.111624 9 0.978 nan nan 17.7674 0.0301 17.5954 0.0161 17.5441 0.0142
217.903011 -78.03551 7 0.9640000000000001 nan nan nan nan 17.9012 0.0466 17.8868 0.0451
218.30702999999997 -78.233542 6 0.972 nan nan nan nan 17.6091 0.0103 17.5525 0.0431
218.583322 -77.961663 11 0.982 15.8287 0.0189 15.4682 0.0081 15.2387 0.0195 15.152000000000001 0.0193
218.922292 -78.209367 27 0.985 14.8274 0.0149 14.4712 0.0061 14.279000000000002 0.0082 14.2021 0.0052
218.125974 -77.983724 8 0.965 nan nan nan nan 18.0194 0.0563 17.9598 0.0436
217.83871000000002 -78.069802 6 0.951 nan nan nan nan 17.8458 0.0108 17.6859 0.0304
219.115357 -78.041797 10 0.978 nan nan 17.6862 0.0424 17.4154 0.0112 17.262 0.0247
218.814911 -77.976139 25 0.9840000000000001 15.0203 0.0095 14.716 0.0072 14.5124 0.0047 14.4545 0.0044
219.09545699999998 -78.167996 27 0.991 14.2235 0.006999999999999999 13.8628 0.0054 13.6232 0.0048 13.5308 0.0043
217.94471000000001 -78.019724 9 0.9790000000000001 nan nan 17.6521 0.0261 17.3264 0.0122 17.117 0.0082
218.14196600000002 -78.219429 20 0.9840000000000001 14.9019 0.0099 14.5509 0.0133 14.3562 0.0055 14.3043 0.0123
218.04196000000002 -77.996728 8 0.981 nan nan nan nan 17.1617 0.0072 16.7746 0.0195
218.242169 -78.229888 15 0.982 17.1049 0.0118 16.695 0.0071 16.3602 0.006 16.2271 0.0124
219.173881 -78.08122900000001 10 0.9790000000000001 nan nan 17.5106 0.0311 17.3217 0.0245 17.2789 0.0093
218.893048 -77.985563 19 0.9840000000000001 15.6769 0.0088 15.3002 0.016 15.0225 0.0053 14.9061 0.0047
217.96936000000002 -78.188585 14 0.981 17.5675 0.0262 17.2887 0.0127 17.0225 0.01 16.9887 0.0485
217.971905 -78.18950699999999 22 0.983 17.583 0.0647 17.1111 0.0676 16.7124 0.0243 16.5285 0.0218
217.883075 -78.160724 18 0.983 17.0858 0.0246 16.6274 0.018000000000000002 16.4089 0.0061 16.3421 0.0121
218.16406899999998 -77.9775 4 0.9570000000000001 nan nan nan nan 18.0957 0.0088 17.9832 0.0236
218.414829 -78.240031 14 0.982 17.3078 0.0455 16.773 0.0093 16.5137 0.0116 16.4295 0.0076
217.836209 -78.135226 8 0.968 nan nan nan nan 17.8463 0.0451 17.659000000000002 0.0333
217.82033900000002 -78.1176 16 0.983 16.9574 0.0092 16.5174 0.0205 16.2462 0.0091 16.1536 0.0102
219.17025499999997 -78.129489 16 0.982 17.2599 0.0141 17.041 0.0089 16.7929 0.009000000000000001 16.7362 0.01
218.770317 -77.970387 7 0.98 nan nan nan nan 17.2209 0.024 16.8843 0.0087
218.13009100000002 -78.219132 4 0.978 nan nan nan nan 17.3958 0.0102 17.1361 0.0654
218.282231 -78.234189 5 0.9520000000000001 nan nan nan nan 18.215999999999998 0.0223 17.9662 0.0378
219.168408 -78.132644 22 0.983 16.9684 0.0273 16.5278 0.0151 16.1766 0.0082 16.0033 0.0081
217.81662599999999 -78.08833 16 0.983 16.758 0.0175 16.3913 0.0099 16.2052 0.0064 16.1452 0.006
218.857075 -77.97915 5 0.9670000000000001 nan nan nan nan 18.0389 0.0202 17.779 0.0221
218.001603 -78.002441 18 0.983 16.464000000000002 0.0229 15.9087 0.0172 15.5092 0.0132 15.3272 0.0065
218.44077799999997 -78.241523 17 0.9840000000000001 14.9755 0.0064 14.3125 0.0091 13.8825 0.0048 13.649000000000001 0.0053
219.188962 -78.09854 18 0.983 16.0759 0.0082 15.5221 0.011000000000000001 15.1547 0.0058 14.9952 0.0096
217.91894399999998 -78.024201 14 0.982 nan nan 17.4164 0.061 16.8469 0.0062 16.5849 0.0052
217.81087799999997 -78.10313599999999 17 0.983 16.3319 0.0182 15.9627 0.0218 15.7322 0.0086 15.6481 0.0088
218.352514 -78.239032 10 0.982 17.5897 0.0208 17.3912 0.0251 17.0667 0.008 16.9653 0.0087
219.16735899999998 -78.137488 14 0.983 nan nan 17.7277 0.0166 16.9595 0.0192 16.5795 0.009000000000000001
219.156813 -78.056409 11 0.981 17.5581 0.0128 17.2901 0.0121 17.0412 0.0086 17.0014 0.0401
218.56749700000003 -77.958124 13 0.987 13.8888 0.0105 13.6556 0.0074 13.5341 0.0061 13.502 0.0053
217.98125499999998 -78.19481 17 0.982 17.5858 0.0224 16.8654 0.0467 16.5726 0.0101 16.4068 0.009000000000000001
218.80383999999998 -77.971862 16 0.983 16.8471 0.0304 16.5911 0.01 16.3871 0.0094 16.3407 0.0075
218.92297200000002 -78.213404 14 0.986 15.9091 0.0258 15.5441 0.0181 15.2954 0.0062 15.2169 0.0126
218.594238 -77.958517 5 0.9690000000000001 nan nan nan nan 17.9217 0.0201 17.8687 0.0151
217.898041 -78.02964300000001 17 0.983 17.0224 0.0408 16.555 0.017 16.2147 0.0091 16.0705 0.0058
219.065483 -78.01763199999999 18 0.983 16.5258 0.0096 16.3923 0.0223 16.2976 0.0098 16.2974 0.0123
218.314451 -77.962165 11 0.98 nan nan nan nan 17.39 0.0117 16.7732 0.0151
218.017619 -78.203406 5 0.9570000000000001 nan nan nan nan 18.1083 0.017 18.1049 0.0745
218.77597999999998 -77.968698 15 0.983 16.5753 0.009000000000000001 16.2318 0.0142 15.9751 0.0149 15.8775 0.0168
219.00062000000003 -78.001152 4 0.95 nan nan nan nan 18.1595 0.0096 17.9403 0.0121
217.80899300000002 -78.116484 15 0.983 17.0657 0.0135 16.6961 0.0346 16.445 0.0092 16.3432 0.0061
218.30171800000002 -77.962521 14 0.982 17.5882 0.0399 17.2358 0.0089 16.948 0.0092 16.8312 0.0125
218.28027799999998 -77.96377700000001 16 0.983 16.8611 0.0108 16.4971 0.0103 16.2948 0.0189 16.2103 0.0061
218.183704 -77.972178 11 0.98 nan nan 17.4407 0.0337 17.1602 0.0164 17.0421 0.0083
219.147717 -78.047567 11 0.981 nan nan 17.6144 0.0709 16.8371 0.0119 16.4472 0.0118
217.96462999999997 -78.19268100000001 20 0.983 16.8478 0.0069 16.4531 0.0123 16.2064 0.0048 16.1085 0.0063
219.19491000000002 -78.113352 5 0.968 nan nan nan nan 17.8007 0.027999999999999997 17.4025 0.0272
218.835319 -78.226371 15 0.9840000000000001 15.3862 0.0093 15.0978 0.0064 14.9139 0.0079 14.8545 0.0059
218.36889900000003 -78.241672 8 0.9740000000000001 nan nan 17.4451 0.0743 17.2796 0.0156 17.104 0.0122
217.80731 -78.07964399999999 13 0.983 17.0875 0.0099 16.8651 0.0111 16.6887 0.0069 16.646 0.0195
218.852296 -78.225154 12 0.983 16.6377 0.0222 16.2361 0.0221 15.9773 0.0074 15.934000000000001 0.0135
217.84832200000002 -78.15419 21 0.983 16.7264 0.0153 16.3361 0.0154 16.0499 0.0075 15.9757 0.0136
219.185951 -78.070533 4 0.9540000000000001 nan nan nan nan 18.0835 0.0097 18.081 0.0272
218.399028 -78.243228 24 0.983 15.0408 0.0132 14.8587 0.0061 14.7774 0.0118 14.7622 0.0056
219.19349 -78.078565 25 0.9840000000000001 13.7035 0.0109 13.5086 0.0054 13.4062 0.0047 13.4019 0.0045
217.83327999999997 -78.14636 28 0.9890000000000001 14.0425 0.0057 13.7347 0.0057 13.5174 0.0043 13.4481 0.0063
218.496564 -77.955135 7 0.978 17.914 0.0311 17.3337 0.0159 17.1063 0.0093 16.8668 0.021
219.124594 -78.167295 16 0.982 17.4586 0.0164 17.119 0.0194 16.8603 0.0058 16.7545 0.0089
217.879454 -78.032423 10 0.981 nan nan 17.3635 0.0449 16.9431 0.0119 16.7519 0.0181
219.201879 -78.11045899999999 18 0.9840000000000001 15.9328 0.0113 15.637 0.0062 15.412 0.0077 15.3556 0.0058
219.03325299999997 -78.005661 6 0.9670000000000001 nan nan 17.9141 0.0185 17.8669 0.0103 17.7442 0.0113
218.916514 -77.98310500000001 25 0.987 13.4672 0.0063 13.2704 0.0053 13.1691 0.0047 13.1508 0.0044
218.232294 -77.965686 18 0.997 10.7991 0.0133 10.579 0.0079 10.4776 0.0074 10.4551 0.0054
217.999779 -77.997885 5 0.9520000000000001 nan nan nan nan 18.1994 0.047 18.0732 0.0272
219.13828999999998 -78.038624 15 0.9790000000000001 17.118 0.035 16.6817 0.0533 16.4143 0.0066 16.2845 0.0084
217.869417 -78.035298 8 0.975 nan nan nan nan 17.8015 0.0086 17.7325 0.0343
219.18086499999998 -78.062423 11 0.983 16.2327 0.0076 15.7543 0.0072 15.4267 0.0106 15.2657 0.0063
218.28488 -78.238744 13 0.983 16.5436 0.0083 16.1943 0.0371 15.9582 0.0086 15.8936 0.0123
218.34612099999998 -78.242149 8 0.975 nan nan nan nan 17.7407 0.0158 17.65 0.0283
218.79235 -78.232702 11 0.973 nan nan 17.7022 0.0552 17.1155 0.0164 16.9184 0.0079
217.81459500000003 -78.13662099999999 20 0.983 16.2445 0.027999999999999997 15.8754 0.0122 15.6521 0.0047 15.5848 0.0078
218.861239 -77.974813 17 0.983 15.6972 0.0085 15.2275 0.0068 14.9324 0.006 14.8008 0.006
218.251782 -78.236708 26 0.985 14.5145 0.0059 13.9713 0.0053 13.6091 0.0051 13.4389 0.0053
218.277167 -78.23865 13 0.983 17.489 0.0528 17.2131 0.0131 16.9468 0.0056 16.9047 0.0069
218.533223 -78.245826 4 0.9640000000000001 nan nan nan nan 17.9885 0.0487 17.8639 0.0297
218.727457 -77.961733 13 0.983 16.6223 0.0094 16.2953 0.0251 16.1329 0.0117 16.0632 0.0061
217.900621 -78.17879 30 0.993 12.3644 0.0064 12.2063 0.0069 12.1804 0.0047 12.1965 0.004
218.712464 -77.960535 6 0.973 nan nan nan nan 17.6613 0.0101 17.3942 0.0233
219.14537400000003 -78.040014 9 0.9790000000000001 nan nan 17.7414 0.0358 17.4061 0.0126 17.3383 0.0165
218.876963 -77.976105 6 0.978 nan nan nan nan 17.515 0.0073 17.3015 0.0076
217.96647400000003 -78.00379000000001 13 0.98 18.0136 0.0307 17.6697 0.0813 17.3925 0.0202 17.3151 0.0179
219.00996899999998 -78.202461 5 0.972 nan nan nan nan 17.8209 0.019 17.7141 0.0317
218.540662 -77.953662 6 0.9740000000000001 nan nan 17.9087 0.037000000000000005 17.6928 0.0333 17.5591 0.0149
219.033831 -78.19739799999999 9 0.977 nan nan nan nan 17.5051 0.0132 17.2115 0.0325
219.10589199999998 -78.177595 5 0.961 nan nan nan nan 17.9404 0.0256 17.8404 0.0526
218.901402 -77.979114 8 0.9690000000000001 nan nan nan nan 17.8236 0.0123 17.6635 0.0286
218.525471 -78.24671 7 0.981 nan nan 17.3726 0.0135 17.1764 0.0169 17.0177 0.0091
218.967715 -77.98970600000001 17 0.983 17.7462 0.0722 17.0709 0.038 16.5729 0.0055 16.3245 0.0178
217.848746 -78.160572 19 0.9840000000000001 15.8457 0.0131 15.4359 0.0069 15.1671 0.0077 15.0775 0.0044
219.00495899999999 -78.20424100000001 10 0.9520000000000001 nan nan nan nan 17.5566 0.0426 17.2534 0.0301
218.933831 -78.217005 6 0.9620000000000001 nan nan 17.6484 0.0266 17.2879 0.0275 17.1355 0.0515
217.948675 -78.007214 11 0.9790000000000001 nan nan nan nan 15.8286 0.0265 14.9484 0.0121
219.186923 -78.06096099999999 9 0.972 17.4158 0.0259 17.1978 0.0219 16.9272 0.0254 16.9486 0.0113
218.42035099999998 -78.246299 25 0.985 14.8426 0.0083 14.3955 0.0064 14.1182 0.0049 14.0115 0.0049
218.091775 -78.22107199999999 8 0.986 13.9674 0.0105 13.4804 0.011000000000000001 13.1333 0.0074 12.9726 0.0098
218.95573100000001 -78.213693 11 0.983 15.7676 0.009000000000000001 15.4446 0.0068 15.2315 0.0061 15.1573 0.0063
217.790037 -78.0846 3 0.955 nan nan nan nan 18.4136 0.0113 17.9705 0.032
218.005644 -77.994007 14 0.983 17.5989 0.0537 17.0457 0.0156 16.7127 0.0062 16.5804 0.0089
218.46228599999998 -78.247175 18 0.986 13.1105 0.018000000000000002 12.8831 0.0061 12.749 0.0054 12.7171 0.0053
217.837645 -78.045365 16 0.9840000000000001 15.1262 0.01 14.7881 0.0076 14.6034 0.0129 14.5446 0.0072
217.822898 -78.053291 10 0.982 nan nan 17.1921 0.0402 16.499000000000002 0.0326 16.2444 0.0109
217.979837 -77.999241 7 0.966 nan nan nan nan 17.9059 0.0131 17.8708 0.0191
218.78787999999997 -78.235203 17 0.98 17.6414 0.0294 16.998 0.031 16.6294 0.0162 16.4501 0.0256
218.47534199999998 -78.247445 18 0.988 14.1158 0.0207 13.4602 0.0096 12.9699 0.0066 12.7308 0.0047
219.111548 -78.023845 11 0.981 nan nan nan nan 17.0426 0.01 16.6507 0.017
219.12830499999998 -78.02985699999999 14 0.982 17.1932 0.0152 16.9491 0.0095 16.6959 0.0214 16.6417 0.0077
218.34607400000002 -78.244263 4 0.958 nan nan nan nan 18.0782 0.011000000000000001 17.8267 0.0123
219.21312999999998 -78.11654300000001 8 0.973 nan nan nan nan 17.7717 0.0341 17.7202 0.0186
217.87543399999998 -78.173548 16 0.982 17.726 0.0178 17.186 0.0644 16.7453 0.0107 16.5412 0.0059
217.862818 -78.169238 5 0.956 nan nan nan nan 18.0485 0.0296 17.8596 0.0445
218.68143700000002 -77.956427 5 0.97 nan nan nan nan 17.8456 0.011000000000000001 17.8048 0.0155
217.82713900000002 -78.153665 12 0.9740000000000001 nan nan 17.7586 0.027999999999999997 17.6012 0.0414 17.4938 0.0086
219.080301 -78.188546 17 0.983 17.4547 0.0488 16.9326 0.0085 16.5221 0.0219 16.3149 0.012
219.07760699999997 -78.010745 13 0.963 17.5167 0.0158 17.3088 0.0118 17.0136 0.0204 16.9315 0.0271
218.720127 -78.24234200000001 9 0.98 nan nan 17.6871 0.066 17.4032 0.0119 17.3079 0.0085
218.09402000000003 -78.22399999999999 3 0.981 nan nan nan nan 17.1705 0.0317 17.1491 0.0173
218.230326 -78.238834 18 0.982 16.8079 0.0105 16.4365 0.0101 16.2213 0.0064 16.1659 0.0125
218.01282799999998 -78.21106400000001 19 0.983 15.0453 0.0064 14.6856 0.0069 14.5201 0.0061 14.4558 0.0053
218.27981 -78.242503 14 0.981 17.5485 0.0206 17.1914 0.0275 16.8485 0.0068 16.71 0.0276
218.290921 -77.956926 9 0.975 nan nan nan nan 17.7377 0.0105 17.5943 0.0113
218.13562599999997 -77.970919 5 0.951 nan nan nan nan 18.1846 0.0143 18.0366 0.0521
217.778694 -78.085083 9 0.975 nan nan nan nan 17.6767 0.0409 17.6 0.0279
218.151886 -77.968799 11 0.978 17.9043 0.0282 17.6044 0.1034 17.3967 0.0073 17.3162 0.0106
217.888577 -78.181525 16 0.981 17.1687 0.0125 16.7314 0.0244 16.449 0.0061 16.3286 0.0083
218.68291800000003 -78.245214 8 0.975 nan nan nan nan 17.7049 0.0243 17.6145 0.0117
218.296916 -77.956059 9 0.972 nan nan nan nan 17.3717 0.0252 16.9979 0.0133
219.15894900000004 -78.037075 12 0.981 nan nan 17.3467 0.0094 17.1017 0.0097 16.9451 0.0254
218.931479 -78.221292 4 0.973 nan nan nan nan 17.7236 0.0188 17.5716 0.0378
219.227954 -78.108359 4 0.958 nan nan nan nan 18.0638 0.0331 17.8173 0.0104
217.846177 -78.034311 7 0.9520000000000001 nan nan nan nan 17.9608 0.008 17.8918 0.0325
218.53375099999997 -77.94981 14 0.9840000000000001 15.4611 0.0081 14.9189 0.0072 14.5652 0.0053 14.3776 0.0068
217.921794 -78.192761 13 0.977 nan nan 17.6927 0.0174 17.6088 0.0147 17.4731 0.0159
219.138194 -78.174396 9 0.963 nan nan nan nan 17.9641 0.0116 17.2188 0.0266
218.97883199999998 -77.986094 3 0.95 nan nan nan nan 18.1561 0.0118 18.0043 0.0109
218.697133 -77.954574 15 0.982 17.3641 0.1182 17.0329 0.0238 16.8025 0.0169 16.7062 0.0099
