ra dec ngood class_star g_psf e_g_psf r_psf e_r_psf i_psf e_i_psf z_psf e_z_psf
18.770979999999998 -50.414919 11 0.9840000000000001 17.1555 0.0061 16.6402 0.0105 16.2853 0.0061 16.1652 0.0077
18.740669 -50.389835999999995 14 0.986 16.3258 0.0074 15.8736 0.0074 15.5721 0.0075 15.4688 0.0083
18.703117000000002 -50.430421 14 0.983 17.1181 0.0074 16.9506 0.0074 16.8499 0.0075 16.8302 0.0256
18.730469 -50.385979999999996 13 1.0 14.0407 0.0105 13.5373 0.0105 13.2274 0.0061 13.0842 0.0074
18.723855 -50.445928 10 0.9790000000000001 18.711 0.0064 18.4609 0.0089 18.2295 0.0158 18.1939 0.0132
18.716607999999997 -50.446188 10 0.9590000000000001 19.3213 0.0192 18.9678 0.008 18.7308 0.0189 18.6045 0.0183
18.690076 -50.411075 12 0.9890000000000001 15.7511 0.0105 nan nan 15.2455 0.0061 15.2046 0.0083
18.802617 -50.38377 8 0.978 18.7284 0.0075 18.5231 0.013000000000000001 18.3416 0.0222 18.3686 0.0827
18.814685 -50.447826 8 0.9790000000000001 18.8944 0.006999999999999999 18.227 0.0108 17.7962 0.0199 17.6501 0.0164
18.835065 -50.415855 10 0.978 19.3593 0.0331 18.5165 0.0151 17.6831 0.0273 17.3675 0.0138
18.701355 -50.461888 10 0.975 18.8483 0.0339 18.3415 0.0731 17.857 0.0289 17.6078 0.0217
18.773126 -50.474145 14 1.0 14.4931 0.0061 14.2636 0.0105 14.1558 0.0061 14.1613 0.0061
18.667735 -50.386342 16 0.986 16.5433 0.0089 16.2326 0.0074 16.0746 0.0061 16.0371 0.0061
18.684345 -50.46066 11 0.982 18.9448 0.0102 18.054000000000002 0.009000000000000001 16.6706 0.0093 16.1606 0.0071
18.774519 -50.355726000000004 8 0.978 18.9424 0.0132 18.4267 0.0105 18.0497 0.0088 17.9245 0.0087
18.843303 -50.439462 1 0.986 nan nan nan nan 17.9463 0.1437 nan nan
18.843379000000002 -50.392598 9 0.983 16.3716 0.0105 15.795 0.0105 15.432 0.0105 15.3079 0.0077
18.80309 -50.359739000000005 7 0.986 17.2569 0.0074 16.3194 0.0105 14.84 0.0074 14.2819 0.0137
18.811115 -50.363021999999994 6 0.9840000000000001 17.4539 0.0108 17.0108 0.0105 16.7224 0.0075 16.6013 0.0077
18.651453 -50.392706 0 0.985 nan nan nan nan nan nan nan nan
18.830817 -50.365946 7 0.983 18.0441 0.0081 17.7208 0.0105 17.4725 0.0075 17.3573 0.0077
18.8661 -50.412209000000004 8 0.9840000000000001 17.8181 0.0075 17.3475 0.0105 17.072 0.0076 16.9514 0.0076
18.63748 -50.436302000000005 10 0.9890000000000001 16.0736 0.0074 nan nan 15.2827 0.0074 15.1879 0.0074
18.822606 -50.353640999999996 7 0.981 18.598 0.0074 18.1802 0.0114 17.9535 0.0093 17.7834 0.0687
18.828947 -50.355106 7 0.97 19.5719 0.0171 18.7512 0.0113 17.9524 0.0084 17.6733 0.0712
18.757360000000002 -50.336819 0 0.993 nan nan nan nan nan nan nan nan
18.723429 -50.501863 9 0.9790000000000001 19.7854 0.0245 18.8393 0.0082 17.5954 0.0081 17.1649 0.0085
18.609658 -50.414266 4 1.0 nan nan nan nan nan nan nan nan
18.656786999999998 -50.342314 11 0.9840000000000001 18.0118 0.0062 17.0845 0.0074 15.9356 0.0062 15.4895 0.0072
18.900146 -50.426208 13 0.9840000000000001 17.2261 0.0061 17.0726 0.0095 17.0341 0.0079 17.0402 0.0129
18.606126 -50.385483 9 1.0 nan nan nan nan 13.0779 0.0074 13.0485 0.0075
18.781407 -50.514117 16 0.992 16.1071 0.0061 15.7912 0.0105 15.5966 0.0061 15.565999999999999 0.0061
18.709875 -50.514508 11 0.985 17.1709 0.0075 16.651 0.0075 16.2923 0.0061 16.1771 0.0087
18.905133 -50.389936999999996 8 0.981 18.4952 0.0074 18.1307 0.008 17.8979 0.0153 17.8632 0.0159
18.742134 -50.314074 9 0.97 20.5193 0.0128 19.6512 0.0713 18.0119 0.0197 17.3856 0.0104
18.58638 -50.416315999999995 0 1.0 nan nan nan nan nan nan nan nan
18.915138 -50.414433 7 0.9990000000000001 13.2219 0.0105 nan nan 12.7909 0.0075 12.7708 0.0068
18.912931 -50.396784999999994 15 0.985 17.2427 0.0061 16.9725 0.0074 16.834 0.0082 16.7851 0.0075
18.729041 -50.309740000000005 5 0.9520000000000001 20.5114 0.0168 nan nan 18.3436 0.0099 17.7862 0.0164
18.662143 -50.32369 9 0.982 18.3281 0.0073 18.0532 0.0094 17.8776 0.0076 17.7918 0.0158
18.90794 -50.459261 10 0.955 20.5839 0.0483 19.6531 0.0144 18.4268 0.0103 18.0003 0.0235
18.658989000000002 -50.509283 12 0.9990000000000001 15.2419 0.0105 14.9834 0.0115 14.8991 0.0196 14.97 0.0368
18.874827 -50.34047 14 0.986 17.4286 0.0088 17.09 0.0075 16.8802 0.0061 16.8446 0.0066
18.9003 -50.472766 11 0.985 17.1686 0.0061 16.4791 0.0077 16.0225 0.0082 15.8424 0.0069
18.826367 -50.314636 9 0.98 18.6497 0.0076 17.9491 0.0165 17.3844 0.0168 17.1975 0.0355
18.843772 -50.514562 8 0.9940000000000001 14.6581 0.0074 14.17 0.0105 13.8482 0.0105 13.7192 0.0105
18.723635 -50.531158000000005 10 0.982 18.2071 0.0076 17.4591 0.008 16.9473 0.0165 16.7718 0.0196
18.648241 -50.320477000000004 9 0.976 19.2179 0.0069 19.0784 0.0365 18.9604 0.0177 18.8147 0.0361
18.845014000000003 -50.314403000000006 11 0.983 16.8542 0.0075 16.6083 0.0105 16.4604 0.0074 16.4334 0.0079
18.590557999999998 -50.353966 8 0.9790000000000001 19.3325 0.0659 18.5285 0.0105 17.6797 0.0105 17.3492 0.0231
18.890762 -50.498067999999996 11 0.982 18.1422 0.0074 17.7801 0.0077 17.5535 0.0106 17.4696 0.0321
18.590612 -50.484657 7 0.983 17.2793 0.0105 16.6798 0.0074 16.2177 0.0101 16.0322 0.0077
18.608473999999998 -50.330637 5 0.96 nan nan 19.9832 0.0166 18.3027 0.0091 17.6861 0.0271
18.599359 -50.49967 7 0.981 19.0665 0.0076 18.14 0.0106 16.7748 0.0212 16.2543 0.0075
18.552293 -50.437615 5 0.9790000000000001 19.3201 0.0411 nan nan 17.5804 0.0088 17.3503 0.0145
18.740459 -50.28829 10 0.977 19.5753 0.0171 18.7423 0.0178 17.815 0.0072 17.4145 0.0091
18.883491 -50.31947 9 0.968 19.259 0.0103 19.0589 0.0112 19.0211 0.0446 19.0777 0.0396
18.944395 -50.379745 12 0.9840000000000001 17.9588 0.0069 17.7675 0.0212 17.6609 0.0161 17.6533 0.0135
18.89501 -50.507453000000005 7 0.9570000000000001 nan nan 19.7841 0.0114 18.2222 0.0093 17.6643 0.0193
18.633371 -50.3104 9 0.983 18.5674 0.0118 17.6347 0.0105 16.2937 0.0078 15.7759 0.0064
18.862509 -50.305823 7 0.982 18.22 0.019 17.6687 0.0117 17.3199 0.0106 17.2065 0.0091
18.555956 -50.463812 8 0.98 20.1414 0.0174 19.1969 0.0411 17.4525 0.0063 16.7706 0.0265
18.849679000000002 -50.533045 8 0.983 19.389 0.0142 18.4735 0.0108 16.7842 0.0121 16.1246 0.0062
18.925499 -50.488577 12 0.9840000000000001 17.3364 0.0083 16.9637 0.0074 16.7363 0.0072 16.6824 0.0064
18.935454999999997 -50.354188 9 0.983 18.4646 0.0076 17.5495 0.0106 16.6318 0.0111 16.287 0.0071
18.698116 -50.546277 11 0.998 13.5835 0.0106 13.2105 0.0105 12.9588 0.0069 12.9013 0.0061
18.953657 -50.455007 11 0.983 17.8418 0.0075 17.5808 0.0278 17.418 0.0067 17.405 0.009000000000000001
18.693541 -50.54779 6 0.988 nan nan nan nan 16.6913 0.0111 16.2787 0.01
18.651434 -50.538564 11 0.982 19.0388 0.0074 18.1144 0.0082 16.8731 0.0061 16.3914 0.0064
18.535587 -50.40554 4 0.976 20.6814 0.0112 nan nan 17.9577 0.0797 17.1192 0.017
18.956577 -50.376888 10 0.983 18.4269 0.0086 17.5293 0.0075 16.4695 0.0076 16.0682 0.011000000000000001
18.842958 -50.541416 11 0.983 17.6081 0.0074 17.3995 0.0105 17.26 0.0075 17.2222 0.0079
18.584948999999998 -50.326833 8 1.0 nan nan nan nan nan nan 12.263 0.0061
18.717694 -50.278921000000004 12 0.992 16.8404 0.0072 16.1247 0.0074 15.6348 0.0061 15.4319 0.0068
18.737614999999998 -50.556191999999996 10 0.95 20.0412 0.013000000000000001 19.1871 0.0099 18.2817 0.0135 17.9871 0.0087
18.793417 -50.279517999999996 11 1.0 14.0696 0.0105 13.8179 0.0105 13.6963 0.0061 13.6833 0.0074
18.778765 -50.276246 11 0.971 19.2681 0.0233 18.8169 0.0117 18.4835 0.0104 18.3825 0.0671
18.878748 -50.301192 8 0.982 18.0563 0.0081 17.7439 0.0106 17.619 0.0222 17.5688 0.01
18.96537 -50.381508000000004 10 0.983 17.5977 0.0105 17.2326 0.0074 17.0179 0.0111 16.945 0.0239
18.59129 -50.316596999999994 7 0.96 20.2606 0.0485 19.4792 0.0119 18.2018 0.0184 17.6711 0.011000000000000001
18.639478 -50.291838 8 0.961 19.3355 0.0088 18.875 0.0172 18.5823 0.0102 18.2906 0.0334
18.747475 -50.561512 13 0.9990000000000001 14.0807 0.0074 nan nan 13.3918 0.0061 13.3169 0.0061
18.77011 -50.27235 10 0.982 18.3181 0.0067 17.6761 0.0074 17.2237 0.0062 17.0424 0.0081
18.68713 -50.55605 10 0.982 18.1709 0.018000000000000002 17.4854 0.0074 16.9892 0.0061 16.7905 0.0065
18.852655 -50.547477 10 0.992 13.5117 0.0105 13.2459 0.0105 13.0957 0.0105 13.0849 0.0061
18.566651999999998 -50.507576 9 0.978 18.8611 0.0094 18.7124 0.0087 18.5223 0.0079 18.4398 0.0324
18.521423000000002 -50.445122 7 0.978 18.8392 0.0113 18.2834 0.0076 17.9045 0.0093 17.7348 0.0111
18.644406 -50.549625 9 0.982 18.2975 0.0077 17.8252 0.0076 17.5484 0.0094 17.4386 0.0076
18.953138 -50.340785 10 0.9840000000000001 17.1518 0.0074 16.4057 0.0105 15.8949 0.0061 15.6755 0.0087
18.539238 -50.348349 6 0.982 18.0678 0.011000000000000001 17.8331 0.0077 17.6357 0.0104 17.6157 0.0234
18.601197 -50.535441999999996 7 0.985 18.215 0.0201 17.4652 0.0105 16.9101 0.0128 16.6881 0.0257
18.963647 -50.347315 11 0.983 17.472 0.0065 16.8818 0.0084 16.4817 0.0111 16.3127 0.0063
18.821907 -50.56431 12 0.991 16.2383 0.0074 15.6327 0.0105 15.2078 0.0074 15.0374 0.0074
18.959695999999997 -50.496883000000004 11 0.981 18.6144 0.0156 18.2991 0.0264 18.107 0.0414 18.0311 0.0356
18.504537 -50.403793 8 0.982 18.7088 0.0078 17.794 0.0074 16.4093 0.0101 15.8999 0.0076
18.596517000000002 -50.293771 10 0.9990000000000001 14.5879 0.0074 14.2537 0.0105 14.0615 0.0105 14.0224 0.0095
18.501355 -50.417696 9 0.975 18.5487 0.0392 18.0034 0.0494 17.5676 0.0301 17.2918 0.0424
18.573978 -50.530255 8 0.965 20.4387 0.027000000000000003 19.5586 0.018000000000000002 18.0245 0.008 17.3777 0.0085
18.780403 -50.257791999999995 13 0.9890000000000001 16.4127 0.0076 16.0872 0.0074 15.8936 0.0061 15.845 0.0086
18.752956 -50.577333 10 0.985 16.4234 0.0743 15.6007 0.1094 14.1652 0.0386 13.6104 0.0178
18.702854000000002 -50.574757 13 0.9990000000000001 14.5172 0.0074 13.7478 0.0074 13.1958 0.0074 12.992 0.0061
19.001472 -50.397073999999996 4 1.0 nan nan nan nan nan nan nan nan
18.881907 -50.278542 10 0.98 19.0904 0.0073 18.2434 0.0114 17.4879 0.0075 17.2066 0.0157
18.852685 -50.268574 12 0.997 13.4939 0.0075 13.2059 0.0105 13.0599 0.0074 13.0371 0.0061
18.725863 -50.255317 10 0.9840000000000001 17.3028 0.0078 16.6131 0.0074 16.1258 0.0072 15.9253 0.0076
19.00246 -50.397108 0 1.0 nan nan nan nan nan nan nan nan
18.816461999999998 -50.574179 14 0.985 16.352 0.0074 16.0948 0.0074 15.9497 0.0113 15.9428 0.0074
18.976259 -50.335201 7 0.9840000000000001 18.5886 0.0207 17.6692 0.0221 16.4535 0.0076 16.0078 0.0074
18.980096 -50.337878 9 0.977 18.9632 0.036000000000000004 18.7185 0.0077 18.5303 0.0468 18.4226 0.0479
18.733593 -50.583144 10 0.97 19.0646 0.0248 18.73 0.0099 18.5511 0.0459 18.3291 0.0151
18.873480999999998 -50.269345 8 1.0 12.9686 0.0105 nan nan 12.4835 0.0105 12.4386 0.0074
18.567287 -50.296110999999996 8 0.977 20.6089 0.1473 19.695999999999998 0.0156 17.8175 0.0162 17.1011 0.0113
18.679729000000002 -50.254995 8 0.981 19.0206 0.0101 18.0999 0.0115 17.1815 0.0085 16.8404 0.0063
18.994523 -50.353899 7 0.9890000000000001 nan nan 14.5335 0.0105 14.298 0.0074 14.210999999999999 0.0074
18.994474 -50.353266 0 0.9990000000000001 nan nan nan nan nan nan nan nan
18.847351 -50.258072999999996 12 0.983 16.8055 0.0074 16.5417 0.0105 16.4082 0.0074 16.3736 0.0104
18.543337 -50.525618 8 0.982 18.1845 0.0105 18.0639 0.0149 17.9658 0.0099 17.9064 0.0151
18.493099 -50.366339 10 0.976 19.8462 0.0395 19.0004 0.0117 17.75 0.0061 17.3307 0.0173
18.662501000000002 -50.580096000000005 16 0.9840000000000001 17.0838 0.0062 16.8882 0.0105 16.7456 0.0063 16.7306 0.0063
18.509294 -50.337425 14 0.988 15.9371 0.0105 15.7026 0.0074 15.5591 0.0061 15.5386 0.0074
19.006051 -50.476834000000004 8 0.973 19.1569 0.0107 18.9592 0.0407 18.8459 0.011000000000000001 18.8583 0.0253
18.865054999999998 -50.258946 9 0.976 19.502 0.0224 18.6354 0.0301 17.7449 0.0215 17.4513 0.0133
18.700272000000002 -50.588042 11 0.983 18.6003 0.0062 17.6891 0.0076 16.8486 0.0074 16.52 0.0065
18.983302 -50.325237 13 0.9840000000000001 17.508 0.0074 17.2024 0.0085 16.9886 0.0062 16.9137 0.0112
18.994614000000002 -50.496828 8 0.97 19.2298 0.0236 18.8242 0.0206 18.4566 0.0156 18.3589 0.0204
18.986857999999998 -50.506591 12 0.982 17.7542 0.0109 17.5216 0.0185 17.4119 0.0068 17.3684 0.0164
18.74696 -50.240502 11 0.9840000000000001 17.8224 0.0108 16.9112 0.0074 16.0158 0.0061 15.6552 0.0082
19.021061 -50.381028 12 0.976 19.3452 0.0148 18.4483 0.0364 17.7235 0.0103 17.4305 0.0071
18.999835 -50.340205 9 0.981 18.6372 0.0138 17.87 0.0109 17.285999999999998 0.0072 17.0634 0.0081
18.583817 -50.558403999999996 9 0.981 18.7717 0.0191 17.894000000000002 0.0078 17.1326 0.0062 16.8598 0.0076
18.722784 -50.592763 17 0.991 15.8417 0.0061 15.6081 0.0074 15.4578 0.0061 15.4461 0.0061
18.492904 -50.349739 10 0.96 20.011 0.0103 19.133 0.009000000000000001 18.3281 0.0143 17.9868 0.0282
18.533332 -50.304243 9 0.986 nan nan 13.4513 0.0107 13.3292 0.0074 13.3252 0.0074
18.483473 -50.36261 10 0.9840000000000001 17.9257 0.0078 17.4932 0.0112 17.22 0.0054 17.1203 0.0126
18.544083999999998 -50.294826 9 0.983 17.7882 0.0074 17.3563 0.0075 17.0825 0.0074 16.9748 0.0103
18.473753 -50.380855 10 0.983 17.8878 0.0074 17.4071 0.0091 17.0802 0.0117 16.9433 0.0076
18.690213 -50.592603000000004 9 0.982 18.2303 0.0105 18.0031 0.0075 17.8981 0.006999999999999999 17.8882 0.0144
18.886464 -50.258486 11 0.978 18.9346 0.0099 18.5136 0.026000000000000002 18.2372 0.0218 18.0504 0.0159
18.548964 -50.288625 10 0.981 18.7521 0.0356 17.92 0.0257 17.2056 0.0077 16.9204 0.0104
18.595722 -50.569105 9 0.982 18.2564 0.0074 17.590999999999998 0.0074 17.1565 0.0063 16.9829 0.0144
18.570241 -50.557547 8 0.973 18.9765 0.0259 18.7257 0.0373 18.6417 0.0135 18.538 0.0266
18.764768 -50.234769 10 0.98 19.9914 0.0296 19.0603 0.008 17.6491 0.0063 17.1462 0.0108
18.516704 -50.524229999999996 7 0.983 18.3688 0.0105 17.4561 0.0245 16.3948 0.0061 16.0121 0.0105
18.598567000000003 -50.572841 10 0.998 nan nan 14.277999999999999 0.0105 13.8028 0.0074 13.6288 0.0074
18.738148000000002 -50.23291 11 0.982 18.069000000000003 0.0065 17.5868 0.0089 17.2559 0.0098 17.1619 0.0378
19.018969 -50.487121 10 0.991 14.0217 0.0113 13.7576 0.0105 13.65 0.0061 13.6515 0.0074
18.875458 -50.583815 6 0.985 nan nan 17.1309 0.0109 16.8462 0.0081 16.7383 0.0112
18.466813000000002 -50.373626 12 0.985 17.4238 0.0074 17.0956 0.0074 16.8735 0.0053 16.7949 0.0114
18.979295999999998 -50.531403999999995 8 0.97 20.8725 0.0479 19.8472 0.0221 18.2229 0.0068 17.5217 0.0246
18.843656 -50.239542 5 0.981 19.0099 0.0111 nan nan 17.2797 0.0075 16.9607 0.0086
18.513168 -50.530076 7 0.976 18.9549 0.0415 18.399 0.0294 18.0007 0.0284 17.7854 0.0677
18.564252 -50.268434 10 0.981 19.4203 0.0459 18.4809 0.0175 17.2784 0.0097 16.8069 0.0068
19.017098 -50.332826000000004 14 0.997 15.5358 0.0105 15.1951 0.0074 15.0017 0.0053 14.9473 0.0061
18.460357000000002 -50.371294 12 0.997 14.9193 0.0105 nan nan 13.8843 0.0053 13.7063 0.0061
18.543589 -50.554559000000005 10 0.9840000000000001 17.5524 0.0105 17.253 0.0078 17.0896 0.0062 17.0457 0.0105
18.679229 -50.231178 9 0.983 17.7176 0.0074 17.3729 0.0105 17.1275 0.0142 17.0814 0.0129
18.592794 -50.579436 9 0.978 18.8329 0.0076 18.3929 0.0296 18.1256 0.0204 18.0098 0.0109
19.044420000000002 -50.379214000000005 15 0.9840000000000001 16.6078 0.0061 16.3213 0.0105 16.1492 0.0053 16.1112 0.008
19.035197 -50.352699 10 0.9570000000000001 19.499000000000002 0.0363 19.0349 0.0129 18.7083 0.0224 18.6024 0.0611
18.594975 -50.583104 9 0.983 17.3794 0.0105 16.9179 0.0078 16.5558 0.0092 16.4191 0.012
18.58204 -50.255425 2 0.972 nan nan nan nan nan nan 17.0311 0.0321
18.590737 -50.251637 1 1.0 nan nan nan nan nan nan nan nan
18.944798000000002 -50.267849 14 0.987 16.8717 0.0079 16.4123 0.0074 16.0937 0.0061 15.9594 0.0075
18.692714000000002 -50.226159 10 0.9740000000000001 19.2002 0.02 18.6355 0.0186 18.2529 0.012 18.0603 0.0141
18.871712 -50.238640999999994 11 0.983 18.1023 0.0123 17.2624 0.0108 16.5626 0.0061 16.278 0.0105
18.496315 -50.525971000000006 14 0.9840000000000001 17.0157 0.0074 16.8126 0.01 16.6706 0.0055 16.6785 0.0269
18.684259 -50.225993 16 0.991 15.9537 0.0061 15.6844 0.0074 15.5392 0.0061 15.5091 0.01
18.877122 -50.238745 9 0.977 19.0952 0.0278 19.0256 0.0274 18.8652 0.0104 18.7275 0.0258
18.446192 -50.449571999999996 10 0.982 18.3566 0.0078 17.8838 0.0075 17.5995 0.0056 17.4956 0.0104
18.441546 -50.412095 12 0.9990000000000001 nan nan 14.6119 0.0087 14.4727 0.0061 14.4575 0.0105
19.004299 -50.305074 6 0.98 18.4275 0.0105 18.1712 0.0105 18.0692 0.0089 18.0846 0.0193
18.975818 -50.282204 14 0.9840000000000001 16.5567 0.0105 16.3535 0.0074 16.2408 0.0063 16.2208 0.0074
18.714968 -50.219778999999996 1 1.0 nan nan nan nan nan nan nan nan
18.949457000000002 -50.264717 15 0.986 16.2747 0.0061 15.9741 0.0074 15.8008 0.0061 15.7574 0.0101
19.035976 -50.495244 10 0.975 19.3494 0.0189 18.5372 0.02 17.9372 0.0081 17.6894 0.0272
18.761495 -50.217384 7 0.96 19.3753 0.0083 19.1136 0.0186 19.0212 0.0126 nan nan
18.452851000000003 -50.48043 14 0.986 17.7081 0.022000000000000002 17.4984 0.0074 17.3484 0.0059 17.3232 0.0106
18.731014000000002 -50.616696999999995 11 0.981 18.6785 0.0084 18.5224 0.0188 18.464000000000002 0.0104 18.4001 0.0544
18.741401 -50.617538 16 0.9840000000000001 16.8042 0.0074 16.5239 0.0074 16.3504 0.0061 16.3141 0.0085
18.445018 -50.469657 10 0.981 18.3972 0.0076 18.1146 0.0159 17.9377 0.0061 17.9061 0.0485
18.950143 -50.260655 15 0.986 16.467 0.0061 16.2005 0.0074 16.0566 0.0061 16.0401 0.0107
19.010727 -50.300903000000005 11 0.987 14.2922 0.0105 14.1519 0.0115 14.0961 0.009000000000000001 14.1065 0.0065
18.730906 -50.620248 10 0.981 18.5199 0.0202 17.7321 0.008 17.125 0.0063 16.9199 0.0096
18.58559 -50.240761 10 0.981 19.5337 0.008 18.5357 0.0179 17.2167 0.0125 16.6763 0.0155
19.035026000000002 -50.514803 14 0.983 18.0618 0.0074 17.8375 0.0083 17.7302 0.008 17.7304 0.0082
18.792558 -50.211689 9 0.981 18.624000000000002 0.0074 17.8064 0.0074 17.2045 0.0102 16.9646 0.0169
18.628259 -50.610253 7 0.983 18.2031 0.0105 17.5123 0.0105 17.0557 0.0074 16.8654 0.0151
18.612114000000002 -50.606564 13 0.987 16.5083 0.0075 16.2874 0.0105 16.1811 0.0075 16.186 0.0118
19.077345 -50.437544 11 0.9840000000000001 16.4912 0.0074 16.1869 0.0105 16.0237 0.0061 15.9876 0.0075
18.951586 -50.250071000000005 11 0.983 17.8684 0.0124 17.4604 0.0074 17.2034 0.0077 17.1071 0.006999999999999999
18.817504 -50.210471000000005 9 0.983 17.5715 0.0097 17.1894 0.0076 16.9608 0.0154 16.9029 0.0118
18.847607 -50.618103000000005 8 0.9840000000000001 16.9622 0.0074 16.0899 0.0105 15.1538 0.0074 14.7926 0.0061
18.422007 -50.387368 13 0.9840000000000001 15.7681 0.0105 15.4026 0.0105 15.1415 0.0053 15.0435 0.0061
18.422488 -50.384679999999996 14 0.996 15.5828 0.0074 15.0907 0.0074 14.7459 0.0053 14.6104 0.0074
18.712017000000003 -50.20637 14 0.9840000000000001 17.169 0.0074 16.9275 0.0074 16.7777 0.0075 16.749000000000002 0.0105
18.685408 -50.625653 8 0.968 19.408 0.0206 19.4495 0.0238 19.099 0.0121 nan nan
19.04973 -50.322305 12 0.9840000000000001 17.0757 0.0102 16.3942 0.0074 15.9745 0.0063 15.8094 0.0061
18.829228 -50.209466 7 0.982 19.3006 0.0134 18.3896 0.011000000000000001 17.0204 0.0092 16.4574 0.0106
18.428193 -50.477344 10 0.966 19.4786 0.0115 18.7347 0.0266 18.175 0.0153 17.9785 0.0325
18.951903 -50.588243 14 0.9990000000000001 14.8387 0.0061 14.404000000000002 0.0105 14.1881 0.0061 14.1208 0.0061
18.432804 -50.48939 6 1.0 nan nan nan nan nan nan 12.1591 0.0105
18.411965 -50.416684000000004 8 1.0 13.7308 0.0105 nan nan 13.2464 0.0074 13.2002 0.0105
18.520929000000002 -50.57557 10 0.9940000000000001 nan nan 14.2537 0.0074 14.0219 0.0105 13.9355 0.0105
19.088186999999998 -50.427837 8 1.0 13.2484 0.0105 nan nan 12.8176 0.0105 12.8148 0.0105
18.519737 -50.57561 0 0.9990000000000001 nan nan nan nan nan nan nan nan
19.043793 -50.30788 11 0.9670000000000001 19.3946 0.0104 18.6794 0.0081 18.1171 0.0095 17.8921 0.0216
18.421182 -50.472539000000005 15 0.996 15.5779 0.0105 15.3427 0.0074 15.2115 0.0053 15.1984 0.01
18.771707 -50.200002000000005 12 1.0 13.2579 0.0105 12.8361 0.0108 12.5955 0.0077 12.4976 0.0061
18.479567000000003 -50.550778 9 0.973 19.1 0.0094 18.9451 0.0183 18.851 0.0606 18.7448 0.0244
19.067045 -50.333151 6 1.0 nan nan nan nan nan nan nan nan
18.765783 -50.197853 12 0.982 18.2743 0.0063 17.8933 0.0076 17.6627 0.0061 17.5477 0.0157
19.029851999999998 -50.289383 10 0.983 17.7933 0.01 17.1165 0.0105 16.6502 0.0061 16.463 0.0062
18.408672 -50.38677 11 0.981 18.4332 0.0128 18.2298 0.0099 18.0601 0.0094 18.0936 0.0279
18.98262 -50.579239 7 0.958 20.7922 0.0651 19.8381 0.0717 18.2404 0.0092 17.5521 0.0095
18.468925 -50.289093 2 1.0 nan nan nan nan nan nan 11.6471 0.0113
18.670984 -50.201343 11 0.987 16.9972 0.0078 16.0849 0.0074 15.1303 0.0053 14.7666 0.0061
18.42258 -50.493947 13 0.9990000000000001 13.8844 0.0074 13.6652 0.0105 13.5418 0.0053 13.5359 0.0074
18.410228 -50.364318 9 0.983 17.9631 0.0105 17.3435 0.0106 16.8997 0.0075 16.7009 0.0131
18.405504999999998 -50.377229 10 0.963 19.5696 0.0096 18.8443 0.0076 18.3324 0.0113 18.0361 0.013000000000000001
18.942324 -50.2302 13 0.983 17.9802 0.0077 17.7452 0.0076 17.6263 0.0076 17.6259 0.0103
18.539689000000003 -50.237607000000004 8 0.961 19.5149 0.0135 18.9257 0.0098 18.5096 0.0279 18.3612 0.0718
18.629721 -50.627103000000005 7 0.9690000000000001 20.0784 0.0115 19.1939 0.0117 17.9832 0.0077 17.572 0.02
18.951023 -50.600823999999996 9 0.983 17.5612 0.0061 17.1554 0.0105 16.8931 0.0061 16.8066 0.0074
18.662075 -50.197517 12 0.983 18.712 0.0064 17.7906 0.0121 16.2805 0.0082 15.6867 0.0061
18.619398 -50.627815000000005 7 0.973 19.1749 0.0098 18.9348 0.0128 18.7173 0.0181 18.6555 0.061
19.029889999999998 -50.275290999999996 11 0.977 20.4022 0.0205 19.5305 0.0095 17.8064 0.008 17.1333 0.0147
18.391439000000002 -50.411002 6 0.98 18.5317 0.011000000000000001 18.1282 0.0112 17.7778 0.0152 17.6004 0.0268
18.422992999999998 -50.322559000000005 11 0.982 19.3992 0.026000000000000002 18.4352 0.0075 17.1517 0.0079 16.6646 0.0063
18.761953 -50.646106 9 0.982 18.8513 0.0133 17.9344 0.0076 16.8244 0.0087 16.373 0.0114
18.577172 -50.619093 13 0.983 17.547 0.0079 17.4007 0.0077 17.3355 0.0111 17.3206 0.0171
18.962635000000002 -50.230367 10 0.983 17.9341 0.0062 17.4275 0.0076 17.1231 0.0075 17.0193 0.0068
18.788616 -50.646322999999995 11 0.9840000000000001 18.3408 0.0196 17.4883 0.0169 16.567 0.0061 16.2341 0.0079
18.579094 -50.621519 8 0.963 19.3728 0.0125 18.8295 0.0176 18.5267 0.009000000000000001 18.3332 0.0368
18.42159 -50.521936 10 0.982 19.2038 0.0227 18.3079 0.0359 16.9355 0.0068 16.4396 0.0165
18.450118 -50.552637 10 0.971 19.9208 0.0207 19.0585 0.0237 17.9856 0.0061 17.5875 0.0294
18.411345999999998 -50.325285 16 0.9840000000000001 16.5719 0.0076 16.137 0.009000000000000001 15.8246 0.0053 15.7019 0.0078
18.897926000000002 -50.201776 10 0.998 15.2466 0.0105 14.7313 0.0105 14.3441 0.0061 14.1772 0.0105
19.118347 -50.429685 15 0.988 16.0984 0.0061 16.2278 0.0105 16.4327 0.0061 16.5294 0.0075
18.867801 -50.640458 11 0.9840000000000001 16.9754 0.0074 nan nan 16.4824 0.0074 16.4406 0.0065
18.992759 -50.23865 9 0.9840000000000001 17.8655 0.008 16.9679 0.0074 15.9689 0.0063 15.5777 0.0205
18.380095999999998 -50.393563 11 0.9840000000000001 15.7162 0.0105 nan nan 15.3841 0.0061 15.3676 0.0061
19.121995000000002 -50.419187 14 0.982 17.6981 0.0135 17.455 0.0078 17.3087 0.0069 17.197 0.0173
19.086775 -50.519131 7 0.965 19.5559 0.0115 nan nan 18.3657 0.0417 18.1487 0.0087
18.771948000000002 -50.653869 10 0.983 18.2068 0.0077 17.8553 0.0074 17.6322 0.0111 17.5726 0.0121
18.682634 -50.181177000000005 12 0.982 18.554000000000002 0.0076 17.94 0.0074 17.5312 0.0147 17.349 0.0156
18.395293 -50.496821000000004 10 0.985 14.9079 0.0105 14.6508 0.0105 14.4951 0.0061 14.4718 0.0074
18.59995 -50.196801 9 1.0 16.0587 0.0105 nan nan 15.6661 0.0061 15.6453 0.0185
19.121157 -50.375710999999995 8 0.963 nan nan 19.8238 0.0117 18.1542 0.0145 17.4078 0.0262
18.612329000000003 -50.192609999999995 3 0.976 20.6626 0.017 nan nan 17.753 0.0121 17.0492 0.0105
18.514489 -50.22486 6 0.981 nan nan 18.3769 0.0107 17.3138 0.009000000000000001 16.8591 0.0084
19.068391000000002 -50.553134 11 0.9940000000000001 15.3608 0.0105 nan nan 14.7129 0.0061 14.6284 0.0074
18.647707 -50.181238 12 0.981 18.8416 0.0074 17.9806 0.0165 17.2177 0.0086 16.9094 0.0101
18.449282999999998 -50.265173 16 0.9840000000000001 16.8905 0.0074 16.6446 0.0074 16.5179 0.0085 16.4768 0.0063
18.718069 -50.172816 11 0.956 19.8253 0.0164 19.0466 0.0087 18.4102 0.0087 18.2076 0.0162
19.127701000000002 -50.462237 16 0.993 15.7491 0.0062 15.3118 0.0105 15.0617 0.0065 14.9826 0.0061
18.368901 -50.455051 8 0.9840000000000001 17.0794 0.0075 16.1983 0.0074 15.2738 0.0061 14.9257 0.0105
18.992608999999998 -50.608103 8 0.98 19.8713 0.0321 18.9894 0.0167 17.5054 0.0091 16.9308 0.0219
19.047526 -50.260055 10 0.9670000000000001 19.7024 0.0098 18.8532 0.0158 18.0557 0.006999999999999999 17.7172 0.0177
18.574824 -50.196708 8 0.983 17.8024 0.0105 16.8788 0.0077 15.7001 0.0061 15.2455 0.0074
19.137705 -50.387494000000004 8 0.9840000000000001 18.2582 0.0105 17.2964 0.0074 15.8929 0.0075 15.3807 0.0074
18.615769 -50.182046 8 0.986 16.0394 0.0105 15.7123 0.0105 15.4993 0.0105 15.4551 0.0105
18.580166000000002 -50.191281 9 0.982 19.0961 0.0087 18.2091 0.0254 16.8549 0.0061 16.3018 0.0075
19.138815 -50.382822 13 0.998 14.7976 0.0101 14.0722 0.0105 13.5928 0.0061 13.4196 0.0075
19.123107 -50.495593 17 0.997 16.3823 0.0061 16.1035 0.0074 15.9462 0.0053 15.9155 0.0061
18.418501000000003 -50.280085 15 0.995 15.0141 0.0095 14.7386 0.0091 14.5834 0.0088 14.547 0.0077
18.774204 -50.165083 17 0.9840000000000001 17.0993 0.0061 16.757 0.0076 16.5541 0.0053 16.5028 0.0064
19.004857 -50.610017 2 1.0 nan nan nan nan nan nan nan nan
18.497631 -50.611903000000005 10 0.982 18.349 0.0084 17.92 0.0231 17.6583 0.0065 17.5697 0.0096
18.351848 -50.415099 8 0.983 18.219 0.0084 17.3457 0.0076 16.2986 0.0061 15.9139 0.0114
19.122851999999998 -50.50671 13 0.981 18.4655 0.008 18.317 0.0219 18.206 0.0108 18.2285 0.0439
18.642569 -50.662193 8 1.0 13.1831 0.0074 12.8319 0.0105 nan nan 12.505999999999998 0.0105
18.413923 -50.278125 11 0.982 18.7864 0.0088 17.8883 0.0098 16.9007 0.0054 16.4992 0.0224
18.552718 -50.194373 11 0.9840000000000001 17.3281 0.0074 16.5253 0.0075 15.8898 0.0068 15.6522 0.0061
19.08689 -50.277898 14 0.988 16.2851 0.0074 15.699000000000002 0.0105 15.3304 0.0061 15.1785 0.0074
18.543714 -50.636685 12 0.986 16.5281 0.0105 16.328 0.0127 16.2137 0.0061 16.2197 0.0111
18.890751 -50.174968 11 0.965 20.1635 0.012 19.2671 0.0112 18.1276 0.0164 17.6546 0.0104
18.399292000000003 -50.546329 11 0.983 17.0577 0.0105 16.7635 0.0105 16.5811 0.0062 16.5452 0.0075
18.546631 -50.640131 10 1.0 13.8253 0.0105 13.4485 0.0074 13.2503 0.0074 13.1986 0.0105
18.801332000000002 -50.672826 15 0.998 14.977 0.0061 14.7471 0.0105 14.6089 0.0074 14.606 0.0061
18.894114000000002 -50.175276000000004 11 0.983 18.1519 0.0156 17.5164 0.0084 17.0681 0.0079 16.8686 0.0079
18.738763 -50.158066 10 0.973 19.3159 0.0166 19.0101 0.0077 18.8646 0.0103 18.784000000000002 0.0362
18.346352 -50.388982 8 0.98 18.4637 0.0103 18.1494 0.0241 17.9759 0.0343 17.8813 0.018000000000000002
18.823415 -50.671982 15 0.99 16.4412 0.0061 16.1836 0.0074 16.042 0.0074 16.0578 0.0074
19.075907 -50.260670000000005 8 0.981 18.9664 0.0085 18.1825 0.0109 17.6054 0.0063 17.4114 0.0402
18.95081 -50.190177 16 0.998 14.8215 0.0062 14.4469 0.0082 14.2176 0.0077 14.1439 0.0101
18.343309 -50.388587 9 0.982 18.1098 0.0182 17.7668 0.017 17.5632 0.0163 17.4598 0.0151
18.905188 -50.175447999999996 15 0.982 18.2955 0.0143 18.2358 0.008 18.2362 0.0137 18.349 0.0496
19.147558 -50.353425 12 0.998 15.1187 0.0105 14.6866 0.0105 14.4441 0.0053 14.3556 0.0087
18.55518 -50.186617 9 0.98 18.56 0.0076 18.3142 0.0155 18.2129 0.0068 18.0671 0.0091
19.066512 -50.250316999999995 8 0.982 19.1052 0.0085 18.1879 0.0105 16.785 0.0094 16.262 0.0122
18.539015 -50.192125 8 0.973 19.1007 0.0136 18.5587 0.0227 18.1622 0.0115 18.0508 0.0142
18.531305 -50.195031 8 0.973 19.5091 0.017 18.6737 0.0213 18.0553 0.0156 17.7502 0.0194
18.877772 -50.167448 17 0.993 15.7228 0.0095 14.8145 0.0129 13.9922 0.0145 13.6598 0.0177
18.416141 -50.263441 10 0.9790000000000001 18.7321 0.0076 18.4515 0.008 18.2693 0.0189 18.1629 0.0144
19.0584 -50.242394 8 0.9840000000000001 17.7636 0.0084 16.8961 0.0105 16.1446 0.0062 15.8482 0.0074
18.472412 -50.222119 10 0.976 18.9406 0.0079 18.7798 0.0229 18.6978 0.0154 18.614 0.098
18.41581 -50.571919 13 0.9990000000000001 14.7205 0.0105 14.4193 0.0075 14.2452 0.0061 14.2129 0.0074
18.354657 -50.340565000000005 12 0.9990000000000001 13.7038 0.0076 13.247 0.0105 12.9779 0.0061 12.8888 0.0074
18.487821 -50.213265 8 0.9840000000000001 17.4333 0.0105 16.6461 0.0365 16.0387 0.0068 15.8006 0.0079
18.485785999999997 -50.214248 7 0.982 18.6965 0.0118 17.8408 0.0109 17.0024 0.0088 16.6578 0.009000000000000001
18.412937 -50.570436 2 0.953 nan nan nan nan 18.1933 0.0195 17.7723 0.0145
18.334073999999998 -50.401884 11 0.9890000000000001 nan nan nan nan 14.8207 0.0061 14.7763 0.0074
18.35389 -50.329522999999995 9 0.9990000000000001 nan nan 13.3637 0.0105 13.1798 0.0074 13.1352 0.0074
18.414379 -50.256482 10 0.978 19.9168 0.013999999999999999 19.0032 0.0256 17.8923 0.0073 17.4539 0.0267
18.96986 -50.645314 10 0.996 15.8907 0.0105 nan nan 14.4848 0.0074 14.2722 0.0061
18.32979 -50.397263 9 0.9590000000000001 19.5608 0.0462 18.8665 0.0132 18.4142 0.0205 18.2688 0.0754
18.378804000000002 -50.544449 7 0.978 18.465 0.0111 18.1292 0.0105 17.9547 0.0137 17.9204 0.0176
19.038418 -50.221019 14 0.982 18.1666 0.0082 18.0649 0.016 18.0966 0.0189 18.1127 0.0184
18.71901 -50.685499 12 0.998 nan nan 13.022 0.0105 12.8463 0.0074 12.8148 0.0061
18.908068 -50.667071 9 0.976 19.0335 0.0069 18.8491 0.0384 18.8555 0.0098 18.8473 0.0167
19.047810000000002 -50.225258000000004 18 0.986 16.1583 0.0061 15.8888 0.0074 15.749 0.0068 15.7254 0.0062
19.020359 -50.208220000000004 9 0.981 18.5699 0.0235 18.2714 0.0078 18.0947 0.0076 17.9885 0.0792
18.429462 -50.238932 11 0.983 17.7104 0.022000000000000002 16.9631 0.0075 16.4073 0.0053 16.1848 0.0141
19.144798 -50.315846 12 0.983 17.637 0.0062 16.9276 0.0074 16.4548 0.0053 16.2688 0.0075
18.584138 -50.166777 10 0.96 20.4796 0.0137 19.5114 0.0257 18.184 0.0097 17.6962 0.0142
18.842419 -50.68307 9 0.976 18.9956 0.0095 18.3585 0.0081 17.9228 0.0082 17.7305 0.0287
18.522229 -50.648157 7 0.983 17.3151 0.0105 16.793 0.0074 16.462 0.0061 16.3575 0.0105
19.137463 -50.533963 11 0.981 18.6782 0.0146 18.469 0.0115 18.3246 0.0066 18.3359 0.0124
18.376639 -50.281991999999995 8 0.981 18.1862 0.0105 17.840999999999998 0.0113 17.6127 0.0106 17.5421 0.0285
19.179577 -50.408046999999996 9 0.976 19.0498 0.0077 18.5874 0.0193 18.3355 0.0102 18.2438 0.0119
19.056717000000003 -50.609182000000004 11 0.981 18.4591 0.0068 18.1362 0.0075 17.9263 0.0079 17.8627 0.0121
18.829891 -50.686938 9 0.982 19.4019 0.0102 18.4225 0.0075 16.7418 0.0081 16.0846 0.0098
19.177474 -50.379384 9 0.978 18.8619 0.0064 18.8439 0.0165 18.9006 0.0147 nan nan
18.714572 -50.142425 12 0.983 19.2436 0.016 18.259 0.0076 16.6424 0.006999999999999999 16.0107 0.0096
19.093792999999998 -50.584371999999995 10 0.9940000000000001 15.0476 0.0105 nan nan 14.5172 0.0061 14.4801 0.0074
19.17064 -50.353009 9 0.971 19.0986 0.0077 18.5909 0.0124 18.3663 0.0204 18.2893 0.0252
18.880936 -50.153824 17 1.0 13.6697 0.0064 13.2829 0.0075 13.065999999999999 0.0053 12.9982 0.0061
18.316176000000002 -50.410527 9 0.976 20.2506 0.037000000000000005 19.4742 0.0231 17.8767 0.0082 17.2082 0.0088
18.420363000000002 -50.237259 17 0.996 14.5982 0.0074 14.3624 0.0074 14.2408 0.0053 14.2249 0.0061
18.962785999999998 -50.17505 5 0.9570000000000001 nan nan nan nan 18.1491 0.0081 18.0209 0.013000000000000001
19.003357 -50.191154 11 0.983 18.7534 0.0115 17.8507 0.0077 16.7096 0.0064 16.2655 0.0098
18.941498 -50.666828 11 0.98 19.1747 0.0079 18.3257 0.0085 17.6008 0.0065 17.3151 0.0071
18.97358 -50.655871000000005 2 1.0 nan nan nan nan nan nan nan nan
19.052429 -50.215758 9 0.98 18.637999999999998 0.013000000000000001 18.2327 0.0175 17.999000000000002 0.009000000000000001 17.9305 0.0187
18.313419 -50.399319 9 0.975 18.9753 0.0077 18.8036 0.0229 18.7278 0.0151 18.6293 0.0569
18.311977 -50.403366999999996 8 0.963 19.8337 0.0896 18.9925 0.0492 18.5147 0.0165 18.2487 0.0331
18.965363 -50.172309000000006 16 1.0 14.2225 0.0061 13.8649 0.0074 13.6525 0.0053 13.5786 0.0061
19.188305 -50.390353999999995 10 0.961 20.1227 0.0136 19.1683 0.0198 18.1487 0.017 17.771 0.0103
18.309646 -50.40896 13 0.993 15.9311 0.0074 15.1826 0.0074 14.5894 0.0061 14.3564 0.0087
19.146788 -50.295165000000004 8 0.975 19.7076 0.0324 18.956 0.0134 17.8767 0.0068 17.5025 0.0101
19.088498 -50.596963 8 0.975 19.4385 0.0155 18.5375 0.0113 17.779 0.0068 17.4935 0.0094
18.308479000000002 -50.433375 13 0.9990000000000001 14.8469 0.0074 14.3496 0.0074 14.0077 0.0061 13.8787 0.0105
18.404501 -50.593111 7 0.983 17.7754 0.0107 17.1717 0.0105 16.7249 0.0061 16.5566 0.0154
19.130682999999998 -50.561301 10 0.951 19.4542 0.0324 19.2972 0.0577 19.1149 0.0297 18.9334 0.0327
18.319631 -50.484111 10 0.975 19.9354 0.0323 19.088 0.0079 17.8536 0.0102 17.3677 0.0398
18.310029999999998 -50.384767 11 0.978 18.7779 0.0208 18.6411 0.0074 18.527 0.0075 18.5462 0.0376
18.924526999999998 -50.156834 12 0.98 18.8311 0.0129 18.6369 0.0113 18.5093 0.0116 18.4578 0.0247
19.114 -50.255092 15 0.997 14.6966 0.0074 14.027999999999999 0.0074 13.6072 0.0053 13.4361 0.0074
18.327419 -50.330108 17 0.9990000000000001 14.1849 0.0074 13.8749 0.0074 13.6882 0.0053 13.6391 0.0081
18.362824 -50.557252000000005 10 0.983 17.8468 0.0076 17.574 0.0075 17.3945 0.0069 17.3178 0.0124
18.383802 -50.578893 6 0.975 20.0385 0.0155 19.1166 0.0127 17.8875 0.0086 17.4575 0.0214
18.884002 -50.687521000000004 11 0.972 19.5617 0.0248 18.7264 0.0101 18.1101 0.015 17.8665 0.0376
18.387173999999998 -50.582516 7 0.9940000000000001 13.8485 0.0105 nan nan 12.5022 0.0105 12.2654 0.0074
18.378166 -50.259484 8 0.993 18.2101 0.0115 17.3731 0.0119 16.219 0.0061 15.7716 0.011000000000000001
19.196662 -50.405435 12 0.981 18.6469 0.0102 17.8596 0.0116 17.2329 0.0067 16.9775 0.0162
18.790760000000002 -50.132467999999996 11 0.978 19.7482 0.0105 18.8356 0.0111 17.6239 0.0079 17.1642 0.0217
18.69652 -50.133114 10 0.9890000000000001 14.4314 0.0105 14.1777 0.0105 14.0403 0.0061 14.0149 0.0074
18.446194000000002 -50.206686 8 0.9740000000000001 19.0501 0.011000000000000001 18.8512 0.0275 18.6833 0.0114 18.5191 0.0379
18.528284 -50.168114 9 0.983 17.9177 0.0105 17.5278 0.0074 17.2617 0.0081 17.1211 0.0213
19.08419 -50.225812 8 0.983 18.2309 0.0083 17.8422 0.0115 17.6619 0.0068 17.5671 0.0103
18.849952 -50.137355 10 0.982 18.0485 0.0077 17.773 0.0105 17.6123 0.0102 17.5953 0.0085
19.153346 -50.544838 10 0.9570000000000001 19.7677 0.0092 18.8476 0.0114 18.3424 0.0221 18.174 0.0305
18.367676 -50.265692 8 0.9840000000000001 16.5385 0.0105 15.8062 0.0105 15.2979 0.0074 15.0836 0.0061
18.5085 -50.660104 10 0.983 17.54 0.0114 17.0699 0.0123 16.796 0.0053 16.6739 0.0096
18.454713 -50.634861 10 0.955 19.7816 0.0107 18.9772 0.0112 18.3003 0.006999999999999999 17.9481 0.0335
18.41895 -50.613913000000004 9 0.972 19.2992 0.036000000000000004 18.9534 0.0295 18.6955 0.0156 18.735 0.02
18.674325 -50.131918 13 0.9890000000000001 14.5071 0.0074 14.0882 0.0105 13.82 0.0061 13.7251 0.0061
18.819172000000002 -50.130210999999996 4 1.0 nan nan nan nan nan nan 12.2517 0.0105
19.066282 -50.625753 7 0.983 17.994 0.0112 17.5929 0.011000000000000001 17.3421 0.0062 17.2688 0.0078
18.817921 -50.704227 12 0.983 17.4921 0.0074 17.2309 0.0074 17.0856 0.0074 17.0433 0.0084
18.397160999999997 -50.232428000000006 8 0.971 20.2482 0.0275 19.2635 0.0184 17.9188 0.0071 17.4218 0.0284
18.483105 -50.180533000000004 11 0.9740000000000001 19.4779 0.0214 18.6366 0.0077 17.8251 0.0063 17.5247 0.0166
19.16892 -50.534032 11 0.982 18.2843 0.0061 17.6934 0.0081 17.3012 0.0064 17.1536 0.0085
18.784912 -50.707569 11 0.9590000000000001 20.5167 0.0146 19.4698 0.0548 18.1841 0.0165 17.7296 0.0188
18.637620000000002 -50.133827000000004 10 0.966 19.7262 0.0097 18.855 0.0283 18.0839 0.0071 17.7573 0.0087
18.776835000000002 -50.124517 18 0.9990000000000001 15.3754 0.0062 14.8059 0.0074 14.4431 0.0053 14.2975 0.0061
19.079175 -50.212906 10 0.986 16.0322 0.0105 15.5455 0.0105 15.2057 0.0074 15.0596 0.0105
19.124164999999998 -50.588792 13 0.991 16.5812 0.0065 15.7874 0.0074 15.2214 0.0053 15.0258 0.0061
19.034515 -50.185786 12 0.987 17.6189 0.011000000000000001 16.6947 0.0075 15.5277 0.0059 15.085999999999999 0.0078
18.578143 -50.144118 5 1.0 nan nan nan nan nan nan nan nan
18.765855 -50.710825 9 0.976 19.9837 0.0125 18.9999 0.0135 17.5932 0.006999999999999999 17.0692 0.009000000000000001
18.984970999999998 -50.162721999999995 9 0.953 20.4424 0.0146 19.5285 0.0088 18.3911 0.0168 17.9201 0.0867
18.894662 -50.136379999999996 12 0.98 19.4092 0.0228 18.5051 0.0117 17.6131 0.0062 17.2654 0.0072
18.382459 -50.23693 7 0.982 19.4394 0.011000000000000001 18.5513 0.0105 17.2499 0.0067 16.701 0.0077
19.188352 -50.514365000000005 13 0.9990000000000001 14.7689 0.0074 14.4691 0.0105 14.3094 0.0061 14.2996 0.0061
19.182697 -50.308953 15 1.0 14.7892 0.0074 14.5212 0.0074 14.389000000000001 0.0053 14.3719 0.0074
19.126089 -50.242160999999996 17 0.992 15.2831 0.0061 15.0289 0.0074 14.8998 0.0053 14.8821 0.0061
18.336304000000002 -50.278597999999995 13 1.0 13.4232 0.011000000000000001 13.0786 0.008 12.8802 0.0074 12.8354 0.0074
18.850259 -50.709179999999996 8 0.981 18.2997 0.0074 17.9717 0.0135 17.7688 0.0082 17.7138 0.0127
18.444974 -50.189021000000004 12 0.982 18.1206 0.0132 17.8872 0.0124 17.7853 0.0122 17.7691 0.0154
18.632007 -50.126502 12 0.9640000000000001 19.5986 0.0226 18.8188 0.0133 18.1994 0.0189 17.9219 0.0148
19.211168 -50.478258000000004 13 0.9840000000000001 17.4255 0.0066 17.0109 0.0105 16.769000000000002 0.0059 16.6924 0.0196
18.742141 -50.716974 10 0.9790000000000001 20.0282 0.0289 19.1394 0.008 17.6523 0.0065 17.0696 0.0086
18.281118 -50.452473 8 0.988 17.2824 0.0076 16.2963 0.0109 14.6063 0.0086 13.9533 0.0134
18.433272 -50.640423 13 0.9840000000000001 17.2449 0.0092 nan nan 16.7832 0.0053 16.7922 0.0092
18.306435 -50.313834 8 0.975 20.4434 0.0172 19.4305 0.0126 17.9353 0.0073 17.3967 0.0086
18.319413 -50.293139000000004 13 0.9840000000000001 16.6502 0.0074 16.0517 0.0074 15.6339 0.0053 15.4628 0.0061
18.858662 -50.710066 11 0.997 15.7238 0.0105 15.2764 0.0105 15.0203 0.0074 14.9362 0.0061
18.355685 -50.250839 8 0.983 19.1613 0.0113 18.1755 0.0079 16.498 0.0061 15.8474 0.0105
19.067702 -50.641324 7 0.9990000000000001 14.2213 0.025 nan nan 12.3395 0.0389 nan nan
18.811709 -50.116973 10 0.982 19.229 0.0091 18.2884 0.0141 16.9797 0.0073 16.4597 0.0314
18.932922 -50.137384999999995 12 0.983 17.7502 0.0062 17.1598 0.0132 16.7522 0.0057 16.605999999999998 0.0101
18.307026999999998 -50.529674 12 1.0 nan nan nan nan 13.9747 0.0053 13.9297 0.0074
18.276981 -50.455816999999996 10 0.982 18.5871 0.0083 17.7274 0.0074 16.8784 0.0095 16.5791 0.0101
19.012701 -50.670844 9 0.968 19.961 0.0993 18.9666 0.0142 17.9231 0.0178 17.5101 0.0111
18.454335 -50.655884 0 1.0 nan nan nan nan nan nan nan nan
18.299263 -50.316941 15 0.985 16.5867 0.0074 16.2723 0.0086 16.0787 0.0053 16.0193 0.0061
18.982055 -50.150775 9 0.958 20.4472 0.0922 19.5677 0.045 18.2744 0.0092 17.7891 0.0137
18.41544 -50.634546 10 0.982 19.0924 0.0256 18.113 0.0119 16.8007 0.0056 16.3152 0.0119
19.226085 -50.449197 14 0.983 17.7635 0.0064 17.4763 0.0078 17.3408 0.0109 17.3123 0.0094
18.27662 -50.370593 9 0.978 18.9691 0.0132 18.4399 0.011000000000000001 18.0853 0.0056 17.8983 0.0118
18.436275 -50.648571999999994 8 0.98 18.7426 0.0354 nan nan 18.346 0.0086 18.2666 0.0128
18.31719 -50.285007 11 0.971 19.1895 0.0303 18.6874 0.0305 18.1412 0.0221 17.9931 0.0502
18.882145 -50.122147 11 0.973 18.7534 0.021 18.535999999999998 0.0218 18.4204 0.0088 18.3689 0.0121
18.332114999999998 -50.56947 8 0.9590000000000001 19.8408 0.0521 19.613 0.0246 19.2956 0.0284 nan nan
18.271017 -50.386247 10 0.985 17.3388 0.008 16.4368 0.0081 15.0986 0.0061 14.5859 0.0061
18.902241 -50.12486 11 0.973 20.4077 0.0412 19.5484 0.040999999999999995 18.0485 0.006 17.4509 0.0094
19.232684 -50.429057 15 0.9990000000000001 15.3266 0.0061 14.7738 0.0105 14.4219 0.0063 14.2856 0.0074
19.188717999999998 -50.546876 14 0.986 15.4929 0.0105 15.1568 0.0105 14.9758 0.0061 14.9359 0.0061
18.28939 -50.323881 9 0.983 17.7136 0.0105 17.2322 0.0074 16.9348 0.0064 16.8254 0.0067
18.291836 -50.516614000000004 14 0.997 15.1229 0.0105 14.6755 0.0105 14.4013 0.0054 14.318 0.0074
18.560166 -50.700813000000004 8 0.9790000000000001 19.8925 0.0364 18.9623 0.0485 17.6138 0.0086 17.0938 0.0086
18.344766 -50.588934 6 0.983 17.4301 0.0126 16.8871 0.0105 16.5341 0.0065 16.4403 0.0115
19.193319 -50.545369 12 0.983 17.8019 0.0085 17.2723 0.0076 16.9377 0.0067 16.8151 0.0085
18.524977 -50.691838 6 0.9740000000000001 19.1063 0.0127 18.9128 0.0088 18.8253 0.0131 18.8328 0.0434
19.209701000000003 -50.520697 11 0.983 18.2758 0.0065 17.3298 0.0079 16.3403 0.0061 15.9532 0.0061
18.467117000000002 -50.162787 11 0.985 17.2127 0.0078 16.2878 0.0075 14.9783 0.0067 14.4735 0.008
19.234216 -50.464940000000006 10 0.966 20.6908 0.0403 19.5683 0.0116 18.1084 0.0206 17.5498 0.0101
19.158889000000002 -50.243981 10 0.98 18.6742 0.0071 18.2483 0.0106 17.9498 0.0086 17.9453 0.0139
18.363245000000003 -50.22418 9 0.978 20.3689 0.016 19.4275 0.027000000000000003 17.6508 0.0227 16.9605 0.0109
19.050112 -50.665303 9 0.977 19.1483 0.0073 18.971 0.0156 18.9169 0.0317 18.9846 0.0301
18.442223000000002 -50.172534999999996 11 0.98 18.5921 0.0074 18.0747 0.0074 17.7285 0.0073 17.5657 0.0085
18.303572 -50.285365999999996 16 0.9890000000000001 16.5548 0.0095 16.2408 0.0074 16.0321 0.0053 15.9649 0.0074
19.237755 -50.373427 12 0.983 17.3827 0.0074 16.9755 0.0133 16.7229 0.0078 16.634 0.016
18.811656 -50.728668 13 0.9990000000000001 15.2913 0.0061 14.9818 0.0105 14.8128 0.0074 14.7923 0.0075
18.783248999999998 -50.102878999999994 9 0.9740000000000001 19.2006 0.0312 19.1028 0.0311 19.0288 0.0476 nan nan
18.491017000000003 -50.684809 12 0.9840000000000001 17.3358 0.0107 17.012999999999998 0.0189 16.8318 0.006999999999999999 16.7883 0.0188
18.40128 -50.640516999999996 6 0.98 17.4334 0.012 16.983 0.0168 16.6143 0.0166 16.4766 0.0079
18.505478 -50.690939 6 0.978 nan nan 20.0966 0.0299 17.9364 0.0213 17.0533 0.0125
18.769886 -50.101442 13 0.98 18.5385 0.0161 18.3767 0.0147 18.2178 0.0115 18.2396 0.0134
18.668289 -50.105256 12 0.983 17.8931 0.0077 17.0022 0.0076 15.9645 0.0053 15.5699 0.0075
18.367195000000002 -50.214583000000005 0 0.9890000000000001 nan nan nan nan nan nan nan nan
18.427053 -50.6586 0 1.0 nan nan nan nan nan nan nan nan
18.638289999999998 -50.107317 8 0.9840000000000001 17.6987 0.0148 16.8972 0.0109 16.325 0.009000000000000001 16.105 0.0084
18.640541 -50.1068 13 0.988 16.5164 0.0313 15.8374 0.0306 15.3684 0.0064 15.1852 0.0079
19.017861 -50.147925 12 0.983 19.3137 0.0186 18.3307 0.0077 16.6964 0.0053 16.0306 0.0061
18.782420000000002 -50.098479 16 0.993 16.3329 0.0063 15.4315 0.0075 14.5371 0.0053 14.1897 0.0061
19.217215 -50.531913 15 0.9840000000000001 17.4662 0.0098 17.191 0.0074 17.0274 0.006 16.9854 0.0147
18.478793 -50.148633000000004 8 0.9640000000000001 19.2443 0.0098 19.0713 0.0083 18.9743 0.0094 18.8122 0.0238
19.247851 -50.455698999999996 12 0.955 19.5122 0.0086 18.8619 0.0115 18.5262 0.0191 18.4015 0.0177
18.249007000000002 -50.400851 8 0.982 18.6629 0.0124 17.8009 0.0108 16.8366 0.0062 16.4514 0.0078
18.898369 -50.722906 10 0.9690000000000001 19.6606 0.0278 18.7539 0.0165 17.8253 0.0087 17.5053 0.0129
19.211463000000002 -50.546401 11 0.961 19.2136 0.0095 18.6494 0.0342 18.2911 0.0149 18.0959 0.011000000000000001
19.195563 -50.266714 12 0.9840000000000001 17.4699 0.0067 16.6329 0.0074 15.9134 0.0059 15.6459 0.0061
18.272299 -50.314053 9 0.977 18.5418 0.0116 18.3825 0.0105 18.2462 0.0067 18.2575 0.0171
19.236383 -50.331934000000004 15 0.9890000000000001 16.2187 0.0061 15.9513 0.0074 15.8146 0.0061 15.7897 0.0074
18.252716 -50.361134 9 0.98 19.3261 0.0123 18.4403 0.0112 17.2301 0.0106 16.7691 0.0076
18.557222 -50.119078 11 0.985 17.4193 0.0076 16.6901 0.0116 16.1758 0.0053 15.9595 0.0061
19.251998999999998 -50.378855 1 0.975 nan nan nan nan nan nan 17.9589 0.1802
18.651097 -50.733463 13 0.998 15.6705 0.0105 14.8591 0.0095 14.193 0.0061 13.9383 0.0074
18.653725 -50.099342 16 0.9890000000000001 15.5364 0.0061 15.2518 0.0074 15.0789 0.0053 15.0421 0.0077
19.209887 -50.555009000000005 16 0.9840000000000001 17.4502 0.0068 17.1087 0.0074 16.9103 0.0082 16.8573 0.013000000000000001
18.255896 -50.340154 8 1.0 nan nan nan nan nan nan 12.0602 0.0144
18.300591 -50.265353000000005 11 0.981 19.4224 0.05 18.554000000000002 0.0094 17.1868 0.0055 16.6835 0.0109
18.723729000000002 -50.092539 12 0.951 20.3712 0.0181 19.5264 0.0447 18.314 0.006999999999999999 17.8464 0.0247
19.258295 -50.439737 10 0.9670000000000001 20.5864 0.0115 19.5709 0.0096 18.1712 0.0235 17.6617 0.0256
18.335606 -50.228312 9 0.982 18.262999999999998 0.0108 17.8228 0.0123 17.5224 0.006999999999999999 17.3613 0.0298
18.667876 -50.095501 10 0.963 19.3788 0.0281 19.0671 0.0418 18.8552 0.0338 18.8868 0.0193
18.237759 -50.415532 12 1.0 nan nan 13.3519 0.0076 12.8711 0.0062 12.6847 0.0074
18.595626 -50.728623999999996 8 0.973 20.6999 0.0129 19.7965 0.03 17.9266 0.0136 17.2447 0.0134
19.164632 -50.224532 11 0.976 18.9622 0.0072 18.6923 0.0169 18.5186 0.0194 18.3975 0.017
18.307215 -50.584117 16 0.9940000000000001 15.6792 0.0075 15.1518 0.0074 14.8348 0.0053 14.7274 0.0074
18.785972 -50.089482000000004 18 0.9840000000000001 17.0442 0.0061 16.7715 0.0074 16.6145 0.0067 16.5923 0.0068
18.344876 -50.620163 13 0.988 16.3187 0.0074 15.8376 0.0083 15.5301 0.0061 15.4362 0.0105
18.301927 -50.580521000000005 10 0.9790000000000001 19.5811 0.0392 18.6575 0.0373 17.6538 0.0083 17.279 0.0089
18.964017000000002 -50.117062 9 0.958 19.1565 0.008 18.8668 0.0079 18.7155 0.0123 18.7045 0.0216
19.228932 -50.54332 2 1.0 nan nan nan nan nan nan nan nan
19.252113 -50.501176 12 0.982 19.1601 0.021 18.2456 0.0111 17.0374 0.0073 16.5783 0.0081
18.236244 -50.466822 10 0.975 19.2705 0.0187 18.4884 0.0083 17.8655 0.0056 17.6623 0.0238
18.722289 -50.747337 10 0.9990000000000001 nan nan nan nan 13.5334 0.0061 13.5163 0.0074
18.707152999999998 -50.085884 12 0.983 18.9555 0.0072 18.0533 0.0219 16.7604 0.0095 16.2554 0.0062
19.267177 -50.463162 4 1.0 nan nan nan nan nan nan 11.5792 0.0105
19.086304000000002 -50.671619 7 1.0 nan nan nan nan 12.4979 0.0105 12.5016 0.0074
18.234126999999997 -50.365918 10 0.98 18.5364 0.0112 17.9321 0.0105 17.5443 0.0066 17.3459 0.0071
19.000816 -50.709289 8 0.982 18.3485 0.0105 17.777 0.0074 17.3801 0.0061 17.2355 0.0094
18.274404 -50.279075 11 0.982 19.5749 0.0205 18.6213 0.0142 17.018 0.0055 16.3643 0.0182
18.275729000000002 -50.558978 12 0.992 15.0926 0.0119 14.8324 0.0105 14.6759 0.0053 14.6489 0.0075
18.302964000000003 -50.242908 10 0.9840000000000001 18.0009 0.0105 17.0864 0.0078 15.5976 0.0067 15.0123 0.0061
18.568502 -50.730321999999994 9 0.9670000000000001 19.6254 0.0084 18.815 0.013000000000000001 18.1164 0.0131 17.9006 0.0095
18.227501999999998 -50.448294 10 0.975 19.0106 0.0099 18.7944 0.0356 18.6307 0.0151 18.588 0.0875
18.932778 -50.102965000000005 16 0.985 17.0882 0.0061 16.891 0.0074 16.7888 0.0053 16.7848 0.0085
19.053241 -50.69084 12 0.983 18.8541 0.0068 17.9459 0.0074 16.9339 0.0054 16.5643 0.0064
18.991864 -50.714648 9 0.982 18.2363 0.0078 17.6977 0.0074 17.3384 0.0103 17.2346 0.0088
18.355153 -50.639133 12 0.982 18.3279 0.0081 18.3868 0.0102 18.3229 0.0131 18.1916 0.0229
19.274848000000002 -50.445859000000006 12 0.983 16.6648 0.0074 16.1331 0.0105 15.7696 0.0074 15.6351 0.0074
18.318781 -50.223172 17 0.988 15.4287 0.0074 15.2012 0.0074 15.0816 0.0053 15.0734 0.0061
19.157518 -50.203293 15 0.99 16.0954 0.0074 15.7067 0.0074 15.4778 0.0067 15.4083 0.0074
18.903760000000002 -50.094167 12 0.983 17.8034 0.0103 17.2283 0.0082 16.8967 0.008 16.781 0.0076
18.600095 -50.740853 8 0.978 19.4795 0.0139 18.6015 0.0126 17.3248 0.0078 16.8448 0.0078
19.114875 -50.171329 12 0.976 18.8436 0.0123 18.5147 0.0084 18.3035 0.0176 18.2943 0.0271
18.219004 -50.433977 8 0.9840000000000001 17.0761 0.0074 16.244 0.0074 15.454 0.0072 15.168 0.0105
18.370949 -50.178456 12 0.9840000000000001 15.2475 0.0105 15.0165 0.0105 14.890999999999998 0.0061 14.8763 0.0067
19.267433 -50.49985 12 0.971 19.7493 0.016 18.9174 0.0187 17.7601 0.0144 17.2565 0.0102
19.192456 -50.608114 11 0.983 17.6642 0.0074 16.9848 0.0075 16.5329 0.0053 16.3648 0.0067
18.302733 -50.603776 12 1.0 nan nan 13.7656 0.0105 13.5858 0.0053 13.552999999999999 0.0074
18.216062 -50.403144 9 0.982 19.0128 0.0213 18.1314 0.0075 16.654 0.0062 16.1029 0.0123
18.533697 -50.10543 8 0.9790000000000001 19.7554 0.0125 18.7954 0.0154 17.4509 0.0086 16.9205 0.0079
18.575905 -50.739238 9 0.983 18.8924 0.0202 17.8983 0.0204 16.0547 0.0063 15.2916 0.0074
18.28929 -50.592362 9 0.986 18.2638 0.0112 17.4574 0.0074 16.8463 0.0144 16.6602 0.0075
19.247586 -50.290149 9 0.95 19.3519 0.0152 18.7255 0.0105 18.3507 0.0227 18.1413 0.0101
18.285998 -50.246127 17 0.992 15.3924 0.0089 14.7131 0.0074 14.2553 0.0053 14.0766 0.0061
18.71035 -50.075815999999996 12 0.981 18.8554 0.006999999999999999 18.0611 0.0074 17.4469 0.0089 17.2105 0.0069
18.862323 -50.082384000000005 17 0.9990000000000001 14.515999999999998 0.0061 14.2245 0.0074 14.0788 0.0053 14.0576 0.0061
18.308813 -50.222883 10 0.9620000000000001 19.4764 0.0211 18.925 0.0249 18.5644 0.0142 18.3805 0.027999999999999997
19.176216 -50.625298 13 0.9840000000000001 17.5308 0.0157 17.2218 0.0074 17.0927 0.0054 17.0769 0.0109
19.271673 -50.500701 8 0.982 19.3875 0.016 18.4669 0.0122 16.9039 0.0098 16.3286 0.0105
18.573610000000002 -50.091899 12 0.982 18.1694 0.0079 17.9019 0.0074 17.7313 0.0092 17.6855 0.0329
18.228702 -50.507643 9 0.961 19.4431 0.0255 19.1074 0.0102 18.8968 0.0169 18.976 0.019
19.198103 -50.225258000000004 11 0.9690000000000001 19.0693 0.0095 18.7206 0.0237 18.5037 0.0226 18.6198 0.0299
18.209912 -50.40675 12 0.986 16.2323 0.0105 15.7102 0.0076 15.4007 0.0061 15.2953 0.0118
18.778154 -50.072198 12 0.982 19.0932 0.0159 18.159000000000002 0.0086 16.8979 0.0058 16.4115 0.0062
19.151788 -50.18578 12 0.981 18.472 0.0133 18.1378 0.0078 17.9184 0.0127 17.7801 0.0124
19.289998 -50.383267 6 0.963 19.2447 0.017 19.1105 0.0206 19.0627 0.0109 nan nan
18.64128 -50.077622 10 0.982 18.3155 0.0063 17.8787 0.0089 17.6086 0.0069 17.4712 0.017
19.285685 -50.476282 10 0.981 19.3696 0.0098 18.4358 0.0079 17.2074 0.0067 16.7419 0.0063
18.20944 -50.456074 8 0.973 19.0758 0.021 18.7978 0.0111 18.7525 0.0079 18.657 0.0216
18.209729 -50.371998 10 0.98 18.9029 0.0283 18.2611 0.033 17.891 0.0237 17.6921 0.0262
18.686885 -50.070935 11 0.982 18.3079 0.0105 17.9432 0.0075 17.679000000000002 0.006 17.567 0.0094
18.546985999999997 -50.741187 7 0.98 19.2069 0.0113 18.3611 0.027000000000000003 17.4238 0.0071 17.062 0.0116
18.280201 -50.237443 11 0.972 19.2814 0.0104 18.6615 0.009000000000000001 18.2513 0.0128 17.995 0.0309
18.202635 -50.443218 6 1.0 nan nan nan nan 12.4104 0.0105 12.4116 0.0105
19.014643 -50.110439 12 0.973 19.1818 0.0109 18.5686 0.0077 18.1635 0.0125 18.03 0.0185
19.093543 -50.143982 12 0.982 18.3663 0.0107 17.898 0.0075 17.5885 0.0087 17.4361 0.0073
19.217303 -50.601721999999995 2 0.956 nan nan nan nan 18.1884 0.0124 17.7953 0.0389
18.666094 -50.070499 17 0.983 17.959 0.0076 17.7337 0.0102 17.6026 0.01 17.5807 0.0101
19.216894 -50.603137 17 0.986 16.5154 0.0061 16.233 0.0081 16.094 0.0131 16.0737 0.0195
19.300379 -50.414406 10 0.978 20.1634 0.0112 19.2402 0.0435 17.7077 0.0064 17.192999999999998 0.0266
18.294623 -50.22055 13 0.9840000000000001 16.4914 0.0105 16.162 0.0074 15.9608 0.0061 15.8953 0.0074
19.163252 -50.649324 12 0.981 18.951 0.0098 18.0375 0.0277 17.014 0.0057 16.6297 0.0066
18.66564 -50.763503 11 0.9840000000000001 17.5159 0.009000000000000001 17.0452 0.0182 16.7559 0.0081 16.6614 0.0068
18.789269 -50.066586 12 1.0 13.8695 0.0105 13.2492 0.0075 12.8404 0.0061 12.6703 0.0105
19.217479 -50.60609 11 0.9990000000000001 nan nan nan nan 14.0555 0.0061 14.0197 0.0061
19.199626000000002 -50.211768 15 0.997 15.4026 0.0074 14.9475 0.0074 14.6469 0.0097 14.5356 0.0074
18.382898 -50.682544 7 0.983 18.7926 0.012 17.9246 0.0113 16.6315 0.0061 16.168 0.0091
19.181145 -50.194117 10 0.98 18.5094 0.0064 18.268 0.0132 18.1596 0.009000000000000001 18.137999999999998 0.0367
19.297182 -50.480567 10 0.986 15.0928 0.0074 14.8403 0.0107 14.6963 0.0113 14.6596 0.0061
18.239717000000002 -50.276771000000004 11 0.9790000000000001 19.9084 0.0566 19.0273 0.0169 17.7744 0.0091 17.3246 0.0184
18.193556 -50.422907 8 0.966 19.84 0.0108 18.9847 0.0114 18.0113 0.0097 17.6699 0.0114
18.819966 -50.768855 9 0.983 17.8495 0.0112 17.4182 0.0144 17.1359 0.0156 17.0676 0.0212
18.247837 -50.571917 9 0.963 19.3711 0.0125 19.1544 0.0155 18.9806 0.0281 18.9658 0.0505
18.232189 -50.286301 2 0.9990000000000001 nan nan nan nan nan nan nan nan
18.828595999999997 -50.768608 12 0.983 17.1078 0.0148 16.7554 0.0074 16.5197 0.0151 16.4422 0.0287
18.346679 -50.171688 9 0.982 18.9482 0.0134 18.0141 0.0137 17.1173 0.017 16.7529 0.0219
19.291622 -50.33166 12 0.98 18.6672 0.0108 18.3917 0.0081 18.1978 0.0131 18.1787 0.02
19.187335 -50.640226 18 0.998 15.3378 0.0061 14.9788 0.0074 14.7461 0.0053 14.6821 0.0061
19.272334 -50.547626 12 0.992 nan nan 15.6034 0.0105 15.4737 0.0061 15.4612 0.0074
19.042571 -50.112059 16 0.983 17.3771 0.0062 16.955 0.0074 16.6918 0.0078 16.6032 0.0082
18.562154999999997 -50.754366 9 1.0 13.4526 0.0105 13.0556 0.0108 12.7961 0.0076 12.7132 0.0074
18.423545 -50.70967 13 0.9990000000000001 14.5217 0.0074 14.1318 0.0131 13.8824 0.0053 13.7946 0.0105
18.709087 -50.058565 11 0.971 19.4897 0.0255 18.6581 0.0084 17.851 0.0064 17.4992 0.0071
18.853278 -50.063736999999996 11 0.988 13.6532 0.0074 13.3733 0.0105 13.2148 0.0061 13.1872 0.0061
18.282259 -50.618772 10 0.975 18.8006 0.0127 18.4936 0.0075 18.2739 0.0136 18.2609 0.0271
18.323095000000002 -50.652809000000005 0 0.968 nan nan nan nan nan nan nan nan
19.050486 -50.112491999999996 13 0.983 17.5701 0.0074 17.2216 0.0105 17.0175 0.0083 16.9681 0.0224
18.364542999999998 -50.153954 9 0.9840000000000001 17.1902 0.011000000000000001 16.309 0.0105 15.4389 0.0053 15.0953 0.0061
18.823913 -50.059407 2 0.975 nan nan nan nan 17.7756 0.0312 17.2235 0.0179
19.185338 -50.648153 12 0.982 18.8471 0.0244 17.9899 0.0081 17.1391 0.0057 16.8119 0.0063
18.84359 -50.77264 9 0.983 17.9763 0.0062 17.7602 0.0085 17.6717 0.0079 17.6898 0.0183
18.719399 -50.777094 9 0.976 19.0374 0.0197 18.6082 0.0215 18.2076 0.0248 17.9906 0.0225
18.268129000000002 -50.607918 16 0.986 16.954 0.0111 16.7237 0.0074 16.5718 0.0054 16.5468 0.0187
18.805879 -50.056566 12 0.997 15.267999999999999 0.0074 14.9391 0.0074 14.7678 0.0074 14.7449 0.0105
18.341571 -50.668997 7 0.971 20.6123 0.0135 19.6491 0.0877 17.9649 0.0133 17.2862 0.0106
18.950109 -50.077915000000004 17 0.992 15.2998 0.0061 15.0312 0.0074 14.8716 0.0053 14.84 0.0061
18.825082000000002 -50.057181 11 0.985 15.7046 0.0074 14.8198 0.0105 14.0233 0.0089 13.7356 0.0115
18.199433 -50.510314 10 0.973 19.2037 0.0266 18.9263 0.0143 18.7889 0.0481 18.6779 0.0921
18.889992000000003 -50.768386 9 0.996 16.2448 0.0074 15.363 0.0074 14.5504 0.0061 14.258 0.0105
18.307520999999998 -50.646386 9 0.981 19.406 0.0169 18.4417 0.0131 16.932000000000002 0.0068 16.3839 0.0112
19.185185999999998 -50.182865 16 1.0 14.2927 0.0061 13.775 0.0074 13.4563 0.0053 13.3329 0.0078
18.653896 -50.774829 10 0.993 nan nan 14.5864 0.0105 14.4195 0.0061 14.392999999999999 0.0064
19.319685 -50.450713 9 0.9790000000000001 18.0797 0.0142 17.7953 0.0117 17.5568 0.0087 17.4764 0.016
19.033687 -50.733849 11 0.9840000000000001 17.2212 0.0149 16.5497 0.0208 16.1815 0.0557 16.054000000000002 0.08800000000000001
18.891687 -50.063303999999995 12 0.9740000000000001 19.6635 0.0146 18.7259 0.0167 17.7296 0.012 17.3682 0.0078
19.310564000000003 -50.343747 8 0.981 19.8284 0.022000000000000002 18.958 0.0121 17.4483 0.0198 16.8702 0.0085
19.151387 -50.677653 12 0.955 20.089000000000002 0.0149 19.4158 0.0364 18.3531 0.0068 18.0057 0.0471
18.454732 -50.729831 9 0.983 17.4471 0.0074 16.8819 0.0105 16.4774 0.0058 16.3146 0.0083
18.755266 -50.051515 12 0.956 20.3816 0.0284 19.4375 0.0109 18.2116 0.0123 17.7579 0.0155
18.29995 -50.190858 14 0.983 17.5406 0.0107 17.3558 0.01 17.2523 0.0059 17.2292 0.0067
18.189784 -50.339017 12 0.998 14.3164 0.0105 14.0542 0.0075 13.9011 0.0061 13.865 0.0074
18.510762 -50.749728000000005 15 0.9840000000000001 17.3126 0.0092 17.0332 0.0074 16.8758 0.0126 16.8166 0.008
18.606203 -50.771853 10 0.998 16.1531 0.0105 15.7783 0.0105 15.5531 0.0074 15.4887 0.0074
18.186961 -50.337559000000006 15 0.996 14.9229 0.0105 14.6578 0.0074 14.4986 0.0053 14.4697 0.0072
19.183819 -50.174489 12 0.981 18.563 0.0093 18.3601 0.008 18.2429 0.0069 18.3151 0.0337
19.212966 -50.197208 7 0.973 19.2202 0.0334 18.9851 0.0204 18.9114 0.0392 nan nan
19.116493 -50.132492 16 0.981 18.2538 0.0145 18.0941 0.0077 18.0337 0.0099 18.06 0.0234
18.940654000000002 -50.764599 10 0.95 20.6157 0.044000000000000004 19.7898 0.0272 18.3584 0.0217 17.8917 0.0172
18.838863 -50.052305 12 0.983 17.2223 0.0074 16.9886 0.0105 16.8304 0.0104 16.8352 0.0078
18.730152 -50.04777 18 0.985 16.9342 0.0061 16.6484 0.0074 16.51 0.0054 16.5015 0.0077
18.263839 -50.215796999999995 8 0.983 18.2636 0.017 17.7192 0.0153 17.3377 0.0177 17.1798 0.0259
18.201376999999997 -50.296349 10 0.976 19.8538 0.0123 18.8515 0.0202 17.775 0.0065 17.3944 0.0223
19.109392 -50.7089 10 0.9840000000000001 17.5923 0.0074 16.9915 0.0105 16.632 0.0054 16.4944 0.0068
18.440299 -50.103016 11 0.983 18.445999999999998 0.0076 17.5038 0.0184 16.2533 0.0053 15.7701 0.0061
19.268232 -50.587245 4 0.987 nan nan nan nan 15.4619 0.0073 15.4682 0.0123
19.232132999999997 -50.626441 7 0.95 19.439 0.0091 19.2503 0.0793 19.1525 0.0158 nan nan
18.810237 -50.046634000000005 15 0.985 17.0582 0.0074 16.7156 0.0074 16.4978 0.0069 16.4339 0.0074
18.201948 -50.547483 9 0.973 19.1129 0.021 18.6518 0.0172 18.3253 0.0104 18.2027 0.0513
18.169442 -50.461527000000004 8 0.97 20.717 0.0331 19.8417 0.0196 18.0327 0.0071 17.3576 0.0313
18.310512 -50.663154999999996 8 0.9840000000000001 17.378 0.0105 16.5001 0.0105 15.4023 0.0053 15.0056 0.0074
18.300122 -50.179354 13 0.9890000000000001 17.6352 0.0074 17.1886 0.0074 16.8995 0.0054 16.7721 0.0065
19.270086 -50.588375 11 0.998 13.8444 0.033 13.6212 0.0324 13.405999999999999 0.0154 13.4244 0.0247
19.211733 -50.646712 8 1.0 12.9288 0.0105 nan nan 12.5228 0.0075 12.5127 0.0061
18.307089 -50.661563 15 0.983 17.0723 0.0083 16.7305 0.0079 16.4681 0.0062 16.3913 0.0171
18.849463 -50.048999 10 0.982 18.1052 0.0075 17.7442 0.0105 17.5362 0.013000000000000001 17.4979 0.0166
18.168946 -50.465140000000005 13 0.983 17.1485 0.0095 16.9025 0.0112 16.7658 0.0062 16.7567 0.0075
18.163110999999997 -50.425292 13 0.997 14.7244 0.0105 14.405999999999999 0.0077 14.2244 0.0053 14.1843 0.0171
19.044695 -50.740615999999996 11 0.987 19.1772 0.0077 18.1791 0.0077 16.2438 0.0053 15.4852 0.0061
18.372843 -50.130283 0 0.953 nan nan nan nan nan nan nan nan
18.565892 -50.061085 11 0.9790000000000001 18.982 0.0234 18.7153 0.0082 18.4746 0.0387 18.4705 0.0654
19.325526 -50.494865000000004 13 0.983 16.3684 0.0074 16.0055 0.0105 15.7727 0.0061 15.7022 0.0098
18.967624 -50.765099 13 0.983 17.8475 0.0123 17.6681 0.0078 17.5591 0.0131 17.6148 0.0101
18.188953 -50.532132 14 0.9940000000000001 15.6088 0.0093 15.0094 0.0105 14.618 0.0054 14.4749 0.0087
19.33435 -50.465053999999995 10 0.996 nan nan nan nan 14.0392 0.0061 14.0286 0.0061
19.333579999999998 -50.362613 9 0.975 19.245 0.0086 18.3907 0.0108 17.6689 0.0143 17.4127 0.0216
18.178117 -50.511256 11 0.995 15.0526 0.0105 14.8107 0.0105 14.685 0.0074 14.6941 0.0124
19.313482 -50.530193 8 0.982 18.6152 0.0115 17.7384 0.0107 16.8543 0.0072 16.5136 0.0109
18.935705 -50.059663 12 0.972 19.4283 0.0137 18.6086 0.0103 18.0207 0.0063 17.8037 0.0098
19.264257 -50.232203999999996 9 0.977 18.8751 0.0087 18.4727 0.025 18.1665 0.0187 18.0377 0.0109
19.149798999999998 -50.139401 16 0.9990000000000001 15.272 0.0061 15.0004 0.0074 14.8703 0.0053 14.8617 0.0061
18.185898 -50.304181 5 0.982 nan nan 17.8644 0.0105 16.8156 0.0105 16.4039 0.0301
18.192929 -50.546433 10 0.981 18.8545 0.0248 18.0239 0.0081 17.3357 0.006999999999999999 17.0636 0.0081
19.339173000000002 -50.378574 9 0.983 17.1851 0.0075 16.5094 0.0105 16.0713 0.0061 15.9169 0.0087
18.616805 -50.78481 5 0.971 20.5629 0.0223 19.5424 0.0115 17.8813 0.0083 17.1478 0.0135
18.300631 -50.171131 14 0.983 17.6753 0.0214 17.3268 0.0074 17.1117 0.0096 17.0482 0.0103
18.197066 -50.279534000000005 11 0.983 18.709 0.0208 17.8276 0.013000000000000001 16.3612 0.0058 15.7764 0.0108
19.133045000000003 -50.707394 12 0.98 19.623 0.0153 18.6941 0.0496 17.5559 0.0071 17.1424 0.0065
18.162867000000002 -50.479624 8 0.973 19.2152 0.0193 18.7657 0.0107 18.4606 0.0103 18.3849 0.0119
18.730048999999998 -50.037440000000004 8 0.97 19.2008 0.0079 19.0502 0.0089 18.9088 0.0328 nan nan
18.753431 -50.037104 10 0.975 20.7541 0.0229 19.7151 0.011000000000000001 17.9582 0.0086 17.3031 0.0111
18.208448 -50.576615999999994 11 1.0 13.4352 0.0105 12.9077 0.0108 12.5784 0.0074 12.4532 0.0105
18.181749 -50.533592 9 0.953 20.0803 0.0139 19.1594 0.0114 18.3407 0.0249 18.0819 0.0276
19.290997 -50.578089 9 1.0 13.901 0.0105 nan nan 11.7922 0.0105 11.3511 0.0105
18.375536999999998 -50.713596 8 0.9590000000000001 19.4184 0.0281 18.9125 0.0558 18.4414 0.0267 18.214000000000002 0.0341
18.154735000000002 -50.385157 12 0.988 16.1504 0.0074 15.6762 0.0105 15.3797 0.0061 15.2688 0.0139
18.350185 -50.134201000000004 8 0.973 20.0719 0.0114 19.2067 0.0097 17.9158 0.0085 17.3784 0.0172
19.250063 -50.208448 9 0.982 18.9881 0.0084 18.0908 0.0106 17.0588 0.0061 16.6656 0.0084
18.39155 -50.111035 2 1.0 nan nan nan nan nan nan nan nan
18.421981 -50.096734999999995 15 0.985 17.1586 0.0079 16.8738 0.0105 16.695999999999998 0.0061 16.6546 0.0173
18.213953 -50.245264 16 0.987 15.982000000000001 0.0105 15.8153 0.0074 15.7129 0.0054 15.7097 0.0084
19.110554 -50.111124 17 0.983 17.4955 0.0072 17.2166 0.0074 17.0561 0.0053 17.0326 0.0134
18.202025 -50.258390000000006 10 0.977 18.8752 0.0127 18.6954 0.0312 18.6 0.0115 18.7274 0.0142
19.283228 -50.597046999999996 10 0.9790000000000001 18.7877 0.0093 18.5176 0.008 18.3943 0.0101 18.2992 0.0133
18.742388000000002 -50.801345 13 0.997 15.2432 0.0075 14.9105 0.0074 14.7206 0.0061 14.6841 0.0074
18.14452 -50.430969 6 0.981 18.9327 0.0118 18.0038 0.0105 16.7732 0.0074 16.3185 0.0125
18.257518 -50.192743 10 0.983 18.157 0.0105 17.2745 0.0149 16.1651 0.0061 15.7566 0.0061
18.311347 -50.683986 14 0.99 16.0654 0.0074 15.6641 0.0105 15.3914 0.0061 15.308 0.0074
18.505014000000003 -50.770185 9 0.981 18.6013 0.0088 17.8302 0.0105 17.2997 0.0115 17.1019 0.0088
18.839769 -50.798823999999996 7 0.982 19.3711 0.0095 18.4093 0.0083 17.2076 0.012 16.7603 0.0138
18.209024 -50.593039000000005 15 0.983 17.0993 0.0076 16.816 0.0074 16.6447 0.0061 16.6087 0.0101
18.415083 -50.094477000000005 11 0.983 18.1441 0.0075 17.2587 0.0074 15.9508 0.0061 15.4496 0.0061
18.248422 -50.199272 12 0.983 17.5682 0.0076 17.1722 0.0075 16.9102 0.0056 16.8067 0.0103
19.165988 -50.700055 12 0.981 18.7724 0.0066 17.8758 0.0081 17.1201 0.0054 16.8491 0.0069
18.860968 -50.03529 15 0.988 16.3714 0.0061 15.4754 0.0074 14.7022 0.0053 14.4064 0.0061
18.258799 -50.647242 9 0.983 18.852999999999998 0.0176 17.9027 0.0077 16.1751 0.0053 15.4802 0.0105
18.233470999999998 -50.623925 13 0.998 nan nan 14.3303 0.0074 14.1816 0.0061 14.1633 0.0074
18.405676 -50.737944 7 0.986 nan nan 16.2017 0.0105 15.8673 0.0061 15.7537 0.0077
19.00149 -50.771086 8 0.973 19.1254 0.0302 18.9472 0.0141 18.8004 0.0264 18.8483 0.013999999999999999
18.139933 -50.425195 8 0.968 20.1039 0.0434 19.1756 0.0194 17.9285 0.011000000000000001 17.430999999999997 0.012
18.856718 -50.033896 11 0.982 18.1912 0.0102 17.9088 0.0105 17.6507 0.024 17.6386 0.036000000000000004
18.450613 -50.07793 10 0.983 18.2828 0.0075 17.3764 0.0105 16.3195 0.0066 15.9135 0.0061
18.221355 -50.222602 8 0.9790000000000001 18.8537 0.0107 18.4105 0.0078 18.1563 0.015 18.0665 0.0126
18.941972 -50.047151 16 0.9840000000000001 17.3745 0.0085 17.0963 0.0074 16.924 0.0058 16.886 0.0107
19.230817000000002 -50.177121 14 0.986 16.2756 0.0062 15.8479 0.0074 15.6134 0.0069 15.5424 0.0074
18.246991 -50.639417 11 0.983 16.7123 0.0105 16.4881 0.0105 16.3376 0.0061 16.3211 0.0111
18.290962 -50.159741 12 0.9840000000000001 17.3042 0.0079 16.7604 0.0104 16.4151 0.0053 16.2731 0.0077
19.042873 -50.760484999999996 10 0.977 20.182000000000002 0.0243 19.2321 0.0486 17.7815 0.0085 17.195 0.0083
18.653137 -50.803119 9 0.976 18.9252 0.0077 18.6328 0.0215 18.4712 0.0074 18.5208 0.016
18.389886999999998 -50.099716 8 0.981 17.9774 0.0105 17.7153 0.0105 17.5965 0.0067 17.5143 0.0083
19.33171 -50.290729999999996 10 0.997 13.1784 0.0105 12.7613 0.0107 12.4826 0.0076 12.3763 0.0074
18.506552 -50.056742 8 0.982 18.7648 0.011000000000000001 17.872 0.0168 17.1525 0.0062 16.879 0.0091
18.877097 -50.032964 12 0.982 18.7053 0.0132 18.3508 0.0093 18.1304 0.0139 18.1546 0.0102
18.513168 -50.05457 8 0.972 19.788 0.0216 18.9432 0.0449 18.0272 0.0098 17.660999999999998 0.0183
18.982241000000002 -50.053217 15 0.9840000000000001 16.8232 0.0074 16.5204 0.0074 16.3399 0.0072 16.3215 0.0131
19.32103 -50.270145 12 0.982 17.332 0.0074 17.0764 0.0105 16.9108 0.0074 16.9253 0.0162
