ra dec ngood class_star g_psf e_g_psf r_psf e_r_psf i_psf e_i_psf z_psf e_z_psf
44.984232 -55.427277000000004 22 0.9840000000000001 16.6114 0.0055 15.9512 0.0056 15.5566 0.0044 15.4003 0.0062
44.979662 -55.424634 15 0.971 19.8951 0.0252 19.0382 0.0249 17.7844 0.0067 17.3162 0.0074
44.974302 -55.402086 24 0.982 18.9051 0.0083 18.1457 0.005 17.5967 0.0141 17.3671 0.0173
45.038681 -55.416438 22 0.983 16.6562 0.0083 16.4224 0.0066 16.2802 0.006999999999999999 16.2842 0.0065
45.033434 -55.405111 22 0.98 19.4513 0.0119 18.5758 0.0091 17.2258 0.0075 16.7211 0.0117
44.961083 -55.413129000000005 15 0.976 20.4798 0.0131 19.5439 0.017 17.7588 0.0162 17.0321 0.0137
44.988013 -55.4381 31 0.9990000000000001 13.9344 0.0048 13.4276 0.0047 13.1325 0.0047 13.0301 0.0047
45.037702 -55.428576 14 0.997 13.4109 0.0073 12.9983 0.0079 12.7655 0.0074 12.6977 0.0083
44.95617 -55.41219399999999 30 1.0 14.9428 0.0065 14.5001 0.0043 14.2529 0.0043 14.1791 0.0057
45.040295 -55.428178 16 0.998 12.8007 0.0078 12.4571 0.0076 12.2799 0.0077 12.232999999999999 0.0055
44.930446 -55.41446800000001 33 0.995 16.3026 0.005 16.0984 0.0045 15.9874 0.0054 15.9815 0.0117
45.065435 -55.40254100000001 15 0.956 20.3434 0.0196 19.4523 0.0089 18.1524 0.0116 17.6466 0.011000000000000001
45.069506 -55.401377000000004 34 0.985 16.8854 0.0079 16.6314 0.0053 16.4942 0.0041 16.4787 0.0044
44.920673 -55.419187 32 0.998 16.0083 0.0065 15.772 0.0047 15.6735 0.0051 15.6823 0.006999999999999999
45.033589 -55.375477000000004 13 0.963 19.6543 0.0104 19.4599 0.0082 19.3776 0.0295 nan nan
44.954291 -55.457356000000004 17 0.982 18.2016 0.0115 17.605999999999998 0.0067 17.2431 0.0054 17.1312 0.006999999999999999
45.023275 -55.36970600000001 28 0.9890000000000001 17.7066 0.0076 17.3053 0.0045 17.0323 0.0062 16.9235 0.0047
44.914223 -55.402567000000005 16 0.971 19.3434 0.0088 19.0686 0.0119 18.8248 0.0181 nan nan
44.928791 -55.378152 26 0.976 19.7477 0.0099 18.8686 0.0072 17.8414 0.0143 17.430999999999997 0.0078
44.896421000000004 -55.438373999999996 17 0.9790000000000001 19.4025 0.0098 18.5001 0.0073 17.3313 0.0104 16.9127 0.0064
44.912101 -55.375701 6 0.983 nan nan 17.7129 0.0173 16.0954 0.0081 15.4415 0.008
44.91305 -55.37366899999999 37 1.0 13.7255 0.005 13.1801 0.0063 12.8665 0.0064 12.7577 0.008
45.051728000000004 -55.355548 36 0.988 16.1807 0.0069 15.8 0.0065 15.5527 0.0036 15.4736 0.005
44.959907 -55.352256999999994 39 0.997 16.484 0.0048 16.2383 0.0043 16.0892 0.0037 16.0592 0.0052
45.109606 -55.446243 15 0.9540000000000001 20.3505 0.1124 19.4513 0.0367 18.101 0.0088 17.6124 0.0105
45.019036 -55.347983 19 0.977 18.9301 0.0071 18.6798 0.0074 18.5192 0.0205 18.5314 0.009000000000000001
45.017641 -55.487651 27 0.983 18.5674 0.0057 17.6255 0.0076 16.3537 0.0038 15.8879 0.0051
45.094161 -55.367486 26 1.0 12.6687 0.0074 12.4131 0.0074 12.3012 0.0053 12.2997 0.004
44.872577 -55.43725 28 0.993 16.5778 0.0138 16.3327 0.0078 16.1967 0.0051 16.1796 0.0052
44.991792 -55.341138 39 0.998 15.8194 0.0049 15.469000000000001 0.0043 15.2667 0.0036 15.2192 0.005
44.874493 -55.384465000000006 39 0.99 17.0923 0.0091 16.8059 0.0059 16.6444 0.0038 16.6375 0.0049
45.13619 -55.404646 16 0.976 19.6675 0.038 18.7626 0.0078 18.1394 0.0227 17.8501 0.0161
45.089801 -55.477059 16 0.9540000000000001 20.6873 0.0429 19.7399 0.0167 18.2651 0.012 17.7711 0.0303
45.138828000000004 -55.409154 12 0.9740000000000001 19.137999999999998 0.0124 18.9079 0.0097 18.8882 0.0108 18.7071 0.0171
45.136094 -55.395821 30 0.993 16.0272 0.0109 15.4116 0.0047 14.9432 0.0055 14.7535 0.0051
44.984215 -55.49641 27 0.982 19.0402 0.0073 18.075 0.0081 16.7196 0.0062 16.2031 0.006
45.140927000000005 -55.436836 12 0.9540000000000001 19.8729 0.0112 19.1521 0.0267 18.6523 0.027000000000000003 18.4791 0.0377
45.045348 -55.338287 26 0.983 17.9875 0.0083 17.8412 0.0073 17.7661 0.006999999999999999 17.7745 0.0073
45.100190999999995 -55.356538 16 0.972 19.5823 0.0145 19.1092 0.0165 18.7925 0.0216 18.577 0.024
44.853733 -55.43931 11 0.971 19.1268 0.0186 18.9784 0.0093 18.8732 0.0451 18.6511 0.0273
44.873546000000005 -55.368692 25 0.982 18.4008 0.0058 18.0714 0.0055 17.8681 0.0057 17.8393 0.0179
44.847822 -55.412284 7 1.0 10.1544 0.0105 nan nan nan nan nan nan
45.153621 -55.406202 19 0.9840000000000001 17.7831 0.0122 17.4146 0.0056 17.1781 0.0068 17.0794 0.0086
45.122207 -55.474015 28 0.9840000000000001 16.8719 0.0075 16.6247 0.0052 16.5167 0.015 16.4847 0.0139
44.892994 -55.485711 19 0.9790000000000001 18.8877 0.0125 18.5776 0.0082 18.4304 0.0128 18.3921 0.0416
45.103702 -55.488216 16 0.956 19.7047 0.0206 18.9991 0.0245 18.517 0.0147 18.2488 0.0125
45.099227 -55.340275 22 0.98 19.6269 0.0209 18.7687 0.0078 17.9193 0.0089 17.6078 0.0214
44.936676 -55.328481000000004 27 0.9940000000000001 17.5128 0.0064 16.6109 0.0046 15.7527 0.006999999999999999 15.4517 0.0064
45.085934 -55.334244999999996 25 0.9840000000000001 17.682000000000002 0.0067 17.3504 0.0062 17.1354 0.0062 17.0687 0.0161
44.922622 -55.329581000000005 27 0.982 18.5466 0.0085 18.3767 0.006999999999999999 18.282 0.0153 18.3404 0.0277
45.065878000000005 -55.507913 22 0.972 19.6126 0.0156 18.7364 0.0056 17.7441 0.0176 17.3672 0.0103
45.101032000000004 -55.498006000000004 31 1.0 13.4155 0.0147 12.7224 0.0226 12.2165 0.0119 12.0456 0.012
45.154431 -55.36959 22 0.9840000000000001 17.9863 0.0131 17.5977 0.0084 17.3684 0.0058 17.3072 0.0091
45.080859000000004 -55.507169 20 0.9790000000000001 19.3691 0.0135 18.4784 0.016 17.3881 0.0087 16.9989 0.011000000000000001
45.122885 -55.34288299999999 13 0.955 20.383 0.0369 19.5057 0.013000000000000001 18.7731 0.0122 18.6505 0.0276
45.055045 -55.513752000000004 25 0.983 17.7004 0.0141 17.2458 0.0077 16.9908 0.0048 16.8981 0.0097
45.068196 -55.322329 24 0.992 17.6712 0.006 16.8083 0.0087 16.1085 0.004 15.8569 0.0045
44.948006 -55.318955 33 1.0 14.0974 0.0062 13.9387 0.0046 13.8749 0.005 13.9043 0.0047
44.839031 -55.370383 39 0.9990000000000001 16.3166 0.0093 16.0451 0.004 15.9022 0.0046 15.888 0.0038
44.906815 -55.328557999999994 25 0.981 19.3749 0.0127 18.5431 0.0055 17.8016 0.0095 17.5279 0.0142
44.818527 -55.421125 27 0.9990000000000001 15.4263 0.0087 14.5186 0.0066 13.238 0.006 12.7716 0.0048
44.891575 -55.499573999999996 29 0.987 17.7348 0.0065 17.4632 0.0053 17.3121 0.009000000000000001 17.3042 0.0073
45.107053 -55.332927000000005 33 0.985 16.8652 0.0134 16.5676 0.0061 16.4085 0.0042 16.368 0.0066
45.152879999999996 -55.4733 15 0.9790000000000001 18.8389 0.0087 18.2734 0.0188 17.9341 0.0105 17.7787 0.011000000000000001
45.185299 -55.425484999999995 20 0.9840000000000001 16.3724 0.0168 16.0872 0.0067 15.9383 0.0048 15.9307 0.0073
44.874553999999996 -55.338032 28 0.987 17.6588 0.0086 17.3398 0.0066 17.1867 0.0048 17.1502 0.0082
44.932695 -55.317558 26 0.9740000000000001 19.7373 0.0123 18.9271 0.0127 18.3332 0.0118 18.0832 0.0075
44.937131 -55.517509999999994 37 0.9940000000000001 17.0271 0.0055 16.6216 0.0057 16.4074 0.0059 16.3411 0.0093
45.190464 -55.428637 12 0.9790000000000001 18.9401 0.0557 18.4361 0.0176 18.1646 0.0249 18.1277 0.0181
44.903692 -55.510759 27 0.99 17.7123 0.0058 16.9273 0.0072 16.3621 0.0049 16.1461 0.0054
44.967577 -55.524151 24 0.983 18.6845 0.0059 17.7733 0.0086 16.4545 0.009000000000000001 15.9469 0.006
44.936025 -55.313285 14 0.9690000000000001 19.3138 0.0118 19.1581 0.0164 19.0745 0.0137 nan nan
44.969594 -55.30781700000001 22 0.955 19.964000000000002 0.0248 19.1768 0.0063 18.6767 0.0099 18.3606 0.04
45.166574 -55.476651000000004 9 0.9520000000000001 19.1047 0.0174 18.9878 0.0447 18.8596 0.0081 18.7632 0.0164
45.164353999999996 -55.354356 32 0.998 14.6919 0.006999999999999999 14.317 0.0064 14.1378 0.004 14.0895 0.0043
44.984128000000005 -55.529208 23 0.992 17.0262 0.0062 16.2226 0.0064 15.6279 0.004 15.41 0.0049
45.188931 -55.38114399999999 14 0.978 19.325 0.0538 18.7546 0.0162 18.4406 0.0127 18.2982 0.0181
45.141482 -55.336256000000006 29 0.986 15.4935 0.0067 15.1164 0.0082 14.9253 0.0047 14.868 0.0056
45.100026 -55.317409 22 0.982 18.4505 0.0085 18.0215 0.0071 17.7307 0.0104 17.6672 0.0192
45.206068 -55.410862 7 0.95 19.7047 0.0119 19.497 0.0479 19.4226 0.0299 nan nan
44.843803 -55.493981999999995 41 1.0 13.5397 0.0059 13.2631 0.0044 13.1417 0.0037 13.1373 0.004
44.90103 -55.313352 38 0.992 16.5562 0.0058 16.2321 0.0061 16.048 0.0042 16.014 0.0043
45.049023 -55.301991 37 0.99 16.1881 0.0081 15.9536 0.0054 15.8208 0.006 15.8101 0.0074
45.171826 -55.34848100000001 17 0.987 18.7899 0.0184 18.3493 0.0072 18.0265 0.0076 17.9169 0.0312
45.204003 -55.445422 17 0.9840000000000001 17.0866 0.0082 16.5383 0.0061 16.1625 0.0081 16.0127 0.0059
44.804642 -55.461431999999995 32 1.0 14.5074 0.0086 14.1817 0.0055 13.9864 0.0045 13.940999999999999 0.004
44.830595 -55.487984999999995 19 0.965 20.2073 0.0452 19.2938 0.0174 18.5081 0.026000000000000002 18.2964 0.0287
44.793305 -55.442570999999994 20 0.978 19.2833 0.0111 18.4693 0.0064 17.8108 0.0112 17.5326 0.01
44.814040000000006 -55.47523 35 0.9990000000000001 15.4331 0.008 14.984000000000002 0.0063 14.7405 0.0037 14.6691 0.0045
44.799292 -55.376732 26 0.987 17.8981 0.0068 17.6587 0.0053 17.5427 0.0106 17.5487 0.0196
45.14797 -55.329409 16 0.98 19.6712 0.0111 18.814 0.0082 17.663 0.0149 17.2163 0.0114
45.058637 -55.533352 18 0.997 12.8217 0.0105 12.5484 0.0105 12.4201 0.0053 12.4195 0.0053
44.786922 -55.428454 28 0.9990000000000001 16.3919 0.0129 15.9832 0.0083 15.7398 0.004 15.6481 0.0053
44.831998 -55.494717 21 0.971 19.6168 0.0209 18.7473 0.012 17.8801 0.0053 17.5962 0.0122
44.791069 -55.452748 20 0.985 17.9752 0.0088 17.6416 0.009000000000000001 17.4854 0.0082 17.465 0.0335
45.168032000000004 -55.497156999999994 6 0.961 19.7444 0.0092 19.5958 0.0136 nan nan nan nan
45.046763 -55.538915 17 0.977 18.9152 0.0135 18.6444 0.0069 18.4265 0.0215 18.3978 0.0185
44.874520000000004 -55.313823 28 0.9790000000000001 19.3375 0.0185 18.4775 0.0067 17.7063 0.0092 17.4618 0.0145
44.924991999999996 -55.297391000000005 43 1.0 14.2684 0.0042 13.9834 0.0054 13.8499 0.005 13.8409 0.004
44.902439 -55.531186 15 0.991 17.052 0.0063 16.3856 0.0061 15.9772 0.0068 15.8379 0.0078
44.823144 -55.338029000000006 17 0.9790000000000001 18.8228 0.0091 18.5867 0.0063 18.4578 0.0192 18.397000000000002 0.0625
45.219415999999995 -55.446959 7 0.9790000000000001 19.4797 0.0225 18.5906 0.0154 17.4237 0.0289 16.973 0.0102
45.152705 -55.321812 16 0.982 18.7621 0.0132 18.3699 0.0068 18.1765 0.0088 18.0808 0.0095
44.82875 -55.502014 23 0.98 18.721 0.0059 18.3234 0.0081 18.1069 0.0067 18.0178 0.0229
45.085007 -55.295790000000004 31 0.987 17.2376 0.0073 16.9154 0.0066 16.7406 0.0079 16.6937 0.0072
45.203803 -55.356859 20 0.9840000000000001 18.6852 0.0093 17.7243 0.0058 16.1405 0.0059 15.5148 0.0065
44.834441999999996 -55.325041000000006 24 0.9840000000000001 19.7856 0.011000000000000001 18.9314 0.0064 17.7509 0.0045 17.3059 0.0201
45.078409 -55.291428 25 0.986 17.4359 0.0068 16.8672 0.0049 16.5256 0.0061 16.4118 0.0044
44.878046999999995 -55.53077 17 0.996 16.1728 0.0074 15.9191 0.0122 15.7939 0.0055 15.7794 0.0053
44.766578 -55.43955699999999 22 0.996 17.3432 0.008 16.6085 0.005 16.0969 0.0041 15.9041 0.0058
44.939359 -55.547357999999996 30 1.0 14.8735 0.005 14.6076 0.0053 14.4596 0.0065 14.4467 0.0074
45.153844 -55.519932999999995 15 0.9590000000000001 19.6533 0.0151 18.9643 0.0139 18.4735 0.0101 18.2496 0.0234
45.01569 -55.281327000000005 23 0.983 18.7462 0.0073 17.9875 0.0054 17.4794 0.0047 17.2665 0.0076
45.229825 -55.377528000000005 8 0.976 19.4328 0.011000000000000001 18.7923 0.0131 18.4799 0.0098 18.3746 0.043
45.015784000000004 -55.55299399999999 19 0.981 18.5011 0.0077 18.1272 0.0054 17.9142 0.0114 17.7876 0.01
44.818618 -55.506715 16 0.976 19.4787 0.0081 18.5493 0.0052 nan nan 17.3728 0.0171
45.150304999999996 -55.309405000000005 13 0.978 19.598 0.0124 18.9274 0.0082 18.4896 0.0165 18.3798 0.0387
45.052068 -55.550938 14 0.968 19.621 0.0093 19.0823 0.0192 18.7461 0.0107 18.5553 0.0437
44.981806 -55.279574 26 0.982 18.1775 0.0099 17.975 0.0099 17.8787 0.0052 17.882 0.0158
44.821701000000004 -55.32354300000001 20 0.95 20.9938 0.0121 20.0579 0.012 18.2749 0.0079 17.5563 0.0147
45.018955 -55.27859399999999 29 0.987 17.5172 0.0052 16.7182 0.0045 16.1287 0.0041 15.9079 0.0038
44.776267 -55.359062 12 0.98 18.7617 0.0097 18.7657 0.0091 18.8062 0.0138 nan nan
45.046396 -55.278558 38 0.9990000000000001 14.7167 0.0056 14.4175 0.0043 14.2696 0.0037 14.2528 0.004
44.75055 -55.411591 23 0.9840000000000001 18.1004 0.0103 17.6096 0.006999999999999999 17.2943 0.0138 17.199 0.0058
45.156034000000005 -55.527553000000005 11 0.975 19.2515 0.0098 18.9853 0.0397 18.794 0.0179 18.5815 0.02
45.219642 -55.349056000000004 15 0.9840000000000001 17.3738 0.0155 16.4394 0.013000000000000001 14.9409 0.005 14.3688 0.0053
44.753681 -55.385679 19 0.966 19.7639 0.0229 18.9391 0.0153 18.1212 0.0183 17.811 0.0241
45.068532 -55.555611999999996 14 0.977 19.0819 0.0128 18.713 0.0079 18.4499 0.0143 18.3952 0.026000000000000002
45.033011 -55.560635 18 0.988 17.1463 0.0063 16.4986 0.006999999999999999 16.070999999999998 0.0044 15.9099 0.0047
44.803919 -55.323042 25 1.0 13.0046 0.0074 12.6135 0.0074 12.41 0.006 12.3545 0.0041
45.025206 -55.561921 26 0.983 15.8569 0.0065 15.6112 0.0178 15.543 0.006999999999999999 15.5699 0.0208
44.944666 -55.559415 22 1.0 12.7072 0.0105 12.4961 0.0105 12.4281 0.0053 12.4601 0.0073
45.217201 -55.495732999999994 10 0.965 20.2428 0.0365 19.2221 0.0544 18.3624 0.0093 18.0325 0.0155
44.798851 -55.324994999999994 18 1.0 11.2563 0.0074 11.0042 0.0074 10.9036 0.0074 10.9142 0.0074
44.970519 -55.562884999999994 17 0.981 20.3968 0.0119 19.3622 0.0321 17.2643 0.0115 16.3912 0.0083
44.80529 -55.31941 14 0.951 19.4856 0.0464 nan nan 18.2833 0.0079 18.0344 0.0083
45.096198 -55.27896 27 0.998 16.5625 0.0088 15.6983 0.0044 14.7664 0.0071 14.4127 0.0048
45.178385 -55.308353000000004 13 0.965 20.2345 0.0229 19.4237 0.0393 18.7773 0.043 18.6035 0.0364
44.782410999999996 -55.500147999999996 16 0.9790000000000001 18.8258 0.0069 18.4467 0.008 18.221 0.0195 18.0823 0.0325
44.742020000000004 -55.377067000000004 27 0.9840000000000001 18.2363 0.0157 17.3768 0.0071 16.6724 0.004 16.3984 0.0062
45.26462 -55.394110999999995 22 0.986 17.212 0.0117 16.3515 0.0051 15.6803 0.0043 15.437999999999999 0.0055
44.845591999999996 -55.291723 30 0.985 17.7069 0.0105 17.3571 0.0057 17.1663 0.0061 17.1143 0.005
44.731054 -55.43826899999999 25 1.0 13.855 0.0077 13.5662 0.0064 13.4563 0.0048 13.4596 0.005
44.99933 -55.57188000000001 13 0.978 18.961 0.0068 18.7879 0.0089 18.7512 0.0104 18.617 0.0152
44.948932 -55.263064 26 0.983 18.6353 0.0091 17.9726 0.0049 17.5073 0.0108 17.317999999999998 0.0124
45.258186 -55.360705 28 0.987 16.9618 0.0118 16.6658 0.0056 16.4972 0.0041 16.4872 0.0067
45.253439 -55.4824 20 0.987 17.8455 0.0253 16.9901 0.0085 16.1613 0.005 15.8407 0.0053
45.112317 -55.561381999999995 12 0.955 20.261 0.0407 19.2792 0.0209 18.3946 0.016 18.0598 0.0234
45.275532 -55.392384 26 0.99 16.5963 0.0085 16.2234 0.005 15.9938 0.0043 15.9349 0.0068
45.232195000000004 -55.32889 16 0.998 15.9556 0.0131 15.2818 0.0077 14.8552 0.0048 14.7 0.0053
45.203435 -55.525573 14 0.982 19.7749 0.0179 18.6606 0.0153 16.5647 0.0054 15.7167 0.0094
45.279042 -55.400333999999994 15 0.9740000000000001 20.0056 0.0164 19.0741 0.0095 18.2927 0.0134 17.9351 0.0177
45.134735 -55.276775 16 0.981 19.4334 0.0085 18.6816 0.0072 18.0571 0.0209 17.8266 0.0082
44.736492 -55.360077000000004 27 0.985 18.0318 0.0056 17.8033 0.0051 17.6871 0.0048 17.6228 0.015
44.980702 -55.576331 20 0.983 18.5327 0.0091 17.602999999999998 0.0121 16.342 0.0045 15.8853 0.0071
44.998349 -55.256589 34 0.997 16.3579 0.0074 15.8129 0.0046 15.4665 0.0047 15.3433 0.0037
44.934815 -55.57445500000001 19 0.986 18.127 0.0119 17.6159 0.0075 17.2885 0.006999999999999999 17.1728 0.0107
45.241324 -55.328353 10 0.9670000000000001 20.4185 0.019 19.4894 0.0344 18.0105 0.0149 17.4025 0.0141
45.090573 -55.571771999999996 15 0.9740000000000001 19.4713 0.037000000000000005 18.6612 0.0073 18.0124 0.0061 17.7313 0.0146
45.148862 -55.276895999999994 11 0.9670000000000001 19.836 0.0262 19.2573 0.0354 18.7972 0.016 18.5034 0.0229
45.160052 -55.55349399999999 13 0.971 19.784000000000002 0.0598 18.873 0.0104 17.7499 0.0069 17.3548 0.0064
45.051173 -55.254424 19 0.963 nan nan 19.8485 0.0478 18.1981 0.0245 17.5707 0.0165
45.181432 -55.28771999999999 18 0.9940000000000001 17.454 0.0071 17.1222 0.0061 16.9086 0.0076 16.8671 0.0052
44.745853000000004 -55.3345 27 0.988 17.6276 0.009000000000000001 16.7061 0.0044 15.7847 0.0046 15.4423 0.0056
44.737055 -55.343809 32 0.996 15.8985 0.0068 15.3673 0.0043 15.0834 0.004 14.9883 0.0056
45.287637 -55.385592 9 0.9690000000000001 19.3084 0.0092 19.2183 0.0172 19.2271 0.0168 nan nan
44.923557 -55.255749 29 0.9840000000000001 17.891 0.0044 17.5218 0.0059 17.3105 0.0053 17.2001 0.0107
45.294906 -55.426182 18 0.983 18.026 0.0263 17.1264 0.0132 16.0112 0.0282 15.5888 0.0306
45.072161 -55.253071999999996 18 0.981 20.2579 0.0131 19.2629 0.0126 17.3603 0.0064 16.6145 0.0071
45.149692 -55.26945 15 0.972 20.1988 0.0621 19.3554 0.0414 17.9559 0.0125 17.4147 0.0082
44.737396000000004 -55.334788 23 0.983 18.5503 0.0108 17.6369 0.0064 16.4689 0.0042 16.0407 0.0056
44.933332 -55.582814 24 0.998 15.8099 0.0052 15.3651 0.0047 15.0838 0.0049 14.9993 0.0053
45.220088 -55.300290000000004 14 0.98 19.5022 0.0435 18.5752 0.0089 17.6819 0.0158 17.3808 0.0063
45.281242 -55.353863 13 0.96 20.1499 0.1042 19.4326 0.0127 18.7878 0.01 18.5276 0.0408
45.079966999999996 -55.250443999999995 33 0.986 16.8782 0.0069 16.5451 0.0045 16.3688 0.0044 16.3424 0.0054
45.295753000000005 -55.378048 22 0.986 17.2297 0.0084 16.746 0.0051 16.4373 0.0079 16.3094 0.0069
44.806174 -55.283035 22 0.963 20.0969 0.0344 19.1936 0.0068 18.0039 0.0105 17.5405 0.0137
45.024874 -55.590504 16 0.977 20.6407 0.0455 19.5618 0.024 17.5662 0.01 16.7608 0.0084
45.306507 -55.39812 17 0.982 19.0303 0.0219 18.1315 0.0179 16.9774 0.0138 16.5144 0.0068
44.707435 -55.473967 14 0.975 19.3104 0.0102 18.5474 0.0384 17.9147 0.0066 17.6566 0.0064
45.283798 -55.346681999999994 33 1.0 13.9289 0.0078 13.637 0.0047 13.499 0.004 13.4873 0.0043
44.897555 -55.582818 24 1.0 14.2763 0.0055 13.9998 0.0061 13.8695 0.0043 13.8561 0.0053
45.280746 -55.341813 22 0.987 17.636 0.006999999999999999 16.86 0.0051 16.3092 0.005 16.1109 0.0073
44.694386 -55.385629 26 0.993 15.9974 0.0055 15.7387 0.0061 15.5952 0.0046 15.5685 0.0043
45.311218 -55.41549499999999 23 0.998 13.9602 0.0053 13.5523 0.0053 13.3116 0.0047 13.238 0.0047
45.310663 -55.431402 15 0.983 18.3542 0.009000000000000001 17.4474 0.0129 16.6522 0.0059 16.3476 0.0091
45.036809000000005 -55.592763 27 0.997 16.1219 0.0082 15.789000000000001 0.0047 15.6313 0.0063 15.6017 0.0068
45.147208 -55.57348100000001 15 0.978 19.9298 0.0116 18.9555 0.0173 17.5989 0.0065 17.0659 0.0144
44.690334 -55.442767 13 0.97 20.4983 0.0781 19.5447 0.012 17.8173 0.0111 17.1697 0.0158
44.872861 -55.254025 16 0.98 19.1711 0.0114 18.974 0.0142 18.9006 0.0203 nan nan
44.891549 -55.249704 28 0.99 16.6065 0.0055 15.8137 0.0054 15.2488 0.0037 15.034 0.0037
45.210778999999995 -55.28447 13 0.983 19.1097 0.0416 18.2511 0.0214 17.3873 0.0076 17.0899 0.0082
45.299289 -55.362229000000006 16 0.973 20.0866 0.0662 19.115 0.0186 18.0003 0.0166 17.5223 0.0193
45.27633 -55.503659 30 0.995 15.4977 0.0071 14.9021 0.0088 14.4959 0.0067 14.334000000000001 0.0047
45.240922 -55.30028000000001 8 0.958 20.5968 0.0243 19.5968 0.049 18.1532 0.0084 17.5969 0.0133
45.305323 -55.361854 31 1.0 14.3069 0.0086 14.0527 0.0047 13.9356 0.004 13.9287 0.0043
44.745056 -55.528914 6 0.9520000000000001 19.6204 0.009000000000000001 nan nan nan nan 17.6217 0.0243
45.283819 -55.504973 22 0.988 17.0264 0.0116 16.1562 0.0053 15.1324 0.0054 14.7335 0.0047
44.850893 -55.580311 7 0.9840000000000001 17.6427 0.012 nan nan nan nan 14.7508 0.0102
44.904509000000004 -55.592787 16 0.9620000000000001 19.49 0.0117 18.9461 0.0056 18.5356 0.013000000000000001 18.458 0.0357
45.025541 -55.232943999999996 24 0.98 18.9759 0.0114 18.3588 0.0084 17.9742 0.0094 17.8817 0.0177
44.700878 -55.342025 23 0.9890000000000001 17.2338 0.0055 16.8859 0.0053 16.6703 0.0096 16.6361 0.0061
45.166148 -55.576815 11 0.966 19.0438 0.0126 18.4548 0.0085 18.1193 0.0435 18.0253 0.0144
44.774618 -55.551671999999996 1 0.976 nan nan nan nan nan nan 15.9945 0.0115
44.709678000000004 -55.503319 24 0.9990000000000001 15.1291 0.0062 14.8367 0.0096 14.6963 0.0044 14.672 0.0054
44.846415 -55.2523 21 0.9690000000000001 19.7506 0.0107 19.0355 0.0061 18.4473 0.0092 18.2853 0.0073
45.10522 -55.23999 18 0.97 19.9706 0.0498 19.1265 0.0173 18.4601 0.0177 18.1882 0.0179
44.736108 -55.305609 21 0.9840000000000001 17.7488 0.0098 17.0874 0.0051 16.605999999999998 0.0064 16.4332 0.0047
45.163385 -55.579083 12 0.982 19.1183 0.0531 18.1752 0.0075 16.7784 0.0053 16.2564 0.0066
45.036994 -55.230722 28 0.9840000000000001 17.9367 0.0047 17.6475 0.0081 17.4937 0.0053 17.4643 0.0127
45.330008 -55.416881000000004 18 0.983 17.2386 0.0137 16.975 0.0097 16.8474 0.0055 16.8137 0.009000000000000001
44.963359000000004 -55.229746 23 0.973 20.3401 0.0354 19.4302 0.0075 17.947 0.0105 17.3611 0.0198
45.120884000000004 -55.241206999999996 33 0.998 14.3069 0.0056 14.0269 0.0055 13.8921 0.0043 13.8838 0.006
44.671712 -55.448294 10 0.978 18.7258 0.0209 18.2803 0.0078 17.9693 0.0075 17.792 0.009000000000000001
45.148412 -55.586181999999994 12 0.991 16.6725 0.0072 16.2133 0.0061 15.9449 0.0065 15.8622 0.0074
44.887063 -55.237538 27 0.991 18.1177 0.0088 17.2021 0.006999999999999999 16.291 0.0044 15.95 0.0067
45.296419 -55.328095 9 0.951 19.6744 0.0283 19.4919 0.0255 19.3551 0.0154 nan nan
44.758763 -55.549321 3 0.98 nan nan nan nan nan nan 16.1518 0.0064
44.902209 -55.232969999999995 24 0.9840000000000001 18.0496 0.0075 17.788 0.0071 17.6661 0.011000000000000001 17.6451 0.012
44.784465000000004 -55.565613 0 1.0 nan nan nan nan nan nan nan nan
45.287561 -55.314351 28 0.988 16.4122 0.0056 16.0775 0.006 15.8776 0.004 15.8331 0.0063
45.156339 -55.245537 23 0.987 16.1555 0.0056 15.8782 0.0059 15.7236 0.0061 15.7313 0.0061
45.331809 -55.374628 11 0.978 19.3764 0.0427 18.6505 0.0109 18.1621 0.0095 17.9508 0.0208
44.855342 -55.241958999999994 24 0.976 19.7306 0.0123 18.8239 0.0109 17.84 0.0121 17.5062 0.0121
44.65896 -55.433903 15 0.992 16.1169 0.012 15.9025 0.0084 15.8187 0.0064 15.8272 0.0086
45.125496999999996 -55.235305000000004 0 0.9940000000000001 nan nan nan nan nan nan nan nan
44.712126 -55.310666000000005 19 0.985 18.0985 0.0089 17.2119 0.013000000000000001 16.2425 0.0272 15.9514 0.0192
44.907406 -55.604627 27 0.99 17.9903 0.0059 17.0709 0.0066 15.7217 0.0042 15.2173 0.008
44.892359 -55.602045 20 0.975 19.6166 0.0116 18.9083 0.0065 18.4276 0.0213 18.1861 0.0364
44.748695 -55.283653 22 0.981 19.1702 0.0094 18.3176 0.0086 17.5754 0.0072 17.3217 0.0117
44.674201000000004 -55.353865 24 0.996 15.589 0.0062 15.270999999999999 0.0053 15.1005 0.0047 15.0522 0.0048
45.330611 -55.473997999999995 21 0.988 16.1341 0.0065 15.7593 0.0057 15.5586 0.0048 15.4986 0.0071
44.724241 -55.536085 4 0.977 18.9031 0.0093 nan nan nan nan 16.7781 0.0082
45.333037 -55.361112 14 0.981 19.4759 0.0078 18.5216 0.0176 16.9558 0.0094 16.3287 0.0092
45.281912 -55.532385999999995 18 0.988 16.7923 0.046 16.5256 0.0075 16.4019 0.0067 16.4058 0.0056
45.347923 -55.422877 10 0.976 18.7723 0.0077 18.5668 0.0149 18.4935 0.0089 18.5562 0.0408
44.742456 -55.28384200000001 36 1.0 14.5274 0.006 14.1878 0.0047 14.0088 0.0041 13.9824 0.0053
45.262151 -55.286736 27 0.986 16.574 0.0072 16.1043 0.0084 15.8385 0.0042 15.7687 0.0047
44.704239 -55.312525 17 0.968 20.2008 0.011000000000000001 19.3033 0.0132 18.0216 0.0054 17.5219 0.0142
45.188543 -55.250271 14 0.978 19.3988 0.0245 18.6508 0.0184 18.0545 0.0088 17.823 0.0124
44.722716 -55.539198 6 0.976 19.0856 0.0112 nan nan nan nan 18.1551 0.0125
44.754057 -55.274029000000006 30 1.0 13.0697 0.008 12.8477 0.006999999999999999 12.7749 0.0038 12.7947 0.0037
45.345678 -55.37334499999999 12 0.975 19.8252 0.0151 19.1031 0.0073 18.6167 0.0139 18.4514 0.0241
44.736051 -55.28258 23 0.992 16.9864 0.0054 16.3186 0.0048 15.8684 0.0074 15.7092 0.0063
44.701574 -55.525767 10 0.982 18.5064 0.0075 18.1564 0.0089 nan nan 17.8966 0.0389
45.045288 -55.215633999999994 20 0.982 19.2272 0.0073 18.3335 0.0102 17.0639 0.005 16.5679 0.0101
45.292559000000004 -55.53394 11 0.97 19.8382 0.0156 18.9298 0.0113 17.8279 0.0107 17.4204 0.0064
45.316905 -55.513689 15 0.982 18.3789 0.0173 17.8082 0.0131 17.4574 0.0073 17.2795 0.0159
44.681835 -55.513631999999994 16 0.985 18.3124 0.0092 17.6019 0.0087 17.1223 0.0094 16.9461 0.0061
45.228173999999996 -55.257422999999996 19 0.997 15.5242 0.006999999999999999 14.889000000000001 0.0085 14.4882 0.009000000000000001 14.3806 0.0164
45.043787 -55.62062099999999 14 0.977 19.7132 0.0364 18.7908 0.0085 17.5043 0.0089 16.9801 0.0177
45.360391 -55.442463000000004 19 1.0 13.0303 0.0061 12.414000000000001 0.0079 11.9952 0.0074 11.8365 0.0048
45.099683 -55.61509100000001 8 0.965 19.2265 0.0889 18.8742 0.011000000000000001 18.72 0.0086 18.6768 0.0353
44.652669 -55.356269 13 0.9790000000000001 20.0925 0.0252 19.1554 0.0099 17.5204 0.0095 16.885 0.0133
45.169711 -55.59955 12 0.978 18.5391 0.0145 18.3158 0.0143 18.2365 0.0084 18.2683 0.0341
44.786861 -55.249309 13 0.9690000000000001 19.609 0.0161 19.2976 0.0065 19.0162 0.0175 nan nan
45.290108000000004 -55.291672999999996 9 0.951 20.2123 0.0178 19.4841 0.0095 19.1453 0.039 nan nan
45.358369 -55.375512 28 0.99 15.3432 0.0071 15.1105 0.0086 15.0178 0.0043 15.0194 0.0048
45.29852 -55.296555000000005 19 0.991 17.7299 0.0078 16.8619 0.006 16.1406 0.0066 15.8593 0.0075
44.740539 -55.269466 29 0.99 16.4837 0.013000000000000001 16.0342 0.0048 15.7522 0.0046 15.6528 0.005
44.746412 -55.567749 8 0.983 nan nan nan nan nan nan 14.9048 0.0075
44.7803 -55.248316 24 0.985 18.2559 0.008 18.0754 0.0097 17.982 0.0083 17.9909 0.0165
45.364709999999995 -55.451713 12 0.9570000000000001 20.3914 0.0349 19.456 0.0196 18.1371 0.0173 17.6073 0.0299
45.367846 -55.395324 14 0.98 18.7716 0.0062 18.4042 0.0177 18.1493 0.0067 18.0579 0.0181
45.310629 -55.532534 12 0.982 17.4583 0.0297 17.0003 0.0091 16.739 0.0065 16.6438 0.0128
44.629898 -55.437062 6 0.965 19.0874 0.0105 18.9218 0.0115 18.8598 0.0287 nan nan
44.630319 -55.441248 6 0.972 19.0733 0.0106 18.8131 0.0109 18.594 0.0108 18.4695 0.0397
44.668763 -55.516627 10 0.96 19.8472 0.0203 19.2565 0.0068 18.9641 0.0525 nan nan
45.373781 -55.399004000000005 31 0.9940000000000001 15.9752 0.0106 15.7316 0.0048 15.6006 0.005 15.5856 0.0057
45.313143 -55.299737 25 0.988 16.5452 0.01 16.1228 0.0103 15.8923 0.0043 15.8275 0.0061
45.001514 -55.629887 15 0.961 20.0875 0.011000000000000001 19.1546 0.017 18.1583 0.0134 17.8042 0.0296
45.240808 -55.58136999999999 11 0.9740000000000001 18.921 0.0097 18.2857 0.0082 17.8133 0.0131 17.7265 0.0171
44.626138 -55.386392 21 0.998 15.5655 0.0076 15.2955 0.0062 15.1408 0.0047 15.1305 0.0074
45.116137 -55.212464000000004 34 0.996 15.0853 0.009000000000000001 14.5502 0.0043 14.2029 0.0052 14.0902 0.0044
45.259204 -55.260439 17 1.0 13.5241 0.0111 13.1054 0.0105 12.8552 0.0061 12.7936 0.0061
44.701532 -55.283530000000006 11 0.965 19.5258 0.0088 19.2816 0.016 19.2576 0.0179 nan nan
45.345451000000004 -55.326766000000006 16 0.9840000000000001 18.4313 0.0074 17.5393 0.0074 16.3422 0.0063 15.8746 0.0052
45.052356 -55.631280000000004 24 1.0 13.4013 0.0104 13.1331 0.0072 13.013 0.0043 13.0199 0.0053
44.76797 -55.589425 7 0.976 nan nan nan nan nan nan 16.8297 0.0119
44.813303999999995 -55.225952 36 0.993 16.2268 0.0067 15.9598 0.0044 15.8098 0.0061 15.7897 0.0042
44.818826 -55.609593999999994 24 1.0 14.9234 0.0062 nan nan nan nan 14.3503 0.0054
44.880520000000004 -55.624637 16 1.0 12.2655 0.0174 12.0368 0.0175 11.9615 0.0164 11.9678 0.0113
44.924943 -55.631329 21 0.985 18.1279 0.0105 17.3364 0.006999999999999999 16.7859 0.0056 16.6004 0.0108
44.963637 -55.63490600000001 19 0.992 17.0071 0.0133 16.5209 0.0101 16.2383 0.0065 16.1329 0.005
44.628324 -55.35556700000001 11 0.971 19.7385 0.0764 19.0073 0.0549 18.3364 0.0129 17.9769 0.0184
44.711625 -55.56584 5 0.98 18.4829 0.0133 nan nan nan nan 16.3996 0.0141
45.390910999999996 -55.408286 26 0.987 16.5136 0.006999999999999999 15.98 0.006999999999999999 15.669 0.0049 15.5448 0.0058
45.28151 -55.57158199999999 20 0.986 16.4756 0.0108 16.2216 0.0064 16.0729 0.0058 16.0534 0.0056
44.610512 -55.444131999999996 18 0.991 15.5982 0.0083 15.329 0.0112 15.1864 0.0061 15.1763 0.0053
44.607053 -55.426464 12 0.981 18.6789 0.0074 18.1816 0.0104 17.8691 0.0224 17.7901 0.0157
45.2059 -55.607055 12 0.9890000000000001 16.4799 0.0267 16.0965 0.0102 15.8976 0.0117 15.8433 0.0075
45.388048 -55.380573999999996 29 1.0 13.2942 0.0053 13.0266 0.0063 12.8984 0.0041 12.880999999999998 0.0047
44.988821 -55.192331 41 1.0 14.2123 0.0041 13.8112 0.0047 13.5599 0.0037 13.475 0.004
44.823817 -55.214967 37 0.9990000000000001 14.9558 0.0043 14.6748 0.0043 14.5159 0.0043 14.488 0.004
45.344192 -55.301749 24 0.9990000000000001 13.2917 0.0055 13.0133 0.0081 12.8855 0.0047 12.8802 0.0047
44.603262 -55.38581800000001 10 0.972 19.3199 0.0112 19.0222 0.0083 18.8402 0.02 nan nan
44.664189 -55.541934 11 0.995 15.725 0.0106 15.3588 0.0105 15.1229 0.0061 15.0494 0.0074
44.682385 -55.277407999999994 25 0.9990000000000001 15.1644 0.0053 14.8979 0.0061 14.7549 0.0047 14.7446 0.0055
45.169422 -55.20938100000001 21 0.985 17.3691 0.0145 16.6485 0.0055 16.1341 0.0045 15.9586 0.0093
45.373925 -55.330830000000006 31 0.9990000000000001 15.0655 0.0098 14.7865 0.0047 14.6461 0.004 14.6123 0.0043
45.375545 -55.332823 15 0.983 nan nan 17.8665 0.0102 17.3212 0.0082 17.0949 0.0064
44.64762 -55.52933 9 0.98 19.2075 0.0105 18.3867 0.0115 17.65 0.0095 17.3737 0.0336
44.611198 -55.353128000000005 17 0.985 17.404 0.0061 17.1248 0.0076 16.9694 0.0054 16.9623 0.008
44.81338 -55.212413 24 0.981 18.7688 0.0125 18.4 0.0064 18.179000000000002 0.0153 18.0684 0.0243
45.35394 -55.30465600000001 24 0.986 16.5751 0.008 16.1895 0.0072 15.9764 0.0072 15.9224 0.0062
44.998413 -55.647028000000006 17 0.9540000000000001 19.0423 0.0072 18.5246 0.0091 18.2068 0.0133 18.0828 0.0138
45.232993 -55.606697 8 0.976 18.8677 0.0091 18.4876 0.0083 18.261 0.011000000000000001 18.1844 0.0306
44.828938 -55.206393999999996 24 0.985 17.9386 0.0055 17.1282 0.0055 16.5303 0.0056 16.3096 0.0046
45.033347 -55.18538 26 0.977 19.6072 0.0141 18.660999999999998 0.0141 17.6015 0.0078 17.1799 0.0114
45.398396000000005 -55.470063 14 0.985 17.7051 0.01 17.2819 0.0143 17.0491 0.0098 16.9833 0.0085
44.875854 -55.639224 18 0.9740000000000001 18.7698 0.0067 18.4979 0.0083 18.3308 0.0112 18.3443 0.0096
44.951877 -55.184515000000005 16 0.955 19.5594 0.0118 19.3713 0.0138 19.250999999999998 0.0351 nan nan
45.085744 -55.187362 13 0.9740000000000001 19.1769 0.0155 19.0022 0.0128 18.9405 0.0225 nan nan
45.398909 -55.353147 13 0.9790000000000001 19.0439 0.01 18.6524 0.0124 18.4326 0.0189 18.3008 0.02
44.678543 -55.565867000000004 11 1.0 14.3862 0.0076 14.1465 0.0074 nan nan 14.0159 0.0061
45.413303000000006 -55.441793000000004 12 0.982 18.4125 0.0121 17.9805 0.027000000000000003 17.7094 0.0176 17.6297 0.0168
45.134809000000004 -55.193575 21 0.988 16.7195 0.0093 15.9386 0.0053 15.4005 0.0044 15.1957 0.0063
44.654503999999996 -55.285231 13 0.981 18.81 0.0088 18.6267 0.0092 18.4836 0.0432 18.629 0.0259
44.864669 -55.192999 42 0.996 15.9294 0.005 15.6138 0.0041 15.4759 0.0036 15.4606 0.0055
45.049818 -55.18164399999999 36 0.987 16.0331 0.0061 15.7675 0.005 15.6323 0.0038 15.6283 0.006999999999999999
44.822263 -55.2025 22 0.977 19.2299 0.0082 18.5833 0.0101 18.095 0.0139 17.9653 0.0109
44.92282 -55.650063 17 0.9520000000000001 19.4222 0.0158 18.9358 0.0176 18.6346 0.0155 18.457 0.0123
45.211415 -55.21171700000001 15 0.98 19.7663 0.0132 18.8785 0.0084 17.5228 0.0057 16.9594 0.012
45.418263 -55.388586 14 0.981 18.9646 0.0268 18.3908 0.0079 18.0723 0.0189 18.0143 0.0195
45.324137 -55.570313 12 0.986 14.7095 0.0084 14.4186 0.0074 14.2807 0.0074 14.267999999999999 0.0061
44.680554 -55.57418199999999 9 1.0 13.9046 0.0078 13.6122 0.0105 nan nan 13.440999999999999 0.0061
45.190594 -55.631232999999995 21 0.995 15.9789 0.0169 15.7299 0.0069 15.6092 0.0073 15.5969 0.0157
44.762034 -55.218254 31 0.992 16.8558 0.0049 16.3733 0.0066 16.0424 0.0041 15.9254 0.0049
45.418663 -55.453695999999994 13 0.9840000000000001 18.2133 0.0104 17.6148 0.0199 17.1871 0.0065 17.0267 0.0127
45.162045 -55.194598 17 0.98 19.6671 0.0531 18.7262 0.009000000000000001 17.4632 0.0127 16.9757 0.006999999999999999
45.406242999999996 -55.347196999999994 26 1.0 12.9919 0.019 12.5967 0.0238 12.373 0.0129 12.3113 0.0135
45.404382 -55.492658999999996 17 0.981 18.4134 0.0103 18.1555 0.0132 17.9873 0.0168 17.9312 0.0154
44.579173 -55.380616 12 0.968 19.6637 0.0114 18.8265 0.0082 17.9664 0.0067 17.6114 0.017
44.574008 -55.430822 12 0.978 19.5785 0.0083 18.6708 0.0147 17.6776 0.0078 17.3581 0.0083
44.6157 -55.523265 20 1.0 13.9219 0.0076 13.6974 0.0077 13.5794 0.0058 13.5921 0.0054
44.916245 -55.654571 29 0.985 17.4862 0.0077 17.2452 0.0055 17.1032 0.0051 17.0924 0.0085
45.083842 -55.654638 32 1.0 14.4459 0.0091 14.1708 0.0053 14.0162 0.004 14.0004 0.004
44.890257 -55.181456000000004 24 0.9790000000000001 19.3298 0.0065 18.6172 0.0113 18.072 0.0082 17.866 0.023
45.420284 -55.368166 14 0.982 19.1382 0.0089 18.2616 0.0075 17.3568 0.0078 17.003 0.0103
45.385496999999994 -55.525829 20 0.983 18.6771 0.0095 17.761 0.0062 16.5863 0.0063 16.1118 0.0158
44.571234999999994 -55.390342000000004 22 1.0 13.9751 0.0053 13.6814 0.0062 13.5302 0.0053 13.5182 0.0053
44.969862 -55.660957999999994 18 0.981 18.183 0.0138 17.6367 0.0059 17.2733 0.0077 17.142 0.0067
44.938908000000005 -55.659616 28 0.988 17.4463 0.0073 16.7989 0.0045 16.3357 0.0045 16.1524 0.0038
45.409904 -55.333999 16 0.98 19.3641 0.0194 18.4857 0.0194 17.7933 0.0173 17.5085 0.0116
44.570188 -55.37647 13 0.9520000000000001 20.6443 0.0124 19.6645 0.0085 18.1235 0.0106 17.5486 0.0296
45.008239 -55.169235 28 0.9840000000000001 17.6987 0.0046 16.8838 0.0056 16.2871 0.0039 16.0571 0.0057
44.659690999999995 -55.261931000000004 14 0.963 20.0969 0.038 19.1658 0.0086 18.0858 0.0068 17.6186 0.0186
44.741141 -55.616896999999994 16 0.998 16.8612 0.0097 16.0442 0.0067 nan nan 15.2325 0.0041
45.43445 -55.44749100000001 14 0.99 15.2676 0.0081 15.0244 0.0075 14.8991 0.0061 14.8991 0.0092
45.134116 -55.654115000000004 27 0.998 14.9339 0.0063 14.1842 0.0078 13.6323 0.0048 13.4543 0.0045
45.276786 -55.610820999999994 23 0.995 15.3715 0.006999999999999999 15.0936 0.0057 14.9446 0.0048 14.9274 0.0053
45.083748 -55.171645999999996 36 0.9890000000000001 16.269000000000002 0.0059 16.0271 0.0051 15.8996 0.0073 15.9014 0.0053
44.596249 -55.318379 13 0.982 18.6751 0.0193 18.5116 0.0091 18.3819 0.0225 18.3744 0.0464
44.652454999999996 -55.570215000000005 7 0.987 19.0989 0.0118 18.237000000000002 0.0105 17.4498 0.0189 17.1199 0.0089
44.589366999999996 -55.509815 22 0.9990000000000001 15.9117 0.0079 15.0563 0.0058 14.3089 0.0054 14.0365 0.0047
44.910059999999994 -55.171011 29 0.9890000000000001 17.3617 0.005 16.7713 0.0041 16.4286 0.0038 16.3152 0.0076
44.559398 -55.440245999999995 20 0.997 14.5777 0.0061 14.2167 0.006999999999999999 14.0327 0.0053 13.9954 0.0053
45.017672999999995 -55.164662 35 0.9990000000000001 15.9724 0.0055 15.2184 0.0041 14.7258 0.0047 14.5449 0.004
45.299169 -55.604451 16 0.9840000000000001 17.0649 0.009000000000000001 16.725 0.0064 16.5241 0.0054 16.4723 0.0058
44.658131 -55.579367000000005 5 0.978 19.1316 0.0105 19.0012 0.0126 18.8894 0.0483 nan nan
44.770891999999996 -55.199489 22 0.973 19.6314 0.0143 18.7483 0.0113 17.9162 0.0111 17.5791 0.0185
45.415279999999996 -55.323673 22 0.987 16.5697 0.0067 16.3982 0.0117 16.2784 0.0059 16.2678 0.0108
45.302816 -55.23041 18 0.996 12.2792 0.0124 11.7768 0.0122 11.4818 0.0061 11.3871 0.0074
45.219597 -55.195158 10 0.963 20.1635 0.0124 19.2855 0.016 18.438 0.0185 18.146 0.0336
44.555823 -55.382936 19 0.997 15.2052 0.0061 14.6392 0.0074 14.3027 0.0053 14.1954 0.0053
44.55158 -55.414533999999996 16 0.998 15.3557 0.0061 14.8126 0.0061 14.5006 0.0074 14.3942 0.0053
44.936278 -55.164615000000005 0 0.97 nan nan nan nan nan nan nan nan
45.321252 -55.59484499999999 12 0.992 16.6428 0.0062 15.7712 0.0145 14.4264 0.0061 13.9298 0.0061
44.593693 -55.526866000000005 12 0.992 16.9587 0.0074 16.1173 0.0064 15.4533 0.008 15.2096 0.0061
44.584332 -55.515723 23 0.996 16.2042 0.0107 15.9433 0.0056 15.7655 0.0133 15.7375 0.0076
44.564612 -55.48282 11 0.9620000000000001 20.2083 0.0351 19.3757 0.0271 18.0181 0.0117 17.4684 0.0103
44.548333 -55.427575 11 0.991 17.5062 0.0078 17.1511 0.0074 16.9509 0.0116 16.8916 0.0072
44.808455 -55.184295999999996 25 0.988 17.6037 0.008 17.157 0.0074 16.9009 0.0073 16.825 0.0045
44.766271 -55.196473 25 0.9990000000000001 13.020999999999999 0.0074 12.8159 0.0074 12.7378 0.0047 12.7574 0.0047
45.223599 -55.640663 6 0.9840000000000001 17.6792 0.0105 16.7974 0.011000000000000001 15.8754 0.0076 15.5303 0.0108
45.371406 -55.26973100000001 18 0.9990000000000001 11.6158 0.0074 11.2382 0.0074 11.0205 0.0061 10.9622 0.0074
45.441736 -55.47538 11 0.9740000000000001 18.9745 0.0254 18.3325 0.0302 17.8662 0.0122 17.7813 0.0098
45.359118 -55.574633999999996 17 0.9840000000000001 17.0959 0.011000000000000001 16.6919 0.0104 16.4834 0.0056 16.3955 0.0067
45.425832 -55.326775 10 0.976 19.1358 0.0098 18.8911 0.0086 18.7102 0.0256 18.5443 0.0221
45.188371000000004 -55.180928 20 0.985 18.6449 0.0177 17.759 0.0158 17.0214 0.0066 16.7281 0.0069
44.780316 -55.189803000000005 34 0.9940000000000001 16.1143 0.0058 15.7198 0.0044 15.4809 0.004 15.4148 0.0042
44.558409000000005 -55.351620999999994 11 0.975 19.6382 0.0249 18.7246 0.0081 17.9161 0.0114 17.5082 0.0268
44.928999999999995 -55.672883 48 1.0 14.7112 0.0042 14.279000000000002 0.0044 14.0201 0.0037 13.9434 0.0043
44.906211 -55.670674 41 1.0 14.5153 0.0041 14.1536 0.004 13.958 0.0046 13.9065 0.004
44.836420000000004 -55.174418 29 0.998 12.9507 0.0061 12.6879 0.0074 12.5578 0.0047 12.5533 0.004
44.629115999999996 -55.569227000000005 5 0.97 19.3382 0.0107 19.02 0.0111 18.8401 0.0109 nan nan
44.600348 -55.543709 7 0.9740000000000001 19.2631 0.0155 18.8995 0.0168 18.7477 0.0092 nan nan
44.548163 -55.375236 18 0.9990000000000001 15.1009 0.0062 14.5322 0.0071 14.1904 0.0053 14.0804 0.0053
45.230574 -55.192265 10 0.9690000000000001 20.1361 0.0121 19.1944 0.0308 18.4896 0.0114 18.2503 0.0324
44.593289 -55.536999 9 0.972 19.72 0.0232 18.8239 0.0203 17.832 0.0098 17.3822 0.0231
45.193732000000004 -55.180606999999995 12 0.978 19.3764 0.01 18.9238 0.0071 18.6134 0.0109 18.4715 0.0121
44.896981 -55.162712 25 0.978 19.7546 0.0255 18.8712 0.0058 17.6508 0.0069 17.1955 0.0157
44.679039 -55.230564 16 0.983 18.6905 0.0066 17.8033 0.0062 16.9833 0.0054 16.6794 0.0056
45.423995 -55.317036 18 0.987 17.4062 0.0083 16.5354 0.0082 15.8029 0.0057 15.5294 0.0081
44.65591 -55.590097 13 0.971 19.8457 0.0185 18.9389 0.0285 17.6785 0.0084 17.2141 0.0219
44.587223 -55.533529 9 0.9840000000000001 17.6848 0.008 16.8725 0.0078 16.246 0.0077 16.0074 0.0093
44.561811 -55.336264 10 0.98 18.6301 0.0133 18.3847 0.0077 18.2626 0.013999999999999999 18.2103 0.0318
45.448783 -55.35593299999999 9 0.972 19.4586 0.0235 19.3201 0.0131 19.2745 0.0243 nan nan
45.293812 -55.21445 21 0.985 17.495 0.0088 17.0999 0.0116 16.855 0.008 16.7883 0.0056
45.285488 -55.623931999999996 18 0.987 16.7356 0.009000000000000001 16.3541 0.0066 16.1219 0.0092 16.0722 0.0078
45.005544 -55.679821 27 0.992 17.4607 0.013999999999999999 16.5809 0.0066 15.788 0.0044 15.4787 0.0062
44.568181 -55.513503 11 0.982 19.2108 0.0096 18.335 0.0081 16.9914 0.0075 16.5312 0.0081
45.449589 -55.351665000000004 18 0.9840000000000001 17.2595 0.0081 16.9765 0.0138 16.8359 0.0146 16.7999 0.0131
44.662034999999996 -55.23553199999999 24 0.995 16.1138 0.0055 15.5268 0.006 15.1381 0.0047 15.0038 0.0048
45.299285 -55.619859 17 0.988 16.4615 0.0091 16.1254 0.0086 15.9336 0.0053 15.8953 0.0074
44.977717999999996 -55.681164 22 0.9990000000000001 11.562000000000001 0.0074 11.1988 0.0074 11.0184 0.0061 10.9883 0.012
44.562096000000004 -55.325419999999994 19 0.988 16.8592 0.0074 16.542 0.0065 16.3579 0.0059 16.3116 0.0062
45.289559999999994 -55.62686 13 0.986 17.3816 0.0191 16.9126 0.0074 16.6081 0.0082 16.4942 0.0066
44.550596999999996 -55.496036 18 0.996 16.2708 0.006999999999999999 15.8477 0.0068 15.5707 0.0054 15.485999999999999 0.0053
44.538299 -55.468703000000005 13 0.986 17.6885 0.0086 17.2807 0.0071 17.0027 0.0105 16.8844 0.0082
44.626008 -55.255224 12 0.961 20.471 0.0511 19.5003 0.0135 18.0131 0.0085 17.4523 0.0184
45.136792 -55.161021 16 0.972 19.7729 0.0358 18.9258 0.0085 18.0771 0.0289 17.7648 0.0082
44.830495 -55.167354 24 0.976 20.0163 0.0068 19.0541 0.0065 17.7109 0.01 17.2144 0.0082
44.93654 -55.15093100000001 19 0.9740000000000001 19.562 0.0176 18.9447 0.0066 18.5961 0.0093 18.4561 0.0202
44.610409000000004 -55.264624 14 0.973 20.4779 0.0131 19.615 0.0168 17.7563 0.0163 17.0145 0.0063
44.931264 -55.149939 36 0.991 16.6976 0.0046 16.4118 0.0056 16.2231 0.0042 16.1803 0.0058
45.016083 -55.147217000000005 32 0.996 16.8662 0.0043 16.3452 0.0047 16.0321 0.0043 15.9173 0.0052
45.435378 -55.30963199999999 20 0.9940000000000001 15.9429 0.0107 15.613 0.0061 15.3688 0.0059 15.2946 0.0055
44.755869 -55.648322 36 0.997 15.6795 0.0058 15.4653 0.0063 15.3705 0.0044 15.3645 0.0039
44.984871999999996 -55.686592000000005 23 0.983 18.7338 0.0131 17.7856 0.0072 16.0835 0.0054 15.4365 0.0045
45.478668 -55.41082900000001 31 0.9990000000000001 14.1337 0.0047 13.8324 0.0047 13.6769 0.004 13.6427 0.0043
45.228998 -55.177493000000005 13 0.9840000000000001 17.7891 0.0081 17.405 0.0163 17.1607 0.0089 17.0838 0.0251
44.92383 -55.686023999999996 40 0.997 15.8018 0.0042 15.5891 0.004 15.4921 0.0057 15.4823 0.006
45.076525 -55.68614399999999 20 0.9790000000000001 18.0325 0.0123 17.7489 0.0094 17.5764 0.0379 17.5853 0.0133
44.832983 -55.160182999999996 13 0.9740000000000001 19.3428 0.0083 19.1785 0.019 19.0726 0.0208 nan nan
45.467134 -55.487543 23 0.987 17.0591 0.0067 16.6532 0.0067 16.4282 0.0081 16.3686 0.006999999999999999
44.516733 -55.412981 23 0.9990000000000001 14.1651 0.0053 14.0429 0.0053 14.0175 0.0064 14.0769 0.0059
44.917365000000004 -55.687351 26 0.975 18.9935 0.0111 18.1618 0.0078 17.5182 0.0096 17.2683 0.0292
45.478965 -55.45793199999999 26 0.988 15.5514 0.0056 15.1775 0.0053 14.9148 0.0062 14.8159 0.0048
45.256924 -55.183198 24 0.9990000000000001 14.0498 0.006999999999999999 13.7664 0.0064 13.6078 0.0053 13.5808 0.0053
44.515614 -55.398178 13 0.9990000000000001 11.9083 0.0105 11.6957 0.0105 11.6069 0.0105 11.6268 0.0075
44.541357 -55.325565000000005 11 0.978 18.955 0.0096 18.4427 0.0116 18.0347 0.0119 17.8906 0.0199
45.009221999999994 -55.140503 22 0.956 20.0523 0.0148 19.2757 0.0085 18.5891 0.0397 18.3657 0.0474
45.484233 -55.44511800000001 20 1.0 13.7723 0.0062 13.4867 0.0061 13.3491 0.0061 13.3349 0.0053
44.660432 -55.218996999999995 12 0.9640000000000001 20.5231 0.0189 19.7883 0.0316 18.0782 0.0142 17.3809 0.0079
45.287763 -55.640489 11 0.971 19.1622 0.0191 18.6813 0.0181 18.3994 0.0304 18.1976 0.0395
44.841854999999995 -55.154903000000004 25 0.983 18.5863 0.0094 18.2609 0.0062 18.0426 0.0097 18.0068 0.0176
44.618955 -55.591685 13 0.9790000000000001 19.1412 0.0065 18.3069 0.0085 17.4775 0.0072 17.1832 0.0099
44.877681 -55.686028 23 0.982 18.7054 0.0089 17.8162 0.0066 16.9791 0.0054 16.6653 0.0053
45.322075 -55.627189 10 0.983 17.507 0.0264 16.6663 0.0087 16.0275 0.0061 15.8122 0.0201
44.50885 -55.408086 24 0.997 15.394 0.0053 14.9782 0.0061 14.7561 0.0053 14.706 0.0048
44.82012 -55.15701800000001 24 0.97 20.2284 0.0595 19.3346 0.0118 17.9606 0.006999999999999999 17.4448 0.016
44.898414 -55.143021999999995 26 0.9990000000000001 12.5919 0.0074 12.3136 0.0074 12.1762 0.0105 12.1774 0.0043
44.860892 -55.14804 41 0.997 16.2676 0.0059 16.0063 0.0042 15.8728 0.0038 15.8609 0.0043
44.832087 -55.680155000000006 18 0.978 18.5963 0.0085 18.4028 0.0062 18.3019 0.0127 18.3669 0.0283
45.145477 -55.684668 32 0.9990000000000001 14.3689 0.0077 13.8792 0.0048 13.6084 0.0063 13.5225 0.0047
45.490008 -55.453918 13 0.97 20.2868 0.0126 19.3776 0.0111 18.0654 0.0141 17.5076 0.0126
45.000023 -55.697605 37 1.0 14.7999 0.0043 14.2706 0.0043 13.9635 0.0063 13.8557 0.0043
44.788135 -55.162499 11 0.9590000000000001 19.5482 0.009000000000000001 19.195999999999998 0.0188 18.9606 0.0142 nan nan
45.495771000000005 -55.42422 16 0.986 16.9535 0.0078 16.2858 0.0068 15.8679 0.0048 15.7078 0.0073
45.020956 -55.697945 19 0.955 20.0689 0.0108 19.2838 0.0084 18.2965 0.013999999999999999 17.9369 0.0133
45.225102 -55.16582 14 0.982 19.3125 0.0245 18.4144 0.0124 17.7022 0.0097 17.4292 0.0093
45.490469 -55.373678000000005 17 0.9790000000000001 19.2814 0.0151 18.4263 0.0158 17.7333 0.0129 17.485 0.0108
44.57555 -55.270677 18 0.983 17.9324 0.0078 17.7273 0.0079 17.5864 0.0062 17.5137 0.0151
45.081065 -55.138017000000005 35 0.991 16.4603 0.0045 16.1364 0.0055 15.935 0.0039 15.8734 0.0041
44.586597 -55.25690600000001 23 0.997 16.5079 0.0055 16.147000000000002 0.0078 15.9354 0.0047 15.8735 0.0048
45.065857 -55.698902000000004 15 0.968 19.7717 0.0092 19.0216 0.0154 18.49 0.0083 18.1998 0.0409
45.475271 -55.325874 13 0.976 19.5661 0.0102 18.8129 0.0133 18.3004 0.0065 18.0998 0.0286
45.247446000000004 -55.664967000000004 14 0.981 18.2926 0.0088 17.6428 0.0133 17.1377 0.0118 16.964000000000002 0.0248
44.757871 -55.666839 27 0.9840000000000001 17.3986 0.0142 17.1263 0.0066 16.9976 0.009000000000000001 16.9812 0.0095
45.223401 -55.67285699999999 11 0.9840000000000001 17.7775 0.0087 16.8845 0.006999999999999999 16.1434 0.0089 15.8734 0.0122
45.169685 -55.685824 29 1.0 13.6838 0.0062 13.4183 0.0048 13.2846 0.0043 13.2813 0.0055
45.409317 -55.584619999999994 11 0.977 18.4434 0.0425 17.5382 0.0397 16.9328 0.0104 16.6304 0.0216
44.496671 -55.438235 10 0.9740000000000001 19.7407 0.0399 18.9186 0.0087 18.3077 0.0186 17.9717 0.0192
45.399415000000005 -55.241966000000005 16 0.971 20.02 0.016 19.1639 0.0106 17.9477 0.0117 17.4483 0.0123
45.235138 -55.163208999999995 3 0.971 nan nan nan nan 17.7162 0.0357 17.197 0.021
44.753694 -55.667443000000006 18 0.977 19.9463 0.0405 19.0316 0.0099 17.4969 0.0086 16.9131 0.0206
44.596821999999996 -55.243004000000006 18 0.985 17.9519 0.0239 17.2584 0.0275 16.5778 0.0083 16.305999999999997 0.006999999999999999
44.652516999999996 -55.20773199999999 5 0.98 17.1557 0.0166 17.0429 0.0215 17.0222 0.0507 16.8947 0.0113
44.781982 -55.676733 27 1.0 15.5608 0.0048 15.3151 0.0047 15.1858 0.0078 15.1697 0.0047
44.761357000000004 -55.671516000000004 16 0.973 19.590999999999998 0.0279 18.8961 0.0107 18.3494 0.0221 18.2382 0.0258
45.221185999999996 -55.157022 11 0.95 20.3386 0.0295 19.4377 0.0144 18.4842 0.0076 18.0884 0.0371
44.649079 -55.208321 18 0.9990000000000001 14.1861 0.0077 13.9195 0.0095 13.787 0.009000000000000001 13.7817 0.0055
45.496323 -55.354355000000005 21 0.9840000000000001 17.2405 0.012 16.5202 0.0081 15.9756 0.0074 15.7556 0.0061
45.237645 -55.161469 19 1.0 14.2777 0.0176 13.8711 0.0076 13.6577 0.0047 13.6044 0.0054
44.643707 -55.210511 19 0.996 15.136 0.0061 14.9292 0.0061 14.8318 0.0048 14.8453 0.0053
44.535393 -55.298508999999996 15 0.986 17.3098 0.0074 16.6763 0.0064 16.2446 0.0048 16.0914 0.0061
45.492846 -55.342514 15 0.98 18.9923 0.0125 18.3375 0.0174 17.9613 0.0068 17.7367 0.034
45.422787 -55.254953 16 0.983 17.9814 0.0079 17.6937 0.0084 17.5233 0.0086 17.4793 0.015
45.182286 -55.145513 9 0.968 19.5206 0.0087 19.1367 0.0122 18.8816 0.0089 18.8064 0.0519
44.634079 -55.620194999999995 11 0.9790000000000001 18.7517 0.0312 18.3508 0.0082 18.1556 0.0103 17.9923 0.0147
45.187958 -55.687222 15 0.98 18.8674 0.018000000000000002 17.9657 0.0093 17.1956 0.0071 16.8956 0.0085
45.508749 -55.456889000000004 21 0.9840000000000001 16.9405 0.0125 16.6542 0.0121 16.5239 0.0064 16.521 0.0054
45.15218 -55.138301 30 0.991 15.7871 0.0057 15.5185 0.0048 15.3697 0.0058 15.3603 0.0051
45.487134999999995 -55.324968000000005 30 0.993 15.5823 0.0064 15.2064 0.0048 14.9701 0.0041 14.9025 0.0045
44.613377 -55.225058999999995 14 0.978 19.3196 0.0237 18.5683 0.0258 18.0529 0.0134 17.8622 0.027999999999999997
44.62816 -55.215385999999995 8 0.977 19.2645 0.0155 19.0422 0.0328 18.9736 0.0332 nan nan
45.135498 -55.134935999999996 17 0.973 20.137999999999998 0.0278 19.2413 0.0284 17.9571 0.0155 17.5048 0.0354
44.84345 -55.13841600000001 17 0.977 19.3332 0.0124 19.1954 0.0159 19.0201 0.0294 18.7658 0.0225
44.808903 -55.688137 22 0.9990000000000001 16.3927 0.0052 15.7246 0.0072 15.2909 0.0045 15.1347 0.0054
45.308676 -55.182584999999996 29 0.9990000000000001 13.8165 0.0057 13.4212 0.0057 13.1753 0.0062 13.11 0.0086
45.509947 -55.370518999999994 10 0.9570000000000001 20.3334 0.0436 19.5328 0.0097 18.9897 0.0305 18.5554 0.0204
45.467762 -55.292784 13 0.9670000000000001 19.9254 0.0103 19.1516 0.0072 18.7499 0.027000000000000003 18.6201 0.0256
45.390329 -55.22499200000001 18 0.996 12.706 0.0074 12.220999999999998 0.0074 11.925999999999998 0.0067 11.832 0.0061
45.488568 -55.321916 11 0.977 19.6261 0.0134 19.1404 0.0113 18.8199 0.0367 18.5416 0.0521
44.64387 -55.629814 12 0.955 20.2947 0.0184 19.393 0.0314 17.9382 0.0291 17.4012 0.0086
45.472164 -55.297866000000006 6 0.955 19.641 0.0083 19.8558 0.0176 nan nan nan nan
44.5162 -55.312507999999994 12 0.95 20.7836 0.0441 19.8894 0.0381 18.4847 0.0109 17.9739 0.0323
45.411334000000004 -55.596174 15 0.982 18.146 0.0106 17.5773 0.026000000000000002 17.0865 0.0497 17.0109 0.0353
44.515859000000006 -55.523416000000005 13 0.9570000000000001 19.8575 0.0098 19.1038 0.0315 18.53 0.0236 18.2958 0.0106
45.151148 -55.698843999999994 14 0.963 19.1378 0.0069 18.6671 0.0061 18.4043 0.0192 18.2754 0.0342
45.439391 -55.257491 13 0.983 20.0663 0.05 18.9306 0.0385 16.7753 0.0113 15.9622 0.0054
45.356730999999996 -55.63353000000001 11 0.981 18.6138 0.0081 17.8831 0.0092 17.3707 0.0142 17.2197 0.0102
45.208819 -55.144282 18 0.982 19.0282 0.0069 18.109 0.006999999999999999 17.1954 0.0061 16.8402 0.0051
45.423896 -55.242447999999996 15 0.983 18.2067 0.0116 17.9521 0.0234 17.7928 0.018000000000000002 17.8513 0.0077
45.473999 -55.28961999999999 14 0.977 19.2599 0.0157 18.9263 0.0078 18.6611 0.0121 18.5735 0.0154
44.587647 -55.601962 16 0.993 16.7603 0.0072 16.2146 0.0055 15.8634 0.0152 15.687000000000001 0.0154
44.861411 -55.128519 20 0.9640000000000001 20.9252 0.0198 19.9563 0.0233 18.0479 0.0112 17.3184 0.0073
45.334298 -55.186280000000004 24 0.9840000000000001 16.5545 0.0064 16.3638 0.0054 16.271 0.0053 16.2801 0.0124
44.668125 -55.64949 9 0.977 18.764 0.0087 18.6267 0.0085 18.5436 0.0105 18.3959 0.0169
45.471577 -55.282948 18 0.9840000000000001 19.1736 0.0136 18.4306 0.0129 17.8903 0.0177 17.6214 0.019
44.525858 -55.284845999999995 11 0.95 nan nan 19.8828 0.0107 18.1003 0.0092 17.3934 0.0165
45.427212 -55.595859 10 0.977 19.3835 0.1324 18.6047 0.0092 17.877 0.0192 17.5839 0.0189
45.517447 -55.485861 17 0.981 19.6694 0.017 18.7117 0.0149 17.5129 0.006 17.0609 0.0084
44.9479 -55.116448 29 0.9840000000000001 17.1436 0.0069 16.887 0.0073 16.765 0.0077 16.7376 0.0071
44.571095 -55.595863 8 0.9740000000000001 19.5612 0.0102 18.9003 0.0125 18.3499 0.052000000000000005 18.1316 0.0509
45.323621 -55.177477 26 0.985 16.5751 0.0062 16.338 0.0166 16.233 0.0072 16.2255 0.0095
45.134688 -55.1246 29 1.0 13.4687 0.0053 13.1524 0.0074 12.9863 0.0043 12.9664 0.0049
44.556769 -55.25040799999999 7 0.972 19.1303 0.0099 18.8512 0.0384 18.6513 0.0104 nan nan
44.468145 -55.39569399999999 13 0.983 18.5467 0.0075 17.689 0.0107 16.9977 0.0061 16.7413 0.0204
44.519803 -55.549873 9 0.9940000000000001 16.665 0.0074 16.0364 0.0097 15.6652 0.0336 15.4931 0.0061
44.466511 -55.407197 9 0.978 19.0144 0.0076 18.808 0.0093 18.732 0.0171 18.6147 0.0193
44.918234000000005 -55.117189 26 0.983 18.734 0.016 17.8378 0.0062 17.0336 0.0066 16.7402 0.0132
44.489015 -55.505839 15 0.983 18.6579 0.0064 17.7054 0.006 16.4507 0.0065 15.9751 0.0058
45.359639 -55.641630000000006 13 0.982 18.5342 0.0215 17.6126 0.0088 16.5582 0.0054 16.1414 0.006999999999999999
45.279491 -55.15814 20 0.982 18.8254 0.0335 17.9632 0.0102 17.1406 0.0062 16.8245 0.0107
44.574690000000004 -55.233265 3 1.0 nan nan nan nan nan nan nan nan
45.273168 -55.678098 17 0.981 17.9506 0.0063 17.0189 0.0057 15.9921 0.006999999999999999 15.6063 0.0051
45.530518 -55.37809300000001 32 1.0 15.1494 0.0047 14.7241 0.0048 14.425 0.0048 14.3158 0.0043
45.493572 -55.535146999999995 20 0.998 15.1136 0.0061 14.5891 0.0061 14.2589 0.0068 14.1362 0.0053
44.497519 -55.523423 11 0.992 12.3541 0.0117 11.8533 0.0107 11.5769 0.012 11.4101 0.0108
45.397118 -55.62230699999999 10 0.977 19.1965 0.0429 18.4625 0.008 17.9619 0.0076 17.8585 0.0126
45.305174 -55.66794399999999 13 0.9790000000000001 19.2587 0.0108 18.3703 0.0203 16.9967 0.0154 16.5188 0.013000000000000001
45.179027000000005 -55.12925500000001 22 0.993 16.9338 0.0123 16.1351 0.0057 15.51 0.0071 15.2914 0.0046
45.418785 -55.226048 13 0.975 19.9996 0.0233 19.1382 0.0214 17.8677 0.0127 17.4117 0.0174
44.944241 -55.720513000000004 22 0.968 19.4568 0.013000000000000001 18.9188 0.0111 18.4959 0.0205 18.2778 0.0268
45.530789 -55.47340500000001 14 0.9790000000000001 18.9418 0.0079 18.3585 0.0133 17.9812 0.0081 17.8747 0.0245
45.024378999999996 -55.109998 23 0.982 18.9401 0.0167 18.0886 0.0073 17.4437 0.0053 17.176 0.0091
45.120391999999995 -55.117394 24 0.991 16.666 0.0054 15.8504 0.0062 15.2127 0.0069 14.9946 0.0059
44.864126 -55.119323 16 0.963 19.9552 0.012 19.3316 0.0078 18.8952 0.0093 18.7122 0.0183
44.592172999999995 -55.214914 15 0.972 20.0694 0.0134 19.177 0.012 17.7893 0.0117 17.2688 0.0124
45.507373 -55.525583999999995 32 0.995 15.3315 0.0064 15.0388 0.0058 14.8763 0.0041 14.8527 0.0043
44.505889 -55.29141800000001 17 0.9890000000000001 17.7157 0.0067 16.8274 0.0056 15.9129 0.0054 15.5662 0.0048
45.503448999999996 -55.532013 17 0.9840000000000001 18.6622 0.0071 17.735 0.0063 16.5772 0.0048 16.1296 0.0061
44.944623 -55.11048100000001 18 0.983 19.032 0.0134 18.1525 0.0054 17.1277 0.0086 16.7657 0.0178
44.725137 -55.151073 17 0.99 17.3006 0.0061 16.6374 0.0058 16.2246 0.0047 16.0808 0.0061
45.065961 -55.72376 30 0.982 17.3897 0.0063 17.1114 0.0054 16.9576 0.0094 16.9271 0.0132
45.544583 -55.403197999999996 10 0.9670000000000001 19.3788 0.008 19.1109 0.0155 18.9462 0.0414 nan nan
44.487502 -55.311714 16 0.971 19.8145 0.0102 18.9451 0.0099 17.9196 0.0075 17.5583 0.0091
44.727012 -55.14835 15 0.983 18.5773 0.0066 18.29 0.0073 18.1051 0.0078 18.0253 0.0093
44.501109 -55.29002 14 0.977 19.7239 0.009000000000000001 18.7712 0.0175 17.6093 0.01 17.1759 0.0286
44.804373 -55.12646899999999 13 0.965 19.6003 0.012 19.4119 0.0147 19.2277 0.0122 nan nan
45.537459999999996 -55.357383 18 0.977 19.9809 0.0224 19.0977 0.0105 17.8286 0.0124 17.2787 0.0077
44.565626 -55.22756700000001 8 0.982 18.472 0.0872 17.6186 0.0416 16.9336 0.0373 16.6805 0.0096
44.974923 -55.105672 21 0.98 18.8314 0.0102 18.6443 0.006999999999999999 18.5454 0.013000000000000001 18.5267 0.0178
44.468540000000004 -55.339763 13 0.978 18.9567 0.0071 18.5026 0.008 18.1937 0.012 18.0975 0.0177
45.544005 -55.37279100000001 16 0.978 19.3505 0.0127 18.5342 0.0076 17.9163 0.0132 17.6577 0.0141
44.451774 -55.387554 7 0.972 19.4065 0.0216 19.1952 0.013999999999999999 19.0209 0.0181 nan nan
44.869105 -55.721143999999995 23 0.971 19.2243 0.0081 18.5175 0.0151 17.9781 0.0061 17.7406 0.0184
45.042032 -55.729152 36 0.991 17.5382 0.0076 17.3534 0.0049 17.2814 0.0111 17.2686 0.0289
44.843123 -55.115615000000005 23 0.97 20.0387 0.0229 19.1565 0.019 17.9528 0.0063 17.5091 0.0199
45.244198 -55.698947 23 0.9990000000000001 15.1984 0.0054 14.8885 0.0059 14.7536 0.013000000000000001 14.7284 0.0054
44.593257 -55.203566 10 0.978 18.9239 0.0067 18.6206 0.0078 18.3847 0.0225 18.2503 0.0183
45.454085 -55.59875699999999 21 0.997 15.1216 0.0061 14.8112 0.0056 14.6444 0.0047 14.6225 0.0053
45.342211 -55.16873399999999 21 0.988 15.9308 0.0064 15.0489 0.0053 14.2948 0.0056 14.017000000000001 0.0047
44.883666999999996 -55.108361 21 0.9790000000000001 20.0234 0.0173 19.0387 0.0063 17.4185 0.0066 16.7731 0.0056
45.548884 -55.469413 18 0.9840000000000001 17.3806 0.0071 17.0345 0.0089 16.8199 0.006 16.773 0.0118
44.450547 -55.468033 4 0.96 19.2785 0.0129 19.0606 0.0126 18.9968 0.02 nan nan
44.576142 -55.211743999999996 21 0.995 16.2039 0.0058 15.9706 0.0061 15.8289 0.0051 15.8361 0.0054
44.868914000000004 -55.724647 30 0.985 18.5819 0.0113 17.8871 0.0074 17.4112 0.0069 17.2558 0.009000000000000001
44.973222 -55.100078 20 0.981 18.4919 0.0066 18.2576 0.0081 18.1343 0.0101 18.0428 0.0172
45.5344 -55.325708999999996 19 1.0 12.7707 0.0097 12.5395 0.0074 12.459000000000001 0.009000000000000001 12.4706 0.0053
45.553501000000004 -55.375136 19 0.988 16.8658 0.0232 16.272000000000002 0.0054 15.9371 0.0048 15.8139 0.0048
45.557302 -55.442046 23 0.986 16.0994 0.0055 15.7349 0.0053 15.5293 0.0083 15.4648 0.0053
45.375756 -55.181713 20 0.983 17.8169 0.0343 17.5625 0.0071 17.4142 0.0061 17.4067 0.0131
45.510272 -55.286215000000006 16 0.981 18.6845 0.0232 18.4649 0.0063 18.3496 0.0126 18.2966 0.0219
44.633286 -55.176003 19 0.993 16.4286 0.0067 16.2016 0.0061 16.085 0.0059 16.0616 0.0057
45.239121000000004 -55.128406999999996 7 0.975 19.1608 0.0332 19.0289 0.0358 18.9807 0.0393 nan nan
45.408547 -55.636379000000005 20 1.0 13.6758 0.0111 13.265999999999998 0.0072 13.0336 0.0053 12.9645 0.0061
44.493809999999996 -55.556571 9 0.965 19.5865 0.0515 18.9209 0.0132 18.5108 0.0118 18.261 0.0114
44.455290000000005 -55.498404 11 0.983 17.1744 0.0105 16.7986 0.0104 16.5013 0.0074 16.3954 0.0122
44.655375 -55.670224 15 1.0 14.6951 0.0105 14.3303 0.0061 14.1402 0.02 14.0702 0.0073
45.300653000000004 -55.146239 10 0.96 19.4017 0.0072 19.4094 0.0325 19.2564 0.0381 nan nan
45.279934999999995 -55.137948 17 0.983 19.0691 0.0093 18.1209 0.0073 16.7822 0.0059 16.2668 0.0072
45.535605 -55.313179000000005 9 0.976 19.5109 0.0134 19.3084 0.0134 19.0405 0.0161 nan nan
44.464179 -55.313364 9 0.9690000000000001 19.4652 0.0091 19.2859 0.0227 19.1502 0.0145 nan nan
44.870209 -55.103697 28 0.985 17.8881 0.0116 17.3105 0.0044 16.934 0.0069 16.8118 0.005
44.478654999999996 -55.291647999999995 14 0.96 20.4712 0.0782 19.473 0.0243 18.0286 0.0066 17.4771 0.0093
44.436040000000006 -55.452763 6 0.978 18.3221 0.0251 17.8522 0.0285 17.5208 0.0126 17.4525 0.0199
45.21861 -55.714104000000006 14 0.992 13.014000000000001 0.0105 12.699000000000002 0.0105 12.5595 0.0074 12.5417 0.0061
45.101589000000004 -55.099807999999996 23 0.9840000000000001 18.2742 0.0056 17.3978 0.0049 16.5414 0.0079 16.2257 0.0122
44.490244 -55.274216 25 0.9990000000000001 14.4195 0.0053 14.1273 0.0053 13.9326 0.0047 13.8884 0.0048
44.951111 -55.738783999999995 33 0.986 17.4967 0.0047 17.0491 0.0056 16.8365 0.006999999999999999 16.7802 0.0076
45.568046 -55.389761 31 0.987 16.4588 0.0065 16.2386 0.0056 16.1176 0.0048 16.1158 0.0064
45.570575 -55.434125 10 0.9740000000000001 19.008 0.0113 18.7857 0.0134 18.6248 0.0272 18.6912 0.0699
44.834022 -55.105667000000004 37 0.992 15.6056 0.0073 15.2253 0.0078 15.0004 0.0042 14.9396 0.0037
44.629878999999995 -55.169123 15 0.9840000000000001 17.6687 0.0093 17.3125 0.0204 17.0923 0.0058 17.0129 0.0104
45.405424 -55.186781 16 0.98 18.8108 0.0065 18.3694 0.0121 18.0564 0.0066 17.9675 0.0154
44.961653999999996 -55.091604000000004 1 0.996 nan nan 18.4834 0.1721 nan nan nan nan
45.191679 -55.723946999999995 16 0.968 18.8487 0.0095 17.8835 0.0133 16.6633 0.0067 16.2059 0.0075
45.116768 -55.09748199999999 30 0.986 16.3035 0.0133 16.0141 0.0049 15.8357 0.0046 15.7898 0.0049
44.445359 -55.331998 13 0.988 16.9238 0.0074 16.6513 0.0074 16.4599 0.0117 16.4285 0.0074
44.745203000000004 -55.123938 17 0.972 19.8969 0.0387 19.0852 0.0161 18.4547 0.0147 18.2044 0.0172
44.803845 -55.1096 23 0.981 19.8345 0.0085 18.8311 0.0061 17.2413 0.0079 16.6138 0.0058
44.601853999999996 -55.181157999999996 21 1.0 13.7841 0.0061 13.3569 0.0062 13.127 0.0061 13.0691 0.0053
44.551131 -55.622257999999995 11 0.99 18.5236 0.0106 17.5288 0.0259 16.2023 0.0216 15.6985 0.0069
45.440377000000005 -55.206737 16 0.992 16.5472 0.0074 15.9584 0.0063 15.5621 0.006 15.4228 0.0061
45.542496 -55.30795500000001 21 0.983 18.0851 0.0222 17.3197 0.0072 16.7437 0.0042 16.5039 0.0067
45.038515000000004 -55.09033 16 0.978 19.1241 0.0138 18.85 0.0242 18.6689 0.0204 18.6713 0.0526
45.265454 -55.126158999999994 17 0.983 17.6709 0.0295 17.3597 0.0067 17.1773 0.0053 17.1224 0.0065
44.831959000000005 -55.10323100000001 19 0.97 19.9391 0.0109 19.0292 0.0106 17.8245 0.0054 17.4086 0.0129
44.465352 -55.294049 16 0.983 18.1755 0.0062 17.9708 0.0148 17.8554 0.0097 17.8576 0.0109
45.377097 -55.665541000000005 26 1.0 14.0807 0.0057 13.8014 0.0054 13.6718 0.006999999999999999 13.6789 0.0051
44.54142 -55.218205000000005 13 0.98 19.1366 0.0131 18.2449 0.0295 17.3831 0.0172 17.0659 0.0133
44.475945 -55.279619 16 0.985 18.1476 0.0144 17.2327 0.0066 16.2688 0.006999999999999999 15.9202 0.0051
44.801976 -55.724945 20 0.9520000000000001 19.8836 0.0074 19.0029 0.0078 18.1677 0.0197 17.9389 0.0378
45.052994 -55.743491000000006 14 0.956 19.1292 0.0097 18.9096 0.0144 18.7335 0.0276 18.5862 0.0181
45.566108 -55.351139 17 0.975 19.6 0.0289 18.8502 0.0199 18.2931 0.0086 18.1019 0.0403
44.745342 -55.711760999999996 25 1.0 13.0344 0.0134 12.7399 0.0063 12.5935 0.0057 12.5794 0.0047
44.961353 -55.088607999999994 26 0.985 18.2405 0.0063 17.8021 0.0047 17.5753 0.0133 17.5121 0.0107
45.331647 -55.687499 15 0.983 17.5818 0.012 16.8663 0.0099 16.3517 0.0177 16.2065 0.0068
45.471244 -55.610341000000005 15 0.98 19.14 0.0139 18.2794 0.0118 17.4883 0.0093 17.1898 0.0084
45.459257 -55.215363 10 0.982 18.8383 0.0091 18.2079 0.017 17.6944 0.0155 17.4997 0.008
45.003966 -55.086645 37 0.998 14.8342 0.0082 14.5812 0.0128 14.4472 0.0111 14.4447 0.0131
45.568563 -55.347504 22 0.99 17.3479 0.0085 16.6634 0.0058 16.2323 0.0053 16.0704 0.0048
45.574290000000005 -55.363689 25 0.99 16.5624 0.0055 15.9929 0.0082 15.6721 0.0041 15.5554 0.0044
45.13702 -55.73813199999999 32 0.998 15.4575 0.0071 15.0873 0.0043 14.8973 0.0043 14.8545 0.0065
45.406771 -55.65436700000001 14 0.981 19.4571 0.0261 18.5503 0.0075 17.4661 0.0076 17.081 0.0072
45.571356 -55.483952 15 0.981 18.5483 0.0121 18.2298 0.0068 18.0283 0.0125 17.9984 0.0258
45.524832 -55.562087 10 0.963 19.8831 0.0129 19.1066 0.0093 18.4841 0.0079 18.1653 0.0328
44.771467 -55.72144300000001 23 0.9840000000000001 17.776 0.0215 17.5462 0.0062 17.4641 0.0078 17.4334 0.0185
44.860223 -55.738141000000006 30 0.9840000000000001 17.7025 0.0067 17.1486 0.0047 16.7753 0.005 16.6398 0.0088
45.581875 -55.394954000000006 15 0.978 19.6555 0.0084 18.8939 0.0085 18.2475 0.0098 17.9712 0.0155
44.417911 -55.387682 12 0.9740000000000001 20.4648 0.0794 19.4806 0.0616 17.9097 0.0171 17.3044 0.0287
44.776604 -55.723473999999996 27 0.998 16.0996 0.0045 15.2952 0.0047 14.6909 0.004 14.4711 0.0041
45.095874 -55.089291 21 0.985 16.7236 0.0064 16.1384 0.0079 15.5548 0.011000000000000001 15.3115 0.0071
44.461348 -55.285546 10 0.978 19.3802 0.0107 19.1606 0.0082 19.0937 0.0235 nan nan
45.582752 -55.377962 30 0.99 16.1379 0.0049 15.8586 0.0053 15.6993 0.0047 15.6726 0.0048
44.425177000000005 -55.349031000000004 11 0.96 20.1626 0.0148 19.3683 0.0164 18.0671 0.0092 17.539 0.0151
44.612963 -55.166114 13 0.985 17.8021 0.0099 17.2997 0.0408 17.0068 0.0055 16.9278 0.0122
44.446374 -55.304285 10 0.983 17.8255 0.0077 17.4255 0.0075 17.1734 0.0062 17.1071 0.0148
45.552787 -55.53445 12 0.98 19.687 0.008 18.7775 0.0205 17.2458 0.0117 16.6294 0.0096
45.498245000000004 -55.238248 15 0.953 20.6585 0.1158 19.7165 0.0091 18.3672 0.0087 17.8652 0.0104
45.332726 -55.693725 10 0.966 19.7656 0.0247 18.7507 0.0096 17.5036 0.0106 17.0733 0.0105
45.087542 -55.085218000000005 15 0.976 19.1859 0.0067 18.8065 0.0055 18.6133 0.0078 18.5132 0.0249
45.554484 -55.301165000000005 29 0.9990000000000001 13.8053 0.0047 13.5648 0.0047 13.4238 0.0049 13.4078 0.0043
44.707471999999996 -55.125076 18 0.98 19.8805 0.0269 18.9681 0.0111 17.3898 0.0063 16.8076 0.011000000000000001
45.5407 -55.280425 33 0.993 15.4971 0.0048 15.2357 0.0081 15.1211 0.004 15.1066 0.0049
45.57889 -55.34624300000001 22 0.9840000000000001 17.7883 0.0059 17.5822 0.0059 17.4654 0.0059 17.4671 0.0202
44.882822999999995 -55.746578 22 0.972 18.6584 0.0107 18.5955 0.0052 18.3443 0.035 18.3197 0.0258
45.420657 -55.17926 10 0.977 19.2252 0.0104 18.9988 0.0078 18.8035 0.0394 18.6953 0.0862
44.506989000000004 -55.229065000000006 9 0.955 19.6591 0.01 19.4396 0.0179 19.305999999999997 0.0134 nan nan
45.556434 -55.536896999999996 10 0.9740000000000001 19.3743 0.0249 18.8685 0.0167 18.4853 0.0158 18.3322 0.0268
45.590099 -55.466603000000006 13 0.982 19.3153 0.0999 18.4616 0.0102 17.2493 0.0098 16.8174 0.0087
44.912690999999995 -55.751525 40 1.0 14.0344 0.0041 13.852 0.0044 13.7899 0.004 13.804 0.0039
45.052684 -55.753923 35 0.9990000000000001 14.2795 0.0073 14.1 0.0047 14.0347 0.0049 14.0506 0.0041
44.513077 -55.222032999999996 22 0.993 16.6899 0.0057 16.2805 0.0069 16.0296 0.0087 15.9487 0.005
44.760505 -55.106739000000005 18 0.956 20.0372 0.0131 19.2557 0.006999999999999999 18.6905 0.0189 18.3951 0.0375
44.560445 -55.646668999999996 10 0.995 16.8233 0.0081 15.9201 0.0084 14.9768 0.0147 14.6165 0.0063
44.884411 -55.749254 30 0.985 17.7066 0.005 17.0412 0.0086 16.5722 0.0041 16.4009 0.0073
44.522894 -55.621559 11 0.966 20.1235 0.0111 19.1556 0.0099 17.6812 0.0122 17.1274 0.03
44.484738 -55.245571 24 0.9940000000000001 16.4525 0.0057 16.171 0.006 16.0148 0.0048 15.9892 0.0059
45.540147999999995 -55.564718000000006 15 0.985 16.971 0.0189 16.0783 0.0067 15.0815 0.0103 14.715 0.0109
45.580067 -55.33274599999999 10 0.966 19.7251 0.0197 19.4811 0.0113 19.3281 0.0713 nan nan
44.665205 -55.13499100000001 14 0.956 20.756999999999998 0.025 19.7703 0.0069 18.1655 0.0181 17.5753 0.0243
44.506684 -55.611146 10 0.9790000000000001 19.3996 0.0152 18.4009 0.0381 17.5363 0.0141 17.2175 0.0186
44.447326000000004 -55.550247999999996 9 0.985 17.2885 0.0074 16.3787 0.0124 15.5229 0.0257 15.1779 0.0074
44.788579999999996 -55.09819399999999 36 0.9990000000000001 15.1212 0.0048 14.7755 0.0043 14.597000000000001 0.004 14.5657 0.004
44.612590000000004 -55.15722099999999 15 0.986 17.7326 0.008 16.7962 0.0073 15.8526 0.0047 15.5076 0.0048
45.396194 -55.161075 15 0.98 19.7686 0.0229 18.827 0.033 17.432000000000002 0.011000000000000001 16.9244 0.0097
44.456913 -55.270295 13 0.9890000000000001 16.5401 0.0062 15.696 0.0074 14.9912 0.0053 14.7226 0.0062
45.596189 -55.469086 11 0.9570000000000001 nan nan 19.9144 0.0138 18.2191 0.0277 17.5388 0.0089
45.51238 -55.236975 23 0.99 17.1071 0.0054 16.5958 0.0053 16.2675 0.0103 16.1672 0.0045
45.596944 -55.471374 9 0.9740000000000001 19.0707 0.0097 18.8236 0.0238 18.7155 0.0194 18.5811 0.0204
45.601882 -55.386835999999995 9 0.961 19.9785 0.0128 19.4236 0.0117 19.1739 0.0102 nan nan
44.665234000000005 -55.702794 10 0.972 19.6932 0.0304 18.7694 0.0118 17.4582 0.0129 16.9674 0.0408
45.420953999999995 -55.66406800000001 18 0.9990000000000001 14.9903 0.0084 14.4853 0.006999999999999999 14.1773 0.0048 14.0715 0.0055
45.006943 -55.760103 23 0.9540000000000001 20.1874 0.0269 19.2606 0.0081 18.0886 0.0173 17.6783 0.0184
44.75447 -55.102713 24 0.991 17.8458 0.0124 17.4957 0.0071 17.2472 0.0102 17.1707 0.0134
45.156316 -55.749164 27 0.9940000000000001 16.5251 0.0058 15.9771 0.0051 15.6523 0.0042 15.5437 0.0043
45.528023 -55.24836 15 0.975 19.6628 0.009000000000000001 18.8869 0.0072 18.1515 0.0147 17.8216 0.0301
45.003708 -55.07238 22 0.977 19.6276 0.0137 18.7639 0.0065 18.0041 0.011000000000000001 17.7206 0.021
45.583847 -55.512166 22 0.988 17.3578 0.0064 16.6496 0.0055 16.1268 0.0044 15.9147 0.0046
45.543271999999995 -55.572959 15 0.986 16.7387 0.0095 16.27 0.01 15.9705 0.0085 15.8327 0.0072
44.416713 -55.318773 8 0.978 19.0177 0.0104 18.6255 0.0077 18.3629 0.0089 18.2254 0.0483
45.042938 -55.761970999999996 33 0.992 16.434 0.0049 16.0911 0.0057 15.9045 0.0053 15.8847 0.0056
45.609901 -55.416649 15 0.9790000000000001 19.3161 0.0169 18.6638 0.0068 18.219 0.0168 18.0597 0.0168
45.216694 -55.093067000000005 20 1.0 12.2708 0.0074 11.9728 0.0074 11.8069 0.0063 11.792 0.0061
45.545722999999995 -55.262553000000004 30 0.9990000000000001 14.4137 0.0169 13.9891 0.0078 13.6504 0.0084 13.5116 0.0088
44.763058 -55.736281000000005 20 0.98 18.7242 0.0151 18.4024 0.0129 18.1877 0.0062 18.1717 0.0132
44.393542 -55.373179 25 0.998 15.1631 0.0056 14.9253 0.0053 14.7859 0.0053 14.7811 0.0049
44.933458 -55.07141899999999 32 0.993 17.2369 0.0073 16.9033 0.0051 16.6956 0.0062 16.6489 0.0077
44.981582 -55.06947099999999 40 0.99 16.2334 0.0051 15.9199 0.0043 15.745999999999999 0.0052 15.6974 0.0095
44.463635 -55.250395999999995 19 0.983 17.8518 0.0079 17.5902 0.0059 17.4117 0.0078 17.3737 0.0306
45.057916 -55.762974 16 1.0 10.9457 0.0075 10.4573 0.0074 10.161 0.0079 nan nan
44.502639 -55.21439399999999 17 0.988 16.5727 0.0084 15.9049 0.0061 15.4562 0.0047 15.2814 0.0049
45.538529 -55.251158 17 0.981 19.5018 0.0285 18.6043 0.0101 17.308 0.0073 16.7685 0.0094
44.632948 -55.137723 10 0.9570000000000001 20.0579 0.0755 19.1323 0.021 18.5634 0.0194 18.237000000000002 0.0202
44.397403000000004 -55.350614 15 0.981 18.9006 0.0281 18.0424 0.0183 17.1825 0.0092 16.8487 0.0082
45.315504 -55.117568999999996 14 0.9790000000000001 18.8817 0.0125 18.4991 0.013000000000000001 18.1811 0.009000000000000001 18.1008 0.0254
44.667146 -55.123698 12 0.9640000000000001 19.8398 0.009000000000000001 19.1062 0.0081 18.5989 0.0332 18.3801 0.1369
44.901994 -55.76146899999999 30 0.982 17.7619 0.0053 17.5658 0.0084 17.4686 0.0216 17.5051 0.018000000000000002
44.461582 -55.248718999999994 15 0.986 17.1864 0.0061 16.4051 0.01 15.8526 0.0053 15.6447 0.0054
45.613763 -55.454947 21 0.985 16.6905 0.0129 16.3622 0.0069 16.1657 0.0067 16.1241 0.0089
44.789348 -55.746413000000004 33 1.0 14.4129 0.0079 13.9909 0.0053 13.6963 0.004 13.602 0.0043
45.124306 -55.760332 16 0.973 18.5979 0.0104 18.3158 0.0057 18.1819 0.0071 18.0524 0.0206
45.032029 -55.066322 21 0.9790000000000001 19.7187 0.0115 18.8897 0.0058 17.5271 0.0094 16.9991 0.0079
44.783713 -55.087959 22 0.985 18.4964 0.0055 17.6072 0.0059 16.2125 0.0053 15.7098 0.0047
45.328138 -55.714914 20 0.995 15.1524 0.009000000000000001 14.7935 0.0061 14.6322 0.0063 14.6143 0.0099
44.447238 -55.259901 11 1.0 13.4442 0.0105 nan nan 12.8782 0.0061 12.8383 0.0061
45.500009000000006 -55.625806000000004 15 0.9940000000000001 16.742 0.0104 16.2021 0.0064 15.8509 0.005 15.7223 0.0054
45.259996 -55.737027000000005 0 0.981 nan nan nan nan nan nan nan nan
44.40829 -55.310722999999996 10 0.9540000000000001 19.8465 0.0145 19.3237 0.013000000000000001 18.9259 0.049 nan nan
44.383362 -55.46116899999999 12 0.982 19.4251 0.0221 18.4359 0.0203 16.7662 0.0112 16.1091 0.008
44.401874 -55.514340000000004 15 0.983 18.045 0.0063 17.5153 0.0067 17.2129 0.0103 17.0578 0.0164
44.543153000000004 -55.657513 14 0.997 15.6533 0.0082 15.3132 0.008 15.1617 0.0089 15.0938 0.0098
45.490007 -55.635833 19 0.987 16.7206 0.0065 16.3491 0.0069 16.1148 0.005 16.0443 0.0053
44.70487 -55.105642 15 1.0 12.3603 0.0105 12.0349 0.0105 11.8752 0.0105 11.8468 0.0053
44.419756 -55.288999 13 0.983 18.213 0.0133 17.7706 0.0137 17.5005 0.0082 17.4297 0.0272
45.553456 -55.580588 21 1.0 13.8374 0.0061 13.4101 0.0062 13.1391 0.0047 13.0407 0.0061
45.566801 -55.565222 9 0.98 18.6756 0.0083 18.6136 0.008 18.6907 0.0105 18.5906 0.0187
45.620375 -55.453593000000005 22 0.9840000000000001 16.8195 0.0071 16.5687 0.008 16.4468 0.006 16.4331 0.0085
45.618649 -55.462904 15 0.9840000000000001 17.7315 0.0069 17.0642 0.0068 16.6241 0.0056 16.4546 0.0154
44.432984999999995 -55.270419999999994 10 0.992 17.1103 0.0075 16.4556 0.0074 15.9932 0.0061 15.8217 0.0063
44.50313 -55.631986 10 0.983 18.7678 0.0261 18.012 0.0275 17.4975 0.0102 17.2615 0.0193
45.547955 -55.247526 17 0.98 19.6206 0.0102 18.7333 0.0065 17.4768 0.009000000000000001 16.9783 0.0171
45.404876 -55.687548 9 0.956 19.4402 0.011000000000000001 19.0002 0.0333 18.6507 0.0133 18.5838 0.0518
44.497769 -55.629587 12 0.991 16.8774 0.0127 16.1067 0.0128 15.5281 0.0084 15.2984 0.0065
44.375292 -55.441894999999995 10 0.976 19.6103 0.022000000000000002 18.6973 0.0077 17.9003 0.0107 17.6153 0.009000000000000001
45.065064 -55.770281000000004 25 1.0 12.54 0.0061 12.2598 0.0074 12.1292 0.0053 12.1218 0.0049
45.584641999999995 -55.290395 16 0.981 19.7043 0.0134 18.7443 0.0227 17.367 0.011000000000000001 16.8474 0.0054
45.447115000000004 -55.168068999999996 13 0.9990000000000001 12.8647 0.0187 12.4246 0.0105 12.1118 0.0074 12.0184 0.0061
44.393673 -55.32731 17 0.997 16.3501 0.0054 15.7226 0.0062 15.2732 0.0111 15.1184 0.0048
44.504897 -55.199104000000005 17 0.998 13.2108 0.0105 12.779000000000002 0.0105 12.5164 0.0061 12.4176 0.0053
44.486881 -55.212419999999995 25 0.9990000000000001 14.6081 0.0053 14.2356 0.0053 13.9588 0.0048 13.8682 0.0047
44.390405 -55.332440000000005 17 0.982 18.7333 0.0067 17.8619 0.0081 16.9236 0.0054 16.576 0.0116
45.476242 -55.650048999999996 15 0.981 18.4588 0.0083 18.2636 0.0095 18.1984 0.0258 18.1202 0.0144
45.626089 -55.387401000000004 26 0.993 16.6224 0.0055 16.2353 0.0052 16.0309 0.0046 15.9545 0.0051
45.297754 -55.731517000000004 18 0.981 17.7037 0.0186 17.423 0.0092 17.2804 0.0131 17.2893 0.009000000000000001
44.470141999999996 -55.612021999999996 9 0.973 19.3273 0.0208 18.8314 0.0307 18.5149 0.0419 18.3245 0.0244
44.372081 -55.38142 12 0.975 19.2188 0.0108 18.6249 0.0102 18.2673 0.0311 18.0305 0.0232
44.901225 -55.062741 21 0.972 19.9322 0.0088 19.1097 0.0174 18.4895 0.0129 18.3128 0.0227
44.369145 -55.441264000000004 18 0.99 15.9117 0.0061 15.6839 0.0113 15.5446 0.0065 15.5415 0.0063
44.805819 -55.758339 23 0.981 18.8229 0.0082 18.0396 0.0054 17.3916 0.0088 17.1314 0.006999999999999999
45.30461 -55.731657999999996 28 0.992 14.9543 0.0094 14.6729 0.0095 14.5207 0.0081 14.5305 0.0129
45.151321 -55.068176 14 0.982 19.3383 0.0106 18.4028 0.0078 16.9981 0.0058 16.461 0.0071
44.560201 -55.159409 14 0.9840000000000001 18.2639 0.0119 17.6211 0.0093 17.1813 0.0132 16.9896 0.006999999999999999
44.482015000000004 -55.210496 24 0.99 16.5994 0.0058 16.3089 0.0057 16.1453 0.005 16.121 0.0051
44.825532 -55.070913 26 0.9840000000000001 17.4384 0.0059 16.9433 0.0054 16.6246 0.0059 16.5264 0.0041
44.575416 -55.149926 17 0.9840000000000001 18.5947 0.0065 18.0555 0.0076 17.7123 0.0057 17.5847 0.0276
44.53812 -55.1706 18 0.995 15.9305 0.0062 15.5723 0.0074 15.3701 0.0053 15.3224 0.0055
45.30057 -55.099771999999994 25 0.9840000000000001 16.5394 0.0053 16.3247 0.0069 16.2371 0.0066 16.239 0.0055
44.563384 -55.155556999999995 12 0.991 16.9361 0.0074 16.0323 0.0061 15.0975 0.0061 14.7465 0.0053
