ra dec ngood class_star g_psf e_g_psf r_psf e_r_psf i_psf e_i_psf z_psf e_z_psf
62.508589 -55.01013100000001 12 0.961 19.857 0.0088 19.3048 0.018000000000000002 18.9742 0.0418 18.7443 0.0336
62.509381999999995 -55.016427 15 0.983 18.4119 0.0115 18.2348 0.0072 18.0779 0.0082 18.1527 0.0324
62.522118999999996 -54.98449 12 0.963 20.8309 0.0347 19.9908 0.0236 18.346 0.0125 17.6681 0.0095
62.513656999999995 -54.980163 15 0.9890000000000001 14.7202 0.0105 14.3239 0.0076 14.0351 0.0053 13.9376 0.0053
62.538093 -55.004014 13 0.977 19.7194 0.0109 18.8345 0.008 17.9413 0.0197 17.6291 0.0135
62.455307 -55.000438 12 0.981 19.0887 0.0149 18.2703 0.0074 17.2429 0.0066 16.8685 0.0058
62.464971999999996 -55.024902000000004 8 0.973 19.1397 0.0176 18.815 0.0179 18.6826 0.0089 18.4373 0.0785
62.54922 -54.97965500000001 15 0.993 13.4813 0.0105 13.1831 0.0161 12.9336 0.0053 12.8822 0.0053
62.45150699999999 -55.0211 22 0.985 14.6836 0.0099 14.3185 0.0053 14.0837 0.0043 14.0181 0.0047
62.56336700000001 -54.992127 11 0.9690000000000001 19.9767 0.0129 19.1433 0.0171 18.573 0.0198 18.3398 0.0313
62.433202 -54.983354000000006 20 0.983 16.7694 0.0072 16.2763 0.0061 15.9582 0.0044 15.8501 0.0055
62.458575 -54.959164 12 0.981 19.2941 0.012 18.4373 0.0089 17.3317 0.0059 16.9478 0.0081
62.581256999999994 -55.016442000000005 16 0.983 18.2714 0.0162 17.9069 0.0087 17.654 0.0064 17.5269 0.0174
62.561727000000005 -54.963354 13 0.965 20.7474 0.021 19.9506 0.0175 18.2493 0.0177 17.5942 0.0097
62.482952000000004 -54.948889 23 0.985 16.6331 0.0101 15.9966 0.0052 15.5719 0.0044 15.4193 0.0045
62.565608999999995 -54.962415 14 0.975 18.538 0.0258 18.3788 0.0461 18.0394 0.049 17.6823 0.0384
62.55884399999999 -55.04254399999999 24 0.9840000000000001 15.2593 0.0143 14.9639 0.0057 14.7574 0.0047 14.7148 0.0048
62.574884 -55.033984 15 0.983 17.8443 0.0168 16.998 0.0058 16.2778 0.0055 15.9881 0.0077
62.598122 -55.00883100000001 17 0.98 19.7475 0.0141 18.8611 0.0217 17.4177 0.0145 16.8751 0.0081
62.423976 -54.96171 15 0.982 18.6591 0.0076 18.395 0.0082 18.2522 0.0063 18.2235 0.0279
62.40221999999999 -55.018373 16 0.963 20.2634 0.0326 19.2905 0.0189 18.2809 0.009000000000000001 17.8404 0.0234
62.566086999999996 -55.047211 20 0.9840000000000001 16.6768 0.009000000000000001 16.207 0.0112 15.8597 0.0045 15.7346 0.0063
62.594502 -55.031406999999994 16 0.983 17.6751 0.0074 16.9162 0.0058 16.3236 0.0076 16.1147 0.0048
62.473851 -55.063499 19 0.9840000000000001 14.9052 0.0391 14.6229 0.0061 14.3622 0.0043 14.29 0.0053
62.614149 -54.99940600000001 17 0.983 19.0798 0.0177 18.2023 0.008 16.9781 0.0109 16.5429 0.0131
62.570688 -54.947863 0 0.983 nan nan nan nan nan nan nan nan
62.442772 -54.942292 19 0.9840000000000001 16.1191 0.0342 15.8954 0.0062 15.7439 0.0052 15.7216 0.0053
62.386402000000004 -54.972156999999996 22 0.986 15.7034 0.0151 15.3069 0.0053 15.043 0.0043 14.9557 0.0086
62.59350799999999 -55.04829599999999 14 0.981 18.9295 0.0204 18.4293 0.0078 18.0021 0.0081 17.8343 0.013000000000000001
62.443532999999995 -55.065408999999995 12 0.98 18.5019 0.0135 18.2609 0.039 18.1082 0.0134 18.0571 0.0137
62.423754 -55.058606000000005 16 0.98 19.474 0.0093 18.6473 0.0195 17.9875 0.0054 17.7226 0.0075
62.596901 -54.952507999999995 17 0.983 19.4497 0.0187 18.4584 0.006999999999999999 16.4254 0.0103 15.6032 0.0069
62.56938100000001 -55.06313000000001 12 0.9640000000000001 20.0673 0.0122 19.1724 0.0102 18.1245 0.0143 17.7445 0.0303
62.549742 -55.069683999999995 18 0.983 17.574 0.0105 17.4245 0.0112 17.312 0.0136 17.322 0.0086
62.521784999999994 -55.074982999999996 13 0.977 19.4455 0.0424 18.7116 0.0094 18.0375 0.0152 17.7654 0.0343
62.58663000000001 -54.941706999999994 16 0.983 18.1413 0.0074 17.7023 0.0076 17.3646 0.0081 17.265 0.0192
62.36690600000001 -55.008176 21 0.9840000000000001 16.78 0.0074 16.2812 0.0126 15.9581 0.0063 15.8528 0.0053
62.382251000000004 -55.037158 20 0.983 17.0819 0.0068 16.7825 0.0059 16.5932 0.0065 16.5472 0.0065
62.531249 -54.924385 12 1.0 nan nan 11.7904 0.0105 11.6475 0.0105 11.6783 0.0074
62.367625 -55.018526 26 0.986 15.1977 0.0076 14.7587 0.0056 14.4714 0.0041 14.3858 0.0049
62.611722 -55.045621 7 0.9740000000000001 19.1484 0.0105 19.016 0.0159 18.883 0.0294 18.8108 0.0222
62.37619300000001 -54.96529399999999 17 0.9840000000000001 15.6644 0.0138 15.3647 0.0064 15.190999999999999 0.0053 15.1464 0.006999999999999999
62.627638 -55.034175 14 0.981 19.3911 0.0084 18.5267 0.0077 17.4311 0.0133 17.0337 0.0051
62.63476800000001 -55.02744499999999 17 0.9840000000000001 16.7957 0.01 15.9772 0.0096 15.2469 0.0049 14.9869 0.0061
62.359354 -55.017389 13 0.982 18.5787 0.0191 18.2618 0.0185 18.0453 0.0077 18.0054 0.009000000000000001
62.356221 -55.013486 12 0.983 18.5297 0.0173 17.9696 0.0061 17.6019 0.0055 17.453 0.0075
62.502658 -54.915032999999994 16 0.982 18.7213 0.0077 18.2354 0.011000000000000001 17.8901 0.0141 17.7411 0.0154
62.354812 -54.974236 17 0.983 16.6371 0.0288 16.201 0.0139 15.9186 0.0084 15.8411 0.0054
62.62709 -55.0482 15 0.9690000000000001 20.7983 0.0194 19.9357 0.0326 18.1049 0.0166 17.3829 0.0125
62.529334999999996 -54.91412 17 0.9840000000000001 17.4628 0.0109 16.6122 0.0058 15.8371 0.0045 15.5369 0.0053
62.574895 -54.922838 20 0.983 17.4279 0.0114 17.0095 0.0199 16.7725 0.0131 16.6583 0.0061
62.559148 -55.082693000000006 9 0.96 19.7784 0.0139 19.3245 0.0175 18.9862 0.0196 18.7805 0.0231
62.349711 -55.024553000000004 11 0.982 18.52 0.0078 18.1527 0.0081 17.897000000000002 0.0071 17.8181 0.0121
62.354085999999995 -54.967352000000005 23 0.9840000000000001 16.0683 0.0093 15.8963 0.0073 15.7696 0.0069 15.7525 0.0054
62.577321999999995 -54.92185500000001 4 0.9690000000000001 nan nan 19.2415 0.0098 19.0419 0.0209 18.8194 0.0166
62.35730699999999 -54.960905000000004 24 0.988 16.0865 0.0081 15.7866 0.006 15.627 0.0051 15.5892 0.0049
62.657999 -54.991319 22 0.987 16.0045 0.0081 15.5996 0.0053 15.365 0.005 15.3028 0.0058
62.402429000000005 -54.926667 15 0.9790000000000001 18.9145 0.0163 18.6835 0.0119 18.4614 0.026000000000000002 18.4794 0.0336
62.341018999999996 -55.016281000000006 14 0.978 19.3921 0.0225 18.5357 0.0112 17.6791 0.0054 17.2915 0.0148
62.646923 -54.961013 11 0.9620000000000001 20.2473 0.0134 19.3653 0.0084 18.3788 0.0065 18.0188 0.0161
62.365030000000004 -55.05407099999999 16 0.983 18.6115 0.0079 17.8617 0.0067 17.2862 0.005 17.0811 0.0078
62.337984 -54.976365 12 0.982 18.8278 0.0105 17.8437 0.0074 16.4121 0.0056 15.8601 0.0053
62.627961 -54.933409999999995 17 0.983 18.139 0.008 17.3614 0.0087 16.7324 0.0046 16.5016 0.0045
62.584008 -55.087427000000005 0 1.0 nan nan nan nan nan nan nan nan
62.326225 -55.016854 24 0.9840000000000001 16.9124 0.006999999999999999 16.6227 0.0094 16.4566 0.0062 16.452 0.0051
62.507129000000006 -54.897928 11 0.9670000000000001 nan nan 20.0484 0.0115 18.3719 0.0149 17.7314 0.0071
62.325722999999996 -54.976305 10 0.966 20.0119 0.0118 19.0948 0.0177 17.7998 0.0138 17.3219 0.0079
62.632023 -55.070111 17 0.983 17.7905 0.0075 17.3544 0.0067 17.0741 0.0067 16.9934 0.0107
62.399148 -55.086341000000004 28 0.987 14.8185 0.0063 14.6568 0.0047 14.5646 0.004 14.5801 0.0043
62.644709 -54.936212 13 0.981 18.7569 0.0174 18.4205 0.0133 18.1989 0.0156 18.0847 0.0258
62.677649 -54.974679 8 0.973 18.897000000000002 0.0117 18.7744 0.0148 18.6575 0.0071 18.5569 0.019
62.681022999999996 -55.023168999999996 22 0.983 17.4534 0.0262 17.1876 0.046 17.1119 0.0371 17.1458 0.0789
62.325384 -55.039402 22 0.985 16.4698 0.0077 16.2376 0.0053 16.0931 0.0054 16.0845 0.0097
62.639961 -54.92591899999999 22 0.9840000000000001 16.2314 0.0098 15.9946 0.0064 15.8606 0.0068 15.8339 0.0061
62.676871999999996 -54.957646 16 0.983 18.1498 0.0079 17.8011 0.0062 17.594 0.0084 17.5263 0.0145
62.463772999999996 -54.891006999999995 15 0.983 17.9175 0.0105 17.1577 0.0209 16.6119 0.0068 16.4141 0.0152
62.34360699999999 -54.934702 29 0.992 14.6628 0.0061 14.3164 0.0047 14.1089 0.0043 14.0547 0.0047
62.68914300000001 -54.97226800000001 10 0.971 19.8112 0.0146 18.8985 0.0197 17.8387 0.0066 17.428 0.0061
62.443132999999996 -55.107434999999995 16 0.9840000000000001 15.5771 0.0076 15.1233 0.0076 14.849 0.0053 14.7535 0.0059
62.47267900000001 -54.88709300000001 13 0.9790000000000001 18.9594 0.0126 18.2845 0.0081 17.7882 0.008 17.6113 0.0095
62.4202 -55.10533100000001 13 0.9640000000000001 19.886 0.01 19.1094 0.0166 18.3721 0.012 18.1031 0.0172
62.627387 -54.911018999999996 13 0.9620000000000001 20.6147 0.0197 19.7849 0.0088 18.2524 0.0099 17.6438 0.0063
62.673984999999995 -55.058932999999996 14 0.982 18.988 0.0119 18.11 0.0078 17.0864 0.0054 16.705 0.0066
62.420517000000004 -54.892064000000005 16 0.983 18.7205 0.0094 17.8086 0.0094 16.4476 0.0055 15.9316 0.0074
62.2994 -55.024156000000005 21 0.9840000000000001 16.086 0.0074 15.8974 0.0053 15.7913 0.0052 15.7897 0.0061
62.702686 -55.018488 25 0.9840000000000001 16.9921 0.0088 16.7154 0.0067 16.5196 0.0067 16.462 0.0047
62.340051 -54.924028 23 0.992 15.4609 0.0107 14.902000000000001 0.0049 14.4912 0.0047 14.3257 0.0047
62.384032 -55.09979499999999 19 0.985 16.5298 0.0074 16.2922 0.0061 16.1443 0.0053 16.1351 0.0057
62.697241000000005 -54.959327 20 0.9840000000000001 17.5539 0.0127 17.0402 0.0068 16.7178 0.0055 16.6003 0.008
62.709242 -55.010167 16 0.98 19.2 0.0093 18.5607 0.0068 18.1684 0.0146 18.0185 0.0395
62.292328000000005 -55.020516 14 0.981 19.6325 0.0453 18.803 0.0078 17.6016 0.0096 17.1164 0.0131
62.346916 -55.083715000000005 21 0.987 13.136 0.0105 12.9161 0.0074 12.8011 0.0043 12.8035 0.0047
62.463664 -54.88051899999999 11 0.9790000000000001 19.5257 0.0139 18.6458 0.0079 17.4669 0.0087 17.032 0.0065
62.639571 -54.907610999999996 12 0.983 19.0162 0.009000000000000001 18.1119 0.0078 17.2165 0.0058 16.8774 0.0058
62.692581999999994 -55.054007999999996 15 0.981 19.1453 0.0139 18.24 0.0075 17.3965 0.0075 17.067999999999998 0.0148
62.538303000000006 -54.878756 13 0.982 19.3319 0.0113 18.3913 0.0076 17.2812 0.0107 16.8621 0.0115
62.49545500000001 -55.123576 17 0.981 18.526 0.0164 18.2291 0.0074 18.0428 0.0161 18.0031 0.027999999999999997
62.386528000000006 -55.106281 19 0.986 16.4402 0.0327 15.745999999999999 0.0195 15.2195 0.0073 15.0087 0.006
62.558413 -54.87979300000001 10 0.978 19.0673 0.0105 18.723 0.0084 18.4449 0.0083 18.3519 0.0084
62.48402900000001 -54.874451 14 0.981 19.8515 0.076 18.874000000000002 0.0084 17.5272 0.0105 17.0099 0.0182
62.282509 -55.021356999999995 17 0.983 17.7699 0.0161 17.5078 0.0075 17.3274 0.0069 17.302 0.0212
62.695106 -55.0601 11 0.9540000000000001 19.535 0.0264 19.2575 0.0151 19.046 0.0176 18.9012 0.0243
62.567358999999996 -54.878933999999994 17 0.985 16.6267 0.0105 16.3572 0.0099 16.2072 0.0048 16.1705 0.0054
62.689978 -55.066359 12 0.96 19.6156 0.0208 19.1119 0.0235 18.8102 0.0159 18.7174 0.0179
62.710228 -54.956646 27 0.988 15.4095 0.0062 15.0162 0.0056 14.7603 0.0041 14.683 0.0043
62.381777 -54.891158 14 0.98 19.0557 0.0131 18.4971 0.0063 18.0849 0.0103 17.854 0.0134
62.441851 -54.875552 14 0.985 nan nan 15.0247 0.0074 14.7518 0.0053 14.6698 0.0053
62.705256000000006 -54.945367000000005 28 0.9840000000000001 15.19 0.0061 14.933 0.0053 14.7841 0.004 14.7635 0.0052
62.27997 -55.033317000000004 10 0.997 10.6785 0.0105 10.6205 0.0077 10.6341 0.0074 10.7051 0.0105
62.694391 -54.932129 13 0.955 nan nan 20.0831 0.0089 18.2552 0.0188 17.5389 0.0235
62.514184 -55.13053299999999 20 0.9840000000000001 17.3765 0.0075 17.0625 0.008 16.8587 0.0047 16.809 0.005
62.632186 -55.106730000000006 15 0.985 18.4936 0.0074 17.6604 0.0076 16.9526 0.0051 16.6655 0.006
62.283612 -54.957896 8 0.9590000000000001 19.573 0.0104 19.2523 0.0081 18.9491 0.0092 18.9682 0.0366
62.484821999999994 -55.130877000000005 26 0.983 17.6085 0.0098 17.4508 0.0094 17.3825 0.0081 17.3908 0.0129
62.706993999999995 -55.056179 13 0.955 20.8513 0.0257 19.8383 0.0393 18.2676 0.0061 17.6566 0.0166
62.511962 -54.868379000000004 15 0.9840000000000001 17.3682 0.0074 16.46 0.0061 15.3103 0.0047 14.8863 0.0062
62.364679 -55.107217000000006 13 0.96 20.3679 0.0244 19.4485 0.0259 18.1887 0.0073 17.6913 0.018000000000000002
62.687028000000005 -55.077587 20 0.9840000000000001 17.4895 0.0072 16.6542 0.008 15.6754 0.0057 15.3123 0.0084
62.727067000000005 -54.970929000000005 18 0.983 17.5772 0.0222 17.4374 0.0069 17.3211 0.0091 17.3118 0.0064
62.344741000000006 -55.1006 14 0.983 18.0985 0.008 18.1704 0.0062 18.2798 0.008 18.3316 0.0286
62.627930000000006 -55.113009 27 0.988 15.1471 0.0079 14.6702 0.0059 14.3684 0.004 14.2657 0.0043
62.721977 -54.9522 23 0.985 16.0662 0.0066 15.6701 0.0061 15.4221 0.0044 15.3497 0.0069
62.728818999999994 -54.959865 27 0.988 15.1659 0.0077 14.7483 0.0085 14.4347 0.004 14.3229 0.0046
62.39725 -54.874714000000004 14 0.9640000000000001 19.9832 0.0191 19.2929 0.0107 18.7255 0.0175 18.4392 0.011000000000000001
62.644867000000005 -55.111656999999994 15 0.983 17.8035 0.0102 17.6403 0.0116 17.5351 0.0077 17.5581 0.0246
62.629879 -54.882411 23 0.986 14.8457 0.0077 14.6108 0.0061 14.4431 0.0047 14.4118 0.0043
62.34411899999999 -54.892762 13 0.983 18.9086 0.018000000000000002 18.0519 0.0114 17.3393 0.0106 17.0729 0.0066
62.71056899999999 -55.072672 18 0.991 12.4332 0.0105 12.1655 0.0074 12.0133 0.0074 12.0069 0.0054
62.45865 -55.13973000000001 13 0.976 18.4493 0.0161 17.9417 0.0223 17.5088 0.0129 17.3932 0.0073
62.738094 -55.040916 24 0.9840000000000001 17.0768 0.0073 16.8604 0.0088 16.7278 0.0053 16.703 0.0057
62.291976 -54.921176 8 0.9570000000000001 19.4726 0.0191 19.3004 0.0096 19.0867 0.0181 nan nan
62.638616000000006 -55.119622 24 0.983 17.0247 0.0144 16.6496 0.0211 16.3609 0.0199 16.3376 0.0228
62.334844999999994 -54.891043 15 0.982 18.7171 0.019 18.0941 0.0098 17.6075 0.0091 17.4298 0.0108
62.375889 -55.126206 25 0.9840000000000001 16.0182 0.0061 15.7021 0.0051 15.4961 0.0041 15.4578 0.0053
62.34559 -55.11484300000001 20 0.9840000000000001 16.7142 0.009000000000000001 16.2241 0.0061 15.9149 0.0048 15.8029 0.0053
62.67931 -55.103078000000004 9 0.965 19.3996 0.0149 19.3509 0.013000000000000001 19.206 0.0638 nan nan
62.25125500000001 -55.028962 7 0.956 19.6632 0.01 19.5094 0.0431 19.3596 0.0371 nan nan
62.306765000000006 -54.905024 18 0.983 17.5932 0.0074 17.177 0.0105 16.9128 0.0084 16.8212 0.0102
62.259915 -54.951475 10 0.9740000000000001 19.32 0.0114 19.045 0.0173 18.9626 0.0259 18.8217 0.1162
62.538385 -55.144501 11 0.9740000000000001 19.3141 0.0105 18.8319 0.0437 18.4333 0.0078 18.299 0.0107
62.642226 -55.121798 15 0.983 17.9796 0.008 17.7669 0.0069 17.6163 0.0062 17.6099 0.0098
62.263342 -54.944901 29 0.985 15.0813 0.0061 14.8524 0.0047 14.7129 0.0042 14.6922 0.005
62.691784999999996 -55.097565 18 0.986 17.8851 0.0074 17.1404 0.0104 16.4756 0.0074 16.2001 0.0112
62.756330000000005 -54.99606899999999 15 0.991 12.616 0.0105 12.1322 0.0183 11.7941 0.0074 11.6857 0.0061
62.757366000000005 -54.990343 15 0.981 19.1214 0.0329 18.3916 0.0075 17.8282 0.0136 17.5921 0.0167
62.621662 -54.868660999999996 14 0.983 18.3799 0.0274 17.9326 0.0078 17.6373 0.0055 17.5598 0.0214
62.730748999999996 -55.068603 8 0.965 19.4129 0.0108 19.3915 0.0076 19.2605 0.0208 nan nan
62.750754 -54.960886 14 0.97 20.744 0.0322 19.7348 0.035 18.2438 0.009000000000000001 17.6704 0.0075
62.236765000000005 -55.001688 11 0.965 19.8375 0.0244 19.1871 0.0261 18.78 0.0066 18.6045 0.0477
62.370768999999996 -55.132293000000004 23 0.983 17.5168 0.0095 17.3065 0.0056 17.1722 0.0062 17.1544 0.0056
62.239866000000006 -54.971728000000006 25 0.992 14.137 0.0074 13.6387 0.0055 13.2943 0.0044 13.1666 0.0055
62.234429000000006 -54.986378 17 0.99 18.4392 0.0261 17.4825 0.0061 15.8316 0.0078 15.1903 0.0051
62.4782 -54.846612 21 0.9840000000000001 16.7459 0.0091 16.534000000000002 0.0074 16.4052 0.0062 16.3885 0.0124
62.235978 -54.971948 3 0.977 nan nan nan nan 17.3943 0.0303 16.9142 0.0144
62.600244999999994 -54.856508999999996 14 0.9840000000000001 17.8226 0.0105 16.9175 0.012 15.8859 0.0067 15.4986 0.0075
62.650997 -55.128232 13 0.983 18.8908 0.0093 18.0227 0.0061 17.1881 0.006999999999999999 16.8737 0.0086
62.721169999999994 -55.08870699999999 17 0.983 17.9842 0.0178 17.0795 0.0067 16.2591 0.005 15.9499 0.0085
62.757445999999995 -54.950729 16 0.983 18.6529 0.0105 17.7131 0.008 16.5311 0.0047 16.0907 0.0045
62.29826800000001 -55.10453100000001 12 0.983 17.7472 0.0092 17.408 0.0082 17.1251 0.0067 17.0639 0.0159
62.293125 -55.101813 21 0.983 17.5095 0.0778 nan nan nan nan 15.0458 0.0081
62.616198 -54.858538 20 0.983 16.6835 0.0097 16.3677 0.0111 16.18 0.0067 16.1219 0.0052
62.502621 -54.84324599999999 4 0.9790000000000001 19.2855 0.0186 nan nan 16.6801 0.0116 15.9985 0.0118
62.567981 -54.84729 21 0.9840000000000001 17.1383 0.0209 16.8965 0.0069 16.7591 0.008 16.7499 0.0058
62.409192000000004 -54.850131999999995 12 0.983 18.1264 0.0117 17.8991 0.0141 17.7611 0.0063 17.6971 0.0092
62.256422 -54.924882 14 0.9940000000000001 11.7975 0.0105 11.3202 0.0074 10.999 0.0074 10.8677 0.0105
62.678996 -55.122209999999995 23 0.9890000000000001 14.0653 0.0105 13.6247 0.0053 13.3025 0.0043 13.1927 0.0052
62.732251 -54.91223299999999 19 0.9840000000000001 18.1576 0.0179 17.2911 0.006 16.445 0.0077 16.1246 0.0072
62.510053000000006 -54.837306000000005 7 1.0 nan nan nan nan nan nan nan nan
62.741432999999994 -54.91451 10 0.9690000000000001 19.3958 0.0235 19.1547 0.0135 19.0866 0.0185 19.0029 0.0212
62.781451000000004 -55.023036 14 0.9840000000000001 19.3293 0.0252 18.4271 0.0078 16.8502 0.0063 16.2472 0.0053
62.785299 -54.98199399999999 16 0.981 19.2042 0.0145 18.3719 0.0075 17.4284 0.006 17.095 0.0058
62.712561 -55.11205699999999 17 0.983 18.0781 0.0148 17.6809 0.0059 17.4341 0.0106 17.3297 0.0083
62.732962 -55.098583 14 0.981 18.519000000000002 0.0074 18.2272 0.0081 18.0693 0.0063 18.0251 0.0081
62.546031000000006 -55.163892000000004 17 0.9840000000000001 17.6922 0.0406 17.0658 0.006999999999999999 16.6076 0.0095 16.4342 0.0052
62.42050699999999 -54.839674 14 0.9790000000000001 19.1033 0.0074 18.5893 0.0102 18.183 0.0065 17.9992 0.0193
62.709593999999996 -54.884631999999996 21 0.988 17.0512 0.0112 16.6774 0.0061 16.4503 0.0057 16.3737 0.0075
62.23421 -55.069961 26 0.992 14.4734 0.0061 14.0689 0.0047 13.8 0.0043 13.7074 0.0043
62.768863 -55.067831000000005 14 0.9570000000000001 20.5708 0.0232 19.6661 0.0247 18.307000000000002 0.0096 17.7969 0.0169
62.24773100000001 -55.087504 15 0.972 20.1018 0.0138 19.2002 0.0136 17.8324 0.0105 17.2779 0.0097
62.722823999999996 -55.111472 13 0.9570000000000001 20.0712 0.0124 19.2669 0.0101 18.6146 0.0194 18.3751 0.0134
62.793068999999996 -55.021848999999996 19 0.9840000000000001 16.425 0.0157 16.1852 0.0063 16.015 0.0047 15.9794 0.0089
62.203749 -55.016617000000004 16 0.982 19.0468 0.0149 18.1569 0.0091 17.1487 0.0092 16.7695 0.0104
62.410686 -55.163011 10 0.9540000000000001 19.6398 0.0236 19.3536 0.0077 19.164 0.0358 19.0456 0.0225
62.232903 -55.076103 16 0.976 19.7263 0.0363 18.7646 0.0078 17.8281 0.0079 17.4696 0.0135
62.309825 -55.132118999999996 24 0.991 15.6494 0.0063 15.3778 0.0094 15.2285 0.0044 15.2041 0.0056
62.545527 -54.830564 24 0.9890000000000001 14.4846 0.0075 14.0207 0.0063 13.7374 0.0062 13.6351 0.0057
62.541166000000004 -54.830183 2 0.958 nan nan nan nan nan nan 17.6281 0.0392
62.768813 -55.07577 24 0.9840000000000001 16.3483 0.0125 16.0467 0.0082 15.8363 0.0045 15.7856 0.0063
62.342964 -54.853753000000005 11 0.95 19.2366 0.0407 18.6334 0.035 18.13 0.023 17.8751 0.0204
62.247328 -54.90684399999999 17 0.987 18.6903 0.0105 17.7768 0.0061 16.9363 0.0081 16.5807 0.0064
62.401127 -54.836636999999996 20 0.985 16.7834 0.0077 15.8691 0.0058 14.4889 0.0041 13.9799 0.0044
62.803499 -54.999646 25 0.998 15.3632 0.016 14.9962 0.0065 14.7382 0.0054 14.6671 0.006999999999999999
62.60564599999999 -54.83626999999999 20 0.9840000000000001 17.4914 0.0093 16.9716 0.0055 16.6216 0.0066 16.5018 0.0048
62.212633 -55.059 12 0.968 19.9248 0.0101 19.1022 0.0102 18.2824 0.0136 17.9993 0.0125
62.268896999999996 -55.114629 27 0.987 14.3561 0.0061 14.0599 0.0061 13.8879 0.004 13.856 0.0047
62.72498 -55.118843000000005 17 0.983 18.168 0.0122 17.9733 0.0136 17.8644 0.0162 17.8234 0.0103
62.29364399999999 -54.870805000000004 12 0.982 18.9116 0.021 18.0492 0.0084 17.2064 0.0065 16.8757 0.01
62.757842000000004 -55.094908 14 0.961 20.4523 0.0116 19.6052 0.0328 18.3501 0.0114 17.8596 0.0218
62.433319999999995 -55.17174 17 0.9840000000000001 18.3458 0.0075 18.1438 0.0062 18.02 0.0079 18.0237 0.0364
62.78563199999999 -54.935628 22 0.986 15.7087 0.0062 15.3179 0.0078 15.0453 0.0055 14.9634 0.0057
62.699835 -55.134257999999996 16 0.982 18.5654 0.0096 17.9487 0.017 17.4936 0.0049 17.3233 0.0099
62.754234 -54.900381 13 0.975 19.1625 0.0231 18.840999999999998 0.0075 18.5768 0.0197 18.4539 0.022000000000000002
62.193713 -55.021377 15 0.978 19.4456 0.0117 18.5913 0.0087 17.6566 0.0125 17.2374 0.0098
62.556986 -54.825371 24 0.985 16.0733 0.0203 15.802999999999999 0.0075 15.6524 0.0043 15.6333 0.0057
62.248729000000004 -54.893921 15 0.976 19.5843 0.0091 18.9029 0.011000000000000001 18.3731 0.0155 18.1552 0.0294
62.654828 -54.844205 14 0.9790000000000001 20.2709 0.0533 19.3775 0.0277 17.9601 0.0094 17.4289 0.0113
62.210622 -54.931605000000005 18 0.983 17.3726 0.0076 16.8559 0.0081 16.5186 0.0046 16.3858 0.0075
62.227348 -55.089079000000005 18 0.983 17.9342 0.008 17.5305 0.0062 17.261 0.0054 17.1655 0.0127
62.611824 -54.831786 23 0.988 16.3423 0.0069 15.6271 0.0064 15.1296 0.0043 14.9327 0.0043
62.738707999999995 -55.119838 19 0.983 17.7255 0.0074 17.4489 0.0074 17.2404 0.0083 17.2073 0.0119
62.24408100000001 -55.108470999999994 12 0.972 20.6844 0.0284 19.7601 0.0108 18.2068 0.0221 17.6242 0.0158
62.658954 -55.158685 15 0.975 19.8469 0.0128 18.9281 0.0067 17.9576 0.0056 17.596 0.0204
62.623343999999996 -54.831316 17 0.983 18.021 0.0139 17.6321 0.0078 17.4001 0.0051 17.3566 0.0136
62.715081000000005 -54.864493 14 0.983 17.8833 0.0074 17.1069 0.0061 16.453 0.0051 16.1982 0.0053
62.403696999999994 -55.175115000000005 15 0.983 18.2903 0.0079 18.1134 0.0096 17.994 0.0079 18.0296 0.031
62.288943999999994 -55.138477 15 0.9790000000000001 20.1953 0.0143 19.2794 0.0087 17.8095 0.0068 17.2362 0.0094
62.820035 -55.016408999999996 24 0.9940000000000001 13.6904 0.0075 13.4692 0.0047 13.3405 0.0047 13.3422 0.0059
62.61415699999999 -54.827358999999994 15 0.983 18.4414 0.0079 18.1886 0.0113 17.9845 0.0065 17.9419 0.0117
62.720763 -54.865636 10 0.976 20.6186 0.0165 19.635 0.0104 18.0363 0.0072 17.4146 0.0289
62.771519 -55.099987 18 0.9840000000000001 17.7255 0.0109 17.0023 0.0057 16.4672 0.0084 16.2493 0.0085
62.460795 -54.815925 15 0.982 18.5527 0.012 17.6558 0.0152 16.6445 0.006 16.2405 0.0106
62.189395 -55.053713 26 0.985 14.6921 0.0061 14.5059 0.0055 14.4131 0.0043 14.4194 0.0043
62.624843000000006 -54.828399 27 0.987 15.0236 0.0064 14.7412 0.0115 14.5717 0.0041 14.5484 0.0043
62.20151 -55.073522 18 0.9540000000000001 18.8817 0.0304 18.0355 0.0853 17.6697 0.0227 17.3634 0.023
62.373281999999996 -54.828005000000005 31 0.995 14.1732 0.0061 13.798 0.0047 13.5322 0.004 13.454 0.0043
62.31979499999999 -55.156215 25 0.985 16.223 0.0149 15.8913 0.0074 15.6669 0.0041 15.6168 0.0047
62.285879 -54.858337 8 0.977 19.0356 0.0108 18.8125 0.0192 18.6077 0.0196 18.5326 0.0138
62.175736 -55.026339 22 0.997 13.4126 0.0071 13.1615 0.0062 13.0391 0.0043 13.0368 0.0048
62.743628 -55.127103000000005 16 0.9790000000000001 19.1961 0.0329 18.3767 0.0139 17.5011 0.0076 17.1763 0.0091
62.772222 -55.107226000000004 12 0.992 11.9324 0.0105 11.555 0.0074 11.2973 0.0074 11.21 0.0105
62.799082999999996 -54.918986 14 0.981 19.4363 0.0154 18.531 0.0123 17.6332 0.0057 17.2618 0.0214
62.752956000000005 -54.877476 20 0.985 16.3673 0.0074 16.0669 0.0071 15.8718 0.0047 15.8156 0.0053
62.832648999999996 -54.989335 27 0.9840000000000001 15.495999999999999 0.0061 15.2276 0.0062 15.0608 0.0044 15.0401 0.0044
62.460627 -55.189845 11 0.9790000000000001 19.1941 0.011000000000000001 18.4356 0.0093 17.8164 0.0062 17.5445 0.0103
62.379088 -55.178912 15 0.982 18.6176 0.0079 18.2761 0.0076 18.0603 0.0133 18.0066 0.0096
62.16525 -55.005559999999996 10 0.968 nan nan nan nan 17.6431 0.0284 17.0908 0.0161
62.641042000000006 -55.174643 25 0.993 13.9219 0.0061 13.5179 0.0053 13.2473 0.0043 13.1543 0.0047
62.612947999999996 -54.818525 17 0.998 13.3776 0.0096 12.7952 0.0084 12.4039 0.0085 12.2706 0.0055
62.583299 -54.813171 16 0.9890000000000001 12.1762 0.0105 11.7445 0.0074 11.4788 0.0074 11.404000000000002 0.0105
62.444129000000004 -54.809167 20 0.995 13.0424 0.0077 12.7953 0.0105 12.657 0.0048 12.639000000000001 0.0047
62.612347 -54.817499 0 0.997 nan nan nan nan nan nan nan nan
62.612145999999996 -54.81689300000001 14 0.992 12.3404 0.0105 11.9235 0.0074 11.6658 0.0075 11.6154 0.0088
62.776024 -54.887267 27 0.986 15.5608 0.0074 15.3178 0.0067 15.163 0.0046 15.1315 0.0069
62.273079 -55.144824 15 0.982 18.6447 0.0088 18.2227 0.0118 17.9358 0.0057 17.8605 0.0151
62.321056000000006 -54.83474399999999 30 0.99 15.0829 0.0116 14.7635 0.0051 14.5797 0.004 14.5394 0.0043
62.193286 -55.0851 25 0.985 15.9947 0.0075 15.7579 0.0054 15.6022 0.0043 15.567 0.0043
62.426391 -55.190878000000005 15 0.983 18.7401 0.0193 18.0849 0.0061 17.5695 0.0076 17.3604 0.0182
62.297681000000004 -55.157686 22 0.983 17.3547 0.0072 17.015 0.0061 16.7746 0.0075 16.7064 0.0062
62.316171999999995 -54.834226 12 0.978 nan nan 18.7456 0.0385 17.7443 0.006999999999999999 17.3199 0.0064
62.22314300000001 -54.884376 14 0.975 20.4292 0.0105 19.4804 0.0122 18.1198 0.0135 17.5605 0.0171
62.831743 -55.052002 22 0.9840000000000001 16.7019 0.0129 16.075 0.0176 15.6371 0.015 15.4667 0.0189
62.180533999999994 -54.927029000000005 16 0.98 18.9377 0.0077 18.4493 0.0117 18.1663 0.0129 18.041 0.0381
62.606224 -55.187954000000005 15 0.982 18.178 0.0074 17.9097 0.0094 17.7748 0.0056 17.722 0.0188
62.155772999999996 -54.993538 12 0.9790000000000001 19.1653 0.0093 18.7033 0.006999999999999999 18.4048 0.0166 18.3449 0.0183
62.167167000000006 -54.949311 20 0.983 17.6821 0.0075 17.2743 0.0059 16.9659 0.0048 16.8578 0.0118
62.156387 -54.983689 12 0.975 19.0935 0.0078 18.7109 0.0079 18.4995 0.038 18.4657 0.0662
62.381188 -55.186071 25 0.983 17.492 0.0074 17.1762 0.0095 16.9409 0.0047 16.8828 0.0046
62.804261 -54.904449 13 0.978 19.3137 0.0343 18.8608 0.0371 18.5065 0.0192 18.4221 0.0221
62.516243 -54.800888 24 0.991 14.7496 0.0074 14.5368 0.0088 14.4143 0.0043 14.409 0.0047
62.66197 -55.17753199999999 18 0.9840000000000001 17.2275 0.0074 16.4481 0.008 15.8815 0.0062 15.6663 0.0087
62.465534 -54.799856999999996 14 0.983 17.7668 0.0105 16.9088 0.0073 15.7837 0.0046 15.3541 0.0069
62.358576 -55.184348 15 0.983 17.8617 0.012 17.4074 0.0063 17.1026 0.0103 17.0027 0.0071
62.85104200000001 -55.006717 13 0.968 19.9118 0.016 19.0506 0.008 18.4074 0.0085 18.1654 0.0376
62.569762 -55.197982999999994 20 0.983 16.9688 0.0105 16.7422 0.012 16.596 0.0048 16.5709 0.0124
62.375254000000005 -54.810584 16 0.981 19.3555 0.0077 18.4803 0.0129 17.366 0.0081 16.9646 0.0063
62.50330699999999 -54.797413 25 0.985 15.9808 0.0063 15.5006 0.008 15.2115 0.0043 15.1179 0.0063
62.54843399999999 -55.200712 11 0.976 20.0894 0.0108 19.3094 0.0178 17.829 0.0059 17.3207 0.0168
62.777246999999996 -54.874522999999996 15 0.968 20.1646 0.0126 19.1427 0.0077 18.0648 0.0125 17.6363 0.0164
62.259147999999996 -55.149613 16 0.983 18.1135 0.0074 17.5732 0.0068 17.2191 0.006 17.1063 0.0085
62.761313 -55.138149 9 0.968 19.4249 0.012 19.2151 0.0112 19.1429 0.0129 nan nan
62.822345999999996 -55.08749399999999 16 0.983 18.2073 0.0222 18.0692 0.0069 17.9587 0.015 17.9237 0.0356
62.849532999999994 -54.959766 21 0.9840000000000001 16.7615 0.0075 16.5712 0.0053 16.4642 0.0065 16.4562 0.0054
62.49176800000001 -54.795258 29 0.992 13.9878 0.0061 13.4227 0.0056 12.9957 0.004 12.819 0.0043
62.185016000000005 -54.902067 25 0.983 16.8043 0.0087 16.4799 0.0097 16.2184 0.0047 16.1454 0.0065
62.859696 -55.004093000000005 11 0.965 19.7403 0.0519 19.1471 0.0104 18.7541 0.0186 18.6079 0.0603
62.836576 -54.92723 16 0.982 18.3492 0.0081 18.0328 0.0105 17.8259 0.0077 17.7811 0.0139
62.852897 -54.958938 12 0.978 19.3923 0.0137 18.5628 0.0078 17.73 0.0086 17.413 0.0109
62.2962 -54.829363 14 0.982 18.5026 0.0085 18.0693 0.0065 17.791 0.0101 17.6762 0.0184
62.207917 -54.878547 9 0.977 19.2656 0.0085 19.2042 0.0321 19.0425 0.0106 18.6013 0.0254
62.827177 -55.089641 15 0.983 18.313 0.0177 17.6945 0.0106 17.2329 0.0093 17.0351 0.0187
62.441739 -55.205208999999996 19 0.983 17.6699 0.0074 17.3325 0.0066 17.1119 0.0088 17.0434 0.0057
62.306575 -54.824267000000006 24 0.9840000000000001 17.0296 0.0142 16.7396 0.0058 16.5453 0.0049 16.5035 0.0066
62.339552000000005 -55.18686999999999 9 0.971 19.2846 0.0499 19.0503 0.0225 18.8865 0.0205 18.7935 0.0229
62.294351 -55.172608999999994 12 0.977 19.2073 0.02 18.8532 0.0076 18.6517 0.0083 18.6227 0.054000000000000006
62.575531000000005 -54.795581999999996 15 0.983 17.5754 0.0074 16.889 0.0058 16.4129 0.0054 16.2152 0.0078
62.438031 -54.793521999999996 11 0.9640000000000001 19.4656 0.0473 19.2121 0.0185 19.0289 0.0176 18.9587 0.0385
62.865080000000006 -55.008669 5 0.958 19.503 0.0323 19.6278 0.01 19.5149 0.0347 nan nan
62.811432999999994 -55.110286 24 0.985 15.4017 0.0061 15.1398 0.0058 14.9972 0.0047 14.9868 0.0053
62.514269999999996 -55.209704 19 0.9840000000000001 16.7724 0.0074 16.2335 0.0061 15.8815 0.0044 15.7646 0.0049
62.28623399999999 -54.829843999999994 24 0.998 13.388 0.0068 13.039000000000001 0.0073 12.8474 0.0053 12.7985 0.0061
62.74903199999999 -54.846429 19 0.982 16.6751 0.0263 15.9063 0.0332 15.264000000000001 0.0404 15.0461 0.0579
62.766034 -55.145058 26 0.986 14.3538 0.0063 14.11 0.0054 13.9647 0.0045 13.9478 0.0043
62.162333999999994 -55.083104000000006 9 0.9590000000000001 19.5309 0.009000000000000001 19.1154 0.0085 18.851 0.0092 18.7842 0.0298
62.556201 -55.20827 18 0.995 12.9534 0.0106 12.6865 0.0079 12.5632 0.0072 12.5374 0.006
62.16344399999999 -54.91505600000001 15 0.99 11.8206 0.0105 11.2807 0.0185 10.9265 0.0074 10.788 0.0107
62.840275 -55.083118000000006 17 0.983 19.6927 0.0114 18.6339 0.0198 16.7365 0.0047 15.9722 0.0053
62.264663 -54.836620999999994 18 0.983 17.3923 0.0071 16.7011 0.0069 16.1781 0.0052 15.972000000000001 0.0048
62.794043 -55.129073 14 0.98 19.8929 0.0437 19.0487 0.0088 17.4288 0.0052 16.8466 0.0102
62.165668999999994 -54.909408 15 0.983 18.3335 0.0107 17.8195 0.0077 17.4466 0.0074 17.3194 0.0226
62.836841 -55.089323 14 0.982 18.4779 0.0145 18.1373 0.0226 17.8733 0.0066 17.7916 0.0168
62.146928 -54.933991000000006 15 0.981 18.9357 0.0189 18.2321 0.0063 17.7152 0.0076 17.5408 0.0066
62.871340000000004 -55.014976000000004 15 0.98 18.5041 0.0155 17.9254 0.0118 17.4929 0.0095 17.3161 0.0097
62.693176 -54.817522 24 0.998 13.0636 0.0075 12.7742 0.0076 12.6069 0.0044 12.5679 0.0044
62.563317000000005 -54.789477000000005 19 0.983 17.0718 0.0157 17.258 0.0075 17.4675 0.0056 17.5609 0.0067
62.41105699999999 -55.208098 17 0.98 18.9215 0.0074 18.2581 0.0066 17.768 0.0089 17.6248 0.0124
62.762485 -54.846959999999996 8 0.9740000000000001 19.2614 0.0123 19.1546 0.0141 19.1975 0.045 18.8424 0.0392
62.659608 -54.805324 22 0.9840000000000001 16.2451 0.0066 15.9285 0.0049 15.722000000000001 0.0054 15.6567 0.0053
62.313487 -55.187022999999996 14 0.968 19.3227 0.0305 18.7192 0.0205 18.2879 0.0153 18.083 0.0194
62.705551 -55.180564000000004 16 0.96 20.0475 0.0256 19.1702 0.0092 18.372 0.0225 18.0096 0.039
62.18809399999999 -54.880188000000004 14 0.9790000000000001 19.0211 0.009000000000000001 18.6328 0.0131 18.3124 0.0113 18.233 0.0381
62.87545 -55.010817 25 0.9840000000000001 16.0272 0.0062 15.7516 0.0154 15.5799 0.0053 15.5497 0.0047
62.547081000000006 -54.785586 11 1.0 9.9216 0.0108 9.585 0.0105 9.4101 0.0114 nan nan
62.832552 -55.102141 12 0.983 17.8976 0.0147 17.4938 0.006999999999999999 17.2021 0.0062 17.1087 0.0117
62.136143000000004 -55.057643999999996 12 0.95 20.2942 0.06 19.4521 0.0104 18.6537 0.0283 18.3129 0.0168
62.86765 -55.04985799999999 12 0.983 17.9116 0.0074 17.5645 0.0072 17.338 0.006999999999999999 17.2505 0.006999999999999999
62.338246 -54.80223 16 0.983 17.8311 0.0128 17.4226 0.006 17.1359 0.0077 17.0491 0.0058
62.244485 -55.16255 23 0.985 16.427 0.0207 15.6019 0.0078 14.7505 0.005 14.4277 0.0047
62.701799 -55.186354 15 0.981 19.0694 0.0092 18.3908 0.0127 17.9404 0.006 17.7751 0.0158
62.87703199999999 -55.037333 13 0.977 17.9257 0.0277 17.6088 0.0322 17.4314 0.0084 17.4047 0.0136
62.240416 -55.161393000000004 15 0.982 19.2522 0.0123 18.3734 0.0061 16.848 0.0067 16.2668 0.0089
62.824777000000005 -55.116627 15 0.986 18.5155 0.0142 17.6192 0.0119 16.346 0.0053 15.8714 0.0069
62.756652 -54.836875 31 0.986 15.0103 0.009000000000000001 14.7532 0.0047 14.5971 0.004 14.5765 0.0043
62.71504100000001 -54.818066 29 0.998 13.6275 0.0061 13.1982 0.0055 12.9435 0.0041 12.867 0.0043
62.783923 -54.852402000000005 19 0.983 16.5815 0.0234 16.4036 0.0148 16.3122 0.0302 16.2572 0.018000000000000002
62.736877 -54.827146 10 0.9640000000000001 19.7567 0.0093 19.340999999999998 0.009000000000000001 19.0378 0.0236 18.7906 0.0308
62.881325 -54.973459 10 0.98 19.0265 0.0114 18.5703 0.0095 18.2711 0.0216 18.1649 0.0127
62.557837 -55.217968000000006 9 0.958 nan nan 19.8956 0.0351 18.345 0.0074 17.6891 0.0107
62.88492900000001 -55.012726 14 0.9840000000000001 19.4129 0.0179 18.4736 0.0217 17.2531 0.005 16.8057 0.0168
62.23133000000001 -54.841103000000004 11 0.9790000000000001 19.0548 0.0235 18.8632 0.0202 18.7072 0.0074 18.6828 0.051
62.870353 -54.935686 12 0.982 18.6269 0.0181 18.2805 0.0064 18.0399 0.0163 17.9802 0.01
62.57761800000001 -54.782247999999996 27 0.9840000000000001 15.6144 0.0062 15.3432 0.0066 15.1655 0.0043 15.139000000000001 0.0053
62.123336 -54.948077000000005 22 0.9840000000000001 16.4569 0.006999999999999999 16.1753 0.0076 16.0225 0.005 15.991 0.0056
62.419251 -55.217766000000005 16 0.983 19.0173 0.0132 18.1538 0.0061 16.6267 0.0048 16.0484 0.0116
62.719843999999995 -54.816301 16 0.983 nan nan 17.3793 0.0121 16.6522 0.008 16.3644 0.0076
62.871927 -55.067302000000005 20 0.983 17.0437 0.0539 16.7964 0.0072 16.5441 0.0049 16.4749 0.0071
62.877340000000004 -55.056886 12 0.981 18.5933 0.0084 18.333 0.0081 18.177 0.0252 18.1863 0.0456
62.31555600000001 -54.803082999999994 12 0.9590000000000001 19.8164 0.0167 19.2554 0.0088 18.8839 0.0201 18.7081 0.0547
62.125563 -54.937459 21 0.9840000000000001 16.2378 0.006999999999999999 15.4653 0.0184 14.8893 0.0043 14.6716 0.0047
62.56861899999999 -54.779591 20 0.998 12.8327 0.0105 12.642000000000001 0.0074 12.5273 0.0064 12.5158 0.0047
62.141327000000004 -54.91105400000001 15 0.983 18.3707 0.0132 17.4777 0.006 16.0034 0.0064 15.447000000000001 0.0054
62.158802 -54.890609999999995 22 0.9840000000000001 15.8348 0.0074 15.1431 0.0054 14.6702 0.0043 14.4937 0.0047
62.152257999999996 -54.897461 18 0.983 16.797 0.0333 15.94 0.0148 14.9702 0.0046 14.6087 0.0047
62.108228000000004 -54.996945 15 0.9840000000000001 17.0423 0.0106 16.2299 0.0074 15.5607 0.0049 15.317 0.0048
62.563644 -55.222504 19 0.991 14.793 0.0079 14.0966 0.0055 13.615 0.0047 13.4351 0.0057
62.126611 -55.07131 20 0.9840000000000001 16.6616 0.0142 16.2717 0.0059 16.0162 0.0049 15.9343 0.0064
62.721619999999994 -55.186767 17 0.982 18.4833 0.0076 18.2317 0.0097 18.093 0.0074 18.0819 0.0183
62.187473 -55.13768100000001 26 0.9840000000000001 16.8954 0.0084 16.5094 0.0078 16.2551 0.0045 16.1943 0.0084
62.150845999999994 -55.104927 19 0.9990000000000001 13.2526 0.0071 12.9065 0.0096 12.7286 0.0047 12.6888 0.0053
62.813766 -55.137564000000005 14 0.9740000000000001 20.1847 0.013999999999999999 19.2927 0.0086 18.0842 0.0113 17.6855 0.0095
62.854886 -55.099949 17 0.983 17.3727 0.0082 16.9934 0.0126 16.7389 0.0053 16.663 0.0128
62.44419 -54.775691 11 0.9740000000000001 19.4597 0.0121 18.7869 0.0191 18.2373 0.0131 18.0818 0.0247
62.669412 -55.205284 16 0.982 19.1968 0.008 18.2467 0.0061 17.0351 0.0077 16.5602 0.01
62.208946999999995 -54.846442 16 0.9790000000000001 19.6292 0.0106 18.8184 0.0093 18.1633 0.0059 17.9133 0.0214
62.131527 -54.917228 22 0.9840000000000001 16.8835 0.0072 16.572 0.0075 16.3526 0.005 16.2954 0.0135
62.716778000000005 -54.809762 14 0.981 18.8466 0.0118 18.4573 0.0094 18.2299 0.0161 18.1796 0.0122
62.39917 -55.220478 18 0.983 18.0624 0.0102 17.1666 0.0061 15.7163 0.0058 15.1766 0.0047
62.580873 -55.223718000000005 23 0.983 17.3681 0.0099 17.1694 0.0069 17.0506 0.0052 17.047 0.0099
62.857762 -54.899530000000006 0 0.9990000000000001 nan nan nan nan nan nan nan nan
62.10470600000001 -54.969434 12 0.977 20.0854 0.0159 19.285999999999998 0.0156 17.5696 0.0147 16.8314 0.0108
62.316185 -54.796817000000004 18 0.992 17.9681 0.0077 17.3553 0.0075 16.9385 0.0077 16.7812 0.0067
62.857748 -54.89814499999999 0 1.0 nan nan nan nan nan nan nan nan
62.900228000000006 -55.014261 12 0.976 19.2678 0.0105 18.7434 0.0767 18.3191 0.0182 18.2305 0.0112
62.882831 -55.06906600000001 16 0.9840000000000001 19.148 0.0105 18.2103 0.0069 16.4456 0.0046 15.7467 0.0044
62.342175 -55.211585 14 0.981 18.7883 0.0076 18.3989 0.0178 18.1097 0.0103 18.0174 0.0341
62.810227000000005 -55.148201 19 0.987 17.1289 0.0075 16.7936 0.0062 16.5824 0.0051 16.5274 0.005
62.730534999999996 -54.810322 22 0.9840000000000001 17.2167 0.0074 16.9238 0.006 16.7241 0.0059 16.6781 0.0046
62.895731999999995 -55.047501000000004 14 0.9740000000000001 20.1598 0.0119 19.2831 0.0092 17.9379 0.0081 17.4631 0.0148
62.393459 -54.776405000000004 32 0.992 14.6437 0.0064 14.2975 0.0059 14.0832 0.004 14.0333 0.0044
62.71745500000001 -55.195775 14 0.982 19.194000000000003 0.0324 18.3363 0.0212 17.1755 0.0087 16.7589 0.0066
62.302813 -55.202780000000004 14 0.983 18.6452 0.0078 17.7622 0.0061 16.9622 0.0118 16.6498 0.0096
62.433341000000006 -54.77086 25 0.9840000000000001 15.9906 0.0127 15.6303 0.0053 15.3883 0.0044 15.3185 0.0063
62.114746 -54.928362 17 0.9840000000000001 18.2069 0.0137 17.416 0.0072 16.7574 0.008 16.4854 0.0066
62.146989000000005 -55.114784 10 0.96 19.6114 0.0266 19.2285 0.0101 18.9702 0.0169 18.7436 0.0505
62.10211700000001 -55.047444999999996 25 0.996 14.0895 0.0074 13.548 0.0053 13.1632 0.0043 13.0116 0.0044
62.120913 -54.91639 12 0.9620000000000001 19.5283 0.0098 19.1504 0.0079 18.7607 0.0108 18.6539 0.0106
62.216013000000004 -55.167811 20 0.9840000000000001 17.3874 0.0074 17.0138 0.0061 16.8125 0.0057 16.7746 0.0087
62.898506000000005 -55.050045999999995 26 0.983 16.9738 0.0181 16.6764 0.0268 16.4179 0.0101 16.3704 0.0124
62.843681999999994 -55.127341 16 0.982 18.3259 0.0106 18.1667 0.0135 18.0565 0.0087 18.0987 0.0242
62.886077 -55.077881000000005 17 0.985 17.6805 0.011000000000000001 16.7789 0.0116 15.7168 0.0046 15.3107 0.008
62.484018000000006 -54.765614 19 0.986 17.4898 0.0074 17.062 0.0062 16.7718 0.0041 16.6691 0.0069
62.805696 -55.156576 13 0.9640000000000001 20.3579 0.1605 19.3116 0.0158 18.3029 0.0143 17.8577 0.0173
62.594333999999996 -55.228857 28 0.9840000000000001 15.7816 0.0186 15.3775 0.0048 15.1061 0.004 15.0228 0.0044
62.909728 -55.008675 13 0.98 18.9129 0.0224 18.7233 0.006999999999999999 18.5431 0.0083 18.4947 0.0311
62.565212 -54.767689000000004 14 0.996 11.6623 0.0105 11.5155 0.0077 11.4419 0.0074 11.4803 0.0153
62.186229000000004 -55.152037 19 0.983 17.1692 0.0156 16.4094 0.0065 15.8312 0.0042 15.6097 0.005
62.64103000000001 -55.221233 15 0.983 18.1546 0.0076 17.8271 0.0116 17.6386 0.0058 17.5465 0.0228
62.817979 -55.149480000000004 15 0.983 18.9234 0.0082 18.0316 0.0064 16.5456 0.0056 15.9917 0.0062
62.800154000000006 -55.161404000000005 21 0.9840000000000001 16.7865 0.0399 16.6096 0.0111 16.4697 0.0048 16.4615 0.0104
62.529262 -54.764832999999996 23 0.9890000000000001 15.8784 0.0074 15.6132 0.0055 15.423 0.0047 15.3686 0.0048
62.321612 -54.786841 16 0.982 19.4904 0.0198 18.6165 0.0079 17.0922 0.0048 16.5187 0.0072
62.087888 -54.986266 14 0.982 18.7017 0.0077 18.1505 0.006999999999999999 17.7989 0.0167 17.6543 0.0106
62.162594999999996 -55.137698 10 0.97 19.4353 0.0103 19.143 0.0143 19.0314 0.0097 nan nan
62.126022 -55.10331899999999 18 0.9840000000000001 15.8973 0.0074 15.5473 0.0066 15.3815 0.0098 15.3419 0.0138
62.570792000000004 -54.765280000000004 10 0.98 nan nan 17.5872 0.0184 17.4741 0.0114 17.4294 0.0071
62.228361 -55.180546 21 0.983 17.7262 0.0105 17.4736 0.0112 17.3264 0.006999999999999999 17.3469 0.0084
62.442673 -55.237204000000006 14 0.983 18.0568 0.0105 17.4102 0.0071 16.985 0.0074 16.8432 0.012
62.913106000000006 -54.964293999999995 13 0.983 18.1444 0.0105 17.5929 0.0088 17.2168 0.0061 17.0732 0.0059
62.794138000000004 -54.83003299999999 0 0.975 nan nan nan nan nan nan nan nan
62.741075 -55.196126 15 0.982 18.5297 0.0074 18.1016 0.0067 17.7867 0.0059 17.6927 0.0065
62.732935 -55.200841000000004 14 0.981 18.8814 0.0102 18.5308 0.0083 18.2695 0.0102 18.2357 0.0169
62.209651 -54.825872 18 0.9840000000000001 17.2314 0.0073 16.6316 0.0059 16.2768 0.0059 16.1427 0.005
62.672863 -54.780086 17 0.9840000000000001 17.2238 0.0082 16.4312 0.0058 15.8178 0.005 15.5902 0.008
62.381108999999995 -55.231947999999996 13 0.976 19.5276 0.0174 18.6722 0.0084 17.9644 0.0143 17.7204 0.0097
62.916325 -55.040760999999996 13 0.978 19.1045 0.0236 18.6651 0.0129 18.36 0.0115 18.2146 0.0098
62.102143000000005 -55.081987 13 0.981 19.2077 0.0113 18.6296 0.0082 18.244 0.0095 18.0568 0.008
62.714401 -54.791315000000004 19 0.983 17.8442 0.0082 17.3625 0.0082 17.0288 0.0044 16.9052 0.0099
62.90249300000001 -55.07509 15 0.978 19.5197 0.0212 18.6832 0.0075 17.8802 0.008 17.6078 0.0253
62.738144999999996 -54.79978199999999 10 0.963 19.432000000000002 0.0082 19.2387 0.0107 19.0741 0.0279 nan nan
62.08656800000001 -54.94706 15 0.965 19.307000000000002 0.0208 18.7916 0.0222 18.3349 0.017 18.1819 0.0142
62.529872999999995 -55.242697 21 0.9840000000000001 16.6279 0.0074 16.4295 0.006 16.2967 0.0083 16.2668 0.0073
62.635039 -54.769369999999995 24 0.9840000000000001 16.6659 0.0069 16.4405 0.0091 16.3134 0.0053 16.3099 0.0072
62.225919999999995 -54.814077000000005 30 0.985 14.9131 0.0092 14.7106 0.0047 14.5875 0.0041 14.5906 0.0043
62.619259 -54.765316000000006 17 0.983 18.1253 0.0076 17.9073 0.0071 17.7794 0.0092 17.7475 0.0075
62.319951 -55.221775 9 0.9520000000000001 19.7059 0.0153 19.257 0.0098 18.9915 0.0409 18.738 0.02
62.793501 -55.177803000000004 19 0.996 12.4611 0.0112 12.3498 0.0076 12.3001 0.0076 12.3499 0.0043
62.870647 -55.121591 15 0.983 17.8075 0.017 17.0276 0.0061 16.3666 0.0051 16.1107 0.0065
62.92124200000001 -55.039143 13 0.973 20.0265 0.0377 19.1488 0.0085 17.9005 0.0057 17.4279 0.0087
62.659136 -54.772701 17 0.99 17.8414 0.0098 16.934 0.0076 15.9829 0.0076 15.6059 0.0049
62.92691899999999 -54.978736 10 0.9740000000000001 19.1712 0.0106 18.7775 0.0157 18.4236 0.0076 18.3223 0.0378
62.11801 -54.888273999999996 24 0.985 16.0954 0.0064 15.8449 0.0074 15.6782 0.0044 15.6366 0.0043
62.239909 -55.196728 27 0.985 15.3865 0.0068 15.0305 0.0047 14.7702 0.0054 14.6963 0.0047
62.35718000000001 -55.232825 15 0.982 18.4278 0.008 17.9254 0.0115 17.6294 0.0053 17.492 0.0081
62.930347 -54.997465000000005 16 0.981 19.2562 0.0393 18.5099 0.0094 17.8898 0.0118 17.6118 0.0088
62.17588000000001 -55.163196 20 0.983 17.7187 0.0075 17.4442 0.0066 17.2738 0.0082 17.2372 0.0066
62.068622 -54.991057999999995 15 0.975 19.2133 0.0187 18.7377 0.0136 18.3692 0.0142 18.265 0.0257
62.070466 -55.026586 19 0.9840000000000001 16.934 0.0068 16.4687 0.0053 16.1682 0.0053 16.0597 0.0054
62.698119999999996 -55.220711 24 0.985 15.7686 0.0074 15.3162 0.0048 15.029000000000002 0.0041 14.9253 0.0066
62.902826 -54.910081999999996 0 0.995 nan nan nan nan nan nan nan nan
62.230389 -55.194502 22 0.997 12.9698 0.0074 12.6723 0.0074 12.4999 0.0048 12.4728 0.0044
62.55703199999999 -55.246139 21 0.99 14.4473 0.0109 13.95 0.006 13.6377 0.0047 13.5069 0.0053
62.639943 -55.235381000000004 15 0.983 18.4634 0.0189 17.5605 0.0102 16.5173 0.0066 16.1014 0.017
62.926442 -54.955152000000005 9 0.9690000000000001 19.5632 0.0112 19.2234 0.0089 19.0341 0.0173 nan nan
62.119289 -55.120096999999994 11 0.968 19.7295 0.0425 19.2237 0.0182 18.7774 0.0352 18.7841 0.0224
62.912338 -55.078655000000005 21 0.9840000000000001 16.3698 0.0076 15.9498 0.0061 15.6791 0.0046 15.5993 0.0053
62.732314 -55.211158 27 0.9840000000000001 15.4987 0.0085 15.6391 0.0055 15.8206 0.0044 15.8961 0.0056
62.926572 -54.95004300000001 11 0.968 19.4323 0.0203 19.273 0.0342 19.139 0.0156 19.1252 0.0222
62.791153 -54.814254000000005 21 0.985 15.1622 0.0074 15.1022 0.0153 14.8663 0.0279 14.8454 0.0197
62.070625 -54.957071 18 0.983 18.2781 0.0076 17.4462 0.0075 16.7128 0.0072 16.442 0.0099
62.781815 -55.191553000000006 27 0.986 14.6691 0.0164 14.3762 0.0053 14.2055 0.004 14.1772 0.0043
62.078054 -54.936057 24 0.9840000000000001 16.9421 0.0109 16.5845 0.0059 16.3605 0.0048 16.2852 0.0051
62.85199300000001 -54.851983 9 0.981 18.8253 0.0107 18.354 0.0078 18.0109 0.0088 17.8674 0.0342
62.30734 -55.225279 25 0.988 15.2259 0.0115 14.9674 0.0053 14.822000000000001 0.0043 14.8097 0.0047
62.123321999999995 -55.12795799999999 18 0.99 14.7096 0.0061 14.4365 0.0087 14.265999999999998 0.0047 14.2291 0.0053
62.275103 -54.785038 12 0.982 18.3849 0.012 18.1644 0.0063 18.0162 0.0074 18.0403 0.0082
62.231592000000006 -54.801233999999994 17 0.983 17.673 0.0234 17.077 0.0061 16.6712 0.0049 16.5404 0.0092
62.098845 -54.898559 18 0.985 17.9234 0.0074 17.1612 0.0219 16.5916 0.0046 16.3668 0.0055
62.838910999999996 -54.840295999999995 13 0.977 20.6729 0.0391 19.7736 0.0151 18.0348 0.0112 17.4116 0.0068
62.064015000000005 -54.96615799999999 19 0.9840000000000001 16.7007 0.0491 16.3704 0.0135 16.2198 0.005 16.2039 0.0052
62.899840000000005 -55.107108 14 0.982 18.804000000000002 0.013000000000000001 17.9799 0.0164 17.2021 0.0076 16.9238 0.0112
62.066258999999995 -54.954916000000004 27 0.988 14.6753 0.0061 14.3864 0.0054 14.177999999999999 0.004 14.1223 0.0044
62.125774 -54.865464 10 0.98 18.4589 0.0084 18.042 0.0097 17.7313 0.0074 17.5978 0.011000000000000001
62.057860999999995 -55.012062 13 0.98 19.0566 0.0495 18.3067 0.0102 17.7078 0.0122 17.4328 0.0065
62.555576 -55.252093 10 0.9640000000000001 20.0652 0.035 19.188 0.0153 18.2633 0.0199 17.9242 0.0238
62.940601 -54.973213 11 0.98 19.1716 0.0105 18.3812 0.0075 17.8253 0.0103 17.6258 0.0101
62.604077000000004 -55.247186 27 0.99 14.4202 0.0102 14.145999999999999 0.0048 13.9765 0.0043 13.9439 0.0047
62.790073 -54.807954 13 0.96 20.4513 0.0129 19.599 0.009000000000000001 18.3078 0.0105 17.7875 0.0183
62.255393999999995 -54.787803000000004 12 0.973 19.3955 0.0411 19.1086 0.0111 18.8067 0.0348 18.6892 0.0485
62.160061 -55.165351 14 0.966 20.1347 0.0276 19.2765 0.0182 18.4381 0.0113 18.0853 0.0163
62.173799 -55.174420999999995 27 0.985 15.9062 0.0068 15.3882 0.0049 15.0505 0.0044 14.934000000000001 0.005
62.38936999999999 -55.247556 14 0.983 18.9657 0.0075 18.0474 0.0096 16.8998 0.0056 16.4664 0.0056
62.84249200000001 -54.83705500000001 27 0.9890000000000001 14.8334 0.0088 14.4491 0.006999999999999999 14.1998 0.005 14.1284 0.0047
62.53410600000001 -54.745181 12 0.9790000000000001 19.0215 0.0116 18.660999999999998 0.0264 18.4167 0.0064 18.3706 0.0379
62.94639300000001 -55.002129000000004 16 0.981 19.643 0.009000000000000001 18.7402 0.0144 17.4614 0.006999999999999999 16.9709 0.0136
62.246324 -54.789262 10 0.9640000000000001 19.6322 0.0112 19.3501 0.016 19.1845 0.0151 nan nan
62.318203000000004 -55.234552 21 0.983 17.0577 0.0071 16.7109 0.0063 16.5216 0.0047 16.4753 0.0059
62.946225 -54.977506000000005 15 0.9840000000000001 17.0209 0.0148 16.4338 0.0068 16.0093 0.0075 15.8462 0.0053
62.057953000000005 -55.043969999999995 17 0.983 17.573 0.0103 17.3091 0.0067 17.1818 0.006 17.1205 0.006999999999999999
62.800256999999995 -54.808958999999994 14 0.983 17.9129 0.0091 17.590999999999998 0.0193 17.3628 0.0102 17.2866 0.0065
62.595117 -55.252324 7 0.956 20.0234 0.0361 19.6105 0.0128 19.1559 0.0098 nan nan
62.940425 -54.947258999999995 15 0.986 19.7751 0.0116 18.8745 0.0079 17.8912 0.0077 17.4975 0.0103
62.919589 -55.094640000000005 15 0.982 18.7916 0.0076 18.0983 0.0107 17.5882 0.0061 17.3628 0.0094
62.184090000000005 -54.816022 24 0.993 14.8666 0.0074 14.0766 0.0071 13.4726 0.0043 13.2403 0.0053
62.821554000000006 -55.1822 16 0.983 17.8275 0.0097 17.539 0.0106 17.3539 0.0092 17.3082 0.0127
62.465731000000005 -55.258415 19 0.9840000000000001 15.9334 0.0089 15.030999999999999 0.0058 13.9815 0.0069 13.5933 0.006999999999999999
62.079193000000004 -54.906164000000004 28 0.985 15.5599 0.0099 15.3453 0.0062 15.1952 0.0047 15.1716 0.0043
62.693989 -54.765493000000006 24 0.985 16.8412 0.0065 16.3257 0.0084 15.9919 0.0047 15.8684 0.0067
62.121117000000005 -55.142846999999996 13 0.982 19.7363 0.0122 18.7979 0.0139 17.2496 0.0072 16.6524 0.0053
62.920303000000004 -55.09915 14 0.982 19.0262 0.009000000000000001 18.1486 0.0088 17.3522 0.0161 17.0358 0.0086
62.711886 -55.230819999999994 16 0.968 18.1667 0.0482 17.7359 0.0339 17.5135 0.0355 17.3813 0.0283
62.933521999999996 -54.92089 15 0.981 19.4045 0.0088 18.6253 0.0108 17.9211 0.0064 17.6365 0.0137
62.730891 -55.22536899999999 16 0.982 19.0017 0.0074 18.1199 0.0097 16.9876 0.006999999999999999 16.555 0.0118
62.215254 -55.20466999999999 25 0.992 13.5018 0.0077 13.1931 0.0066 13.0224 0.004 12.9977 0.0047
62.55765699999999 -54.740102 17 0.9840000000000001 17.1378 0.0374 16.7541 0.0074 16.4762 0.0055 16.3838 0.0062
62.086815 -54.888663 17 0.9790000000000001 19.4176 0.0236 18.5585 0.018000000000000002 17.4674 0.0073 17.0352 0.0051
62.656333999999994 -54.753388 26 0.993 13.7899 0.0061 13.6166 0.0048 13.519 0.0057 13.5345 0.0047
62.314517 -55.240384 14 0.98 19.2684 0.0089 18.4942 0.0081 17.9007 0.011000000000000001 17.689 0.0083
62.116643 -54.856698 10 0.9790000000000001 18.9393 0.0105 18.7253 0.0112 18.5322 0.0262 18.5473 0.0269
62.501659 -54.737136 22 0.983 17.6387 0.0074 17.4262 0.0081 17.2852 0.0047 17.2551 0.0201
62.370008999999996 -54.74736 19 0.983 17.8509 0.0076 17.3529 0.0082 17.0042 0.008 16.8442 0.013000000000000001
62.65120699999999 -55.24926899999999 11 0.982 19.0323 0.0127 18.1443 0.0176 17.0775 0.0069 16.6482 0.0083
62.903813 -54.873951 16 0.982 18.3885 0.0081 18.2292 0.0076 18.1506 0.0069 18.1959 0.006999999999999999
62.832149 -54.817228 13 0.955 19.9914 0.0132 19.292 0.0117 18.6983 0.0084 18.5033 0.0181
62.59755799999999 -55.258418000000006 16 0.983 17.1618 0.0122 16.5238 0.0098 16.0809 0.005 15.9042 0.0107
62.344942 -55.249263 9 0.971 19.3136 0.0093 19.0536 0.0111 18.8768 0.0099 18.9526 0.0217
62.044837 -54.956456 12 0.972 20.6091 0.0112 19.6185 0.0137 18.0326 0.0062 17.4114 0.012
62.038247 -55.00714 22 0.991 14.5138 0.0133 14.2305 0.0054 14.0843 0.0045 14.0668 0.0047
62.26955400000001 -54.770557999999994 27 0.985 15.4711 0.0077 15.2617 0.0062 15.1492 0.0078 15.1661 0.0125
62.560331000000005 -55.26288 18 0.9840000000000001 16.6411 0.0117 16.3108 0.006 16.0933 0.0079 16.0368 0.0057
62.402302 -54.740759999999995 25 0.9840000000000001 16.3806 0.0071 16.1104 0.0057 15.9306 0.0044 15.8896 0.005
62.092998 -55.126937 13 0.977 20.4289 0.0112 19.4545 0.0117 17.9376 0.0095 17.3015 0.017
62.42066 -55.261502 23 0.992 14.3263 0.0127 13.9288 0.0056 13.6647 0.0047 13.5711 0.0053
62.931242000000005 -55.102931000000005 14 0.975 20.2384 0.0114 19.4062 0.0138 17.9969 0.0101 17.4636 0.0095
62.212970999999996 -55.211445999999995 28 0.996 14.1358 0.0061 13.8779 0.0047 13.7348 0.004 13.7251 0.0043
62.065532999999995 -55.100085 22 0.985 15.3015 0.0061 15.0433 0.0079 14.8737 0.0044 14.8531 0.0047
62.827867000000005 -54.808492 18 0.983 18.4689 0.0094 17.7549 0.0059 17.2236 0.0062 17.0286 0.0126
62.854448 -54.824468 19 0.983 18.0038 0.0106 17.2773 0.0066 16.7012 0.0058 16.4741 0.0126
62.898755 -54.85815600000001 8 0.9640000000000001 19.5696 0.0129 19.3428 0.043 19.2179 0.0103 18.8793 0.0442
62.724511 -55.237120999999995 15 0.982 18.3363 0.0081 17.8111 0.009000000000000001 17.4751 0.0139 17.3471 0.0145
62.457941000000005 -55.268616 10 0.975 19.198 0.0134 18.7808 0.0296 18.5724 0.0273 18.4309 0.0816
62.951328000000004 -54.92448 24 0.986 15.0763 0.0108 14.7372 0.0064 14.5434 0.0047 14.4916 0.0047
62.696903000000006 -55.245651 13 0.983 18.2332 0.0146 17.5579 0.0062 17.0671 0.0054 16.8901 0.0064
62.352568999999995 -54.743017 21 0.983 17.6598 0.0081 17.3798 0.0056 17.1779 0.0078 17.1378 0.0077
62.552735 -55.26919 8 0.9790000000000001 19.2295 0.0127 18.5135 0.0163 18.0019 0.0087 17.7249 0.0188
62.931387 -54.89025899999999 16 0.982 18.4075 0.0074 18.0995 0.0181 17.9309 0.0068 17.915 0.0125
62.029621999999996 -55.028241 8 0.97 19.5726 0.0105 19.1596 0.0092 18.8966 0.0368 18.6932 0.0563
62.23806999999999 -54.77405 17 0.9740000000000001 19.692999999999998 0.0137 18.8794 0.0079 18.1363 0.0123 17.7614 0.0362
62.621891000000005 -54.737223 15 0.982 19.0683 0.0191 18.2412 0.0075 17.3593 0.0095 17.0119 0.0109
62.958326 -54.931077 13 0.985 17.8704 0.0105 16.9409 0.0074 15.3584 0.0047 14.74 0.0067
62.219246999999996 -54.780839 19 0.9840000000000001 17.0138 0.0076 16.2057 0.0065 15.5975 0.0041 15.3685 0.0043
62.124221999999996 -55.167182 15 0.998 13.3281 0.0105 12.8089 0.0075 12.4688 0.0067 12.3357 0.0047
62.435912 -54.730089 14 0.972 19.4439 0.0166 18.953 0.0116 18.5859 0.0225 18.4429 0.0156
62.94538000000001 -55.096316 21 0.983 17.0324 0.0076 16.7188 0.0061 16.5042 0.0053 16.4533 0.0113
62.028825 -55.038855000000005 12 0.982 18.6609 0.0115 17.9688 0.0075 17.4329 0.009000000000000001 17.2164 0.0161
62.107487 -55.155058999999994 16 0.983 17.295 0.0074 16.8487 0.0071 16.5422 0.0048 16.4391 0.005
62.023830000000004 -55.007334 11 0.982 18.8657 0.0106 17.9945 0.0077 17.229 0.0104 16.9377 0.0106
62.171296999999996 -54.802308 18 0.983 18.1275 0.008 17.5092 0.006 17.076 0.0048 16.9244 0.0081
62.739920999999995 -55.236796999999996 12 0.9740000000000001 19.5964 0.0189 18.8758 0.0066 18.3313 0.0229 18.0849 0.0109
62.124541 -55.17005 2 0.9590000000000001 nan nan nan nan 17.4152 0.027999999999999997 16.909000000000002 0.0159
62.288761 -55.246323 15 0.981 18.7881 0.0196 18.1658 0.0062 17.7939 0.006999999999999999 17.6313 0.0196
62.922167 -54.871590000000005 14 0.98 18.8421 0.0241 18.4147 0.0066 18.1124 0.0078 17.996 0.0156
62.043698 -55.084236 8 0.9790000000000001 nan nan 18.4209 0.0124 18.2848 0.0171 18.3479 0.0338
62.448041 -55.27314200000001 8 0.972 nan nan 19.3879 0.0149 17.7529 0.0161 17.1045 0.0095
62.232192000000005 -54.772249 27 0.9840000000000001 16.396 0.0117 16.1982 0.0056 16.0536 0.0042 16.0364 0.0052
62.12710500000001 -55.173506 15 0.982 18.8255 0.0217 17.9642 0.0095 17.1417 0.0059 16.8391 0.0051
62.797665 -54.784034999999996 21 0.983 17.5558 0.0074 17.3879 0.0075 17.2798 0.0068 17.2388 0.013999999999999999
62.445919999999994 -54.726093000000006 16 0.983 17.0786 0.009000000000000001 16.852 0.0085 16.7072 0.0053 16.7052 0.006
62.043195 -55.087914000000005 11 0.95 20.6307 0.0212 19.7197 0.011000000000000001 18.1798 0.0161 17.6002 0.006999999999999999
62.822522 -55.20591700000001 12 0.982 18.2998 0.0092 18.0601 0.006999999999999999 17.8842 0.0092 17.8724 0.0107
62.047052 -54.906118000000006 19 0.9840000000000001 17.1025 0.0077 16.795 0.0111 16.5566 0.0067 16.4994 0.0053
62.179729 -55.207573 16 0.983 18.7097 0.0105 17.8373 0.0088 17.0378 0.0082 16.7526 0.0083
62.493997 -54.723076 19 0.9840000000000001 16.7155 0.013000000000000001 16.0977 0.0061 15.6693 0.0043 15.5165 0.0044
62.695769999999996 -55.253475 12 0.963 20.0275 0.0304 19.1334 0.013000000000000001 18.3487 0.0067 18.0489 0.0187
62.98404300000001 -55.012735 20 0.9840000000000001 16.7801 0.0222 16.4827 0.0116 16.3097 0.005 16.2761 0.0051
62.052065 -54.894707 18 0.983 17.5415 0.0268 17.2948 0.0067 17.1515 0.0054 17.123 0.0171
62.15505699999999 -54.805088 17 0.9840000000000001 16.4435 0.0088 15.6462 0.0067 14.9893 0.0048 14.7313 0.0047
62.082985 -55.143058999999994 20 0.9840000000000001 17.1633 0.0119 16.2726 0.0097 15.3526 0.0041 15.0086 0.0043
62.93694 -54.878533 7 0.977 nan nan 18.7069 0.0124 18.4765 0.0096 18.3946 0.0166
62.82895 -54.795089000000004 27 0.9840000000000001 16.1476 0.0156 15.8931 0.0049 15.7357 0.0044 15.7073 0.0048
62.962825 -55.086788 20 0.987 15.228 0.0116 14.8738 0.0118 14.6695 0.0047 14.6144 0.0047
62.965617 -54.919616000000005 5 1.0 nan nan nan nan nan nan nan nan
62.01254399999999 -54.997848 12 0.9620000000000001 nan nan 20.0458 0.0225 18.5053 0.03 17.9744 0.0282
62.180856000000006 -55.212368999999995 13 0.95 20.1396 0.0456 19.275 0.0082 18.4236 0.0209 18.2104 0.0135
62.554221 -55.278898999999996 16 0.987 17.0079 0.0146 16.5922 0.0173 16.3056 0.0119 16.1913 0.0065
62.010652 -54.999812 14 0.983 18.8891 0.0282 18.0515 0.0061 17.1545 0.0054 16.8256 0.0081
62.673815000000005 -54.737696 14 0.973 20.2294 0.0327 19.338 0.019 18.0393 0.0165 17.578 0.0191
62.876717000000006 -54.821268 16 0.982 18.885 0.0299 18.0649 0.0133 17.2334 0.0053 16.9165 0.0152
62.987966 -54.978067 11 0.9790000000000001 19.0068 0.0121 18.2561 0.0121 17.6805 0.0115 17.463 0.0194
62.939749 -54.875856999999996 21 0.9940000000000001 14.5038 0.0075 14.3164 0.0074 14.1937 0.0047 14.19 0.0047
62.974328 -54.927872 13 0.983 18.1357 0.0105 17.7317 0.0094 17.4784 0.0054 17.3975 0.0085
62.133712 -55.188632999999996 19 0.9840000000000001 16.7974 0.0752 16.5148 0.0062 16.3648 0.0046 16.365 0.0061
62.760928 -55.239517000000006 25 0.992 14.174000000000001 0.0074 13.9384 0.0047 13.8211 0.0043 13.8206 0.0047
62.992644999999996 -54.990149 18 0.9840000000000001 17.0317 0.0477 16.8253 0.006999999999999999 16.6681 0.0065 16.6452 0.0065
62.76418100000001 -55.239392 26 0.987 15.4819 0.0079 15.2253 0.0052 15.0765 0.0047 15.0569 0.005
62.450897999999995 -54.717777000000005 11 0.9640000000000001 19.9014 0.02 19.0065 0.0492 18.0579 0.0076 17.7303 0.0119
62.222564 -54.765505000000005 13 0.961 20.2908 0.0164 19.5239 0.0084 18.3996 0.0117 18.0233 0.0098
62.538498 -55.283187 8 1.0 nan nan 10.3572 0.0105 10.2225 0.0105 nan nan
62.970513000000004 -55.090604000000006 12 0.97 19.271 0.0374 18.6833 0.0176 18.1737 0.0094 17.9741 0.0302
62.519765 -54.715782999999995 15 0.981 18.8161 0.0092 18.6004 0.0064 18.477999999999998 0.0088 18.3796 0.0207
62.509818 -55.284422 14 0.9840000000000001 17.0596 0.0074 16.5013 0.006999999999999999 16.1473 0.0053 16.0254 0.0061
62.135205000000006 -54.807441000000004 17 0.995 12.4044 0.0105 12.0579 0.0114 11.8296 0.0074 11.7795 0.0061
62.973911 -55.086546 9 0.963 19.5713 0.0141 18.9679 0.0455 18.6035 0.0109 18.4525 0.0149
62.137892 -54.805352 27 0.987 15.0524 0.0064 14.6748 0.0061 14.4432 0.0048 14.3762 0.0051
62.718006 -54.743774 26 0.987 15.6843 0.0061 15.4238 0.0047 15.2619 0.0048 15.2211 0.0047
62.034696 -54.898201 13 0.983 19.1715 0.0108 18.2496 0.0078 17.2553 0.0092 16.8952 0.0121
62.952553 -54.879436 14 0.983 18.203 0.0074 17.6346 0.0065 17.2658 0.0057 17.1187 0.0128
62.471993000000005 -54.713823 11 0.972 19.0965 0.0119 18.7886 0.0083 18.4927 0.0082 18.4569 0.0305
62.576758999999996 -54.71676899999999 14 0.976 19.3312 0.0282 18.868 0.0119 18.5524 0.0057 18.3974 0.0453
62.0016 -54.977633 14 0.983 17.6636 0.0105 17.335 0.0074 17.1191 0.0068 17.0415 0.0171
62.734924 -55.253502000000005 14 0.9790000000000001 19.2477 0.036000000000000004 18.6529 0.0065 18.215 0.0137 18.0433 0.0127
62.09556 -55.169635 21 0.995 13.0047 0.0074 12.7714 0.0074 12.6569 0.0043 12.6507 0.0043
62.99686 -54.966243999999996 12 0.982 18.5524 0.0117 18.172 0.0099 17.9423 0.0086 17.894000000000002 0.0086
62.938458999999995 -55.139629000000006 18 0.9840000000000001 17.1678 0.0145 16.39 0.0094 15.8013 0.0048 15.5814 0.005
62.718578 -55.258687 21 0.9840000000000001 16.8156 0.0093 16.6084 0.0089 16.4541 0.0065 16.4298 0.0066
62.068489 -55.146846999999994 16 0.973 19.8341 0.0178 19.0019 0.0085 18.2499 0.013999999999999999 17.9926 0.0161
62.370691 -55.277761 13 0.981 19.0291 0.0101 18.5928 0.0141 18.2882 0.0271 18.1658 0.045
62.07669 -55.154757999999994 24 0.983 17.2875 0.0074 16.999000000000002 0.0101 16.8382 0.009000000000000001 16.8027 0.0172
62.238411 -54.754831 30 0.9840000000000001 15.6771 0.0062 15.4092 0.005 15.2647 0.0042 15.2423 0.0058
62.871367000000006 -54.80720600000001 8 0.963 19.6274 0.0113 19.323 0.006999999999999999 19.0859 0.0153 nan nan
62.106624 -55.18082 13 0.9740000000000001 19.7548 0.0654 18.8649 0.0128 17.9748 0.0061 17.6426 0.0183
62.907662 -55.170911 14 0.96 20.259 0.0108 19.387 0.0267 18.3869 0.015 17.9712 0.0069
62.580709999999996 -54.714459 19 0.983 17.4213 0.0068 16.6374 0.0061 16.0262 0.0046 15.7987 0.0043
62.138569 -55.202337 19 0.9840000000000001 16.7992 0.009000000000000001 16.5666 0.0061 16.4134 0.0049 16.3829 0.005
62.967668 -54.892228 12 0.966 19.4277 0.0675 18.6502 0.0717 17.9231 0.0274 17.5321 0.0213
62.079777 -55.161 23 0.985 16.242 0.0099 16.0039 0.0068 15.8641 0.0059 15.8487 0.0045
63.001236 -55.035619 22 0.9840000000000001 15.9333 0.0269 15.533 0.0047 15.2318 0.0053 15.1262 0.0068
62.844751 -55.212081000000005 16 0.978 19.6024 0.0121 18.7482 0.0196 17.7298 0.0117 17.342 0.0072
62.661474 -55.274648 23 0.986 15.5396 0.0063 15.270999999999999 0.0053 15.116 0.0047 15.0963 0.0069
62.87998399999999 -55.191908 9 0.9620000000000001 19.6055 0.047 19.2029 0.0137 18.8645 0.0248 nan nan
63.003748 -54.971627000000005 12 0.9740000000000001 19.8615 0.0248 18.9718 0.0211 17.8124 0.0107 17.4148 0.0127
62.790824 -54.761814 13 0.982 19.6393 0.0603 18.7164 0.0084 17.3331 0.0052 16.8422 0.0075
62.10335 -54.81900600000001 14 0.983 18.1274 0.0105 17.7463 0.0209 17.5085 0.005 17.4577 0.0113
62.507376 -55.291171 20 0.985 14.9743 0.0074 14.65 0.0063 14.4581 0.0048 14.4079 0.0053
62.881246 -55.193419999999996 12 0.96 19.5661 0.0129 19.1293 0.0168 18.6874 0.0182 18.6247 0.0268
62.709274 -55.267056000000004 21 0.983 17.1745 0.0098 16.9058 0.0087 16.724 0.0054 16.6863 0.0057
62.02265799999999 -54.897418 14 0.9840000000000001 16.9471 0.0105 16.1543 0.0078 15.5396 0.0048 15.3089 0.0047
62.891086 -55.188717000000004 15 0.978 19.5494 0.0144 18.6796 0.0069 18.03 0.0058 17.7786 0.0143
63.005378 -55.042297999999995 21 0.9990000000000001 12.6676 0.0105 12.4627 0.0113 12.33 0.006999999999999999 12.3234 0.0043
62.130053000000004 -54.798687 16 0.9940000000000001 11.9414 0.0105 11.7383 0.0084 11.6317 0.0075 11.6549 0.0065
63.01025 -55.013031000000005 21 0.983 17.5769 0.0074 17.511 0.0062 17.4872 0.0071 17.488 0.0082
62.15623000000001 -55.21744399999999 22 0.996 13.6158 0.01 13.3818 0.0053 13.2291 0.0043 13.216 0.0054
62.69186 -55.272126 14 0.98 19.604 0.0389 18.7153 0.0112 17.5871 0.0089 17.1532 0.0127
62.988197 -54.913047999999996 11 0.983 17.9789 0.0105 17.5935 0.0161 17.3294 0.0081 17.2316 0.0072
62.934703000000006 -54.845073 27 0.985 15.6736 0.0097 15.4504 0.0079 15.3043 0.0043 15.2877 0.0062
62.99280400000001 -55.08249 16 0.983 16.9328 0.0469 16.7083 0.0448 16.5954 0.0076 16.5458 0.0071
62.467797 -54.706202000000005 11 0.966 20.2807 0.0293 19.5084 0.0299 18.0834 0.0077 17.4862 0.0167
62.012501 -54.907361 0 0.993 nan nan nan nan nan nan nan nan
62.037144 -55.129296 19 0.996 13.7457 0.0105 13.4752 0.0053 13.3145 0.0047 13.298 0.0061
62.38114100000001 -55.28723000000001 18 0.9840000000000001 16.6185 0.0074 15.7449 0.0093 14.9629 0.0055 14.6737 0.0047
62.976401 -54.887530000000005 23 0.996 13.0867 0.0081 12.8909 0.0208 12.7875 0.0043 12.7943 0.0047
62.568592 -54.706577 20 0.983 15.9986 0.0119 15.7066 0.0215 15.4607 0.0364 15.4563 0.0613
62.549645999999996 -55.295898 11 0.98 18.7526 0.0105 18.5408 0.0075 18.4044 0.0079 18.4257 0.0461
62.584029 -55.293877 15 0.981 18.6364 0.0206 18.4513 0.0183 18.4083 0.0188 18.3809 0.0229
62.093385999999995 -54.815072 12 0.976 20.6911 0.0383 19.6386 0.0173 18.0965 0.0093 17.5228 0.0085
62.484387 -54.702034 15 0.983 19.1341 0.0216 18.2609 0.0104 17.0131 0.0071 16.5267 0.0051
62.005749 -55.093325 15 0.983 18.1541 0.0201 17.4836 0.0061 17.0078 0.0052 16.8562 0.0091
61.983445999999994 -54.962824 22 0.983 17.6518 0.0149 17.382 0.0087 17.2051 0.0055 17.1601 0.0051
62.23285500000001 -54.743765 17 0.983 18.8623 0.0084 17.9366 0.0065 16.7107 0.0046 16.2634 0.0102
62.805252 -54.758126000000004 20 0.995 13.2953 0.0062 12.7754 0.0078 12.4363 0.0061 12.3227 0.0065
62.141548 -54.783513 28 0.987 14.759 0.0061 14.354000000000001 0.0047 14.122 0.0044 14.0495 0.0047
62.00089499999999 -54.914806000000006 10 0.961 19.5905 0.0109 19.2457 0.0085 19.0131 0.0133 18.7769 0.0444
62.00630699999999 -54.903659999999995 15 0.983 17.0961 0.0075 16.3625 0.008 15.7871 0.0053 15.5582 0.0048
63.021558 -54.987134999999995 15 0.9890000000000001 12.0933 0.0105 11.9713 0.0116 11.9362 0.0105 11.9868 0.0047
62.021837 -55.121287 11 0.982 18.4917 0.0121 18.2122 0.008 18.0061 0.018000000000000002 17.991 0.023
62.943580000000004 -54.842376 22 0.985 16.4151 0.0074 16.1173 0.008 15.9504 0.0044 15.9184 0.0043
63.021572 -55.021489 15 0.983 18.2343 0.0074 17.7155 0.0102 17.3533 0.0074 17.2341 0.0102
62.411336 -54.704478 9 0.9590000000000001 19.3561 0.0084 19.239 0.0208 19.1943 0.016 nan nan
63.019792 -54.967827 26 0.986 14.3769 0.0074 14.1814 0.0054 14.0749 0.0043 14.0849 0.0051
62.737124 -54.732828000000005 12 0.966 19.4375 0.0489 19.152 0.0068 18.9384 0.0184 18.6894 0.0739
62.036283999999995 -55.140726 15 0.9840000000000001 16.8771 0.0156 16.2319 0.0108 15.8061 0.0054 15.652000000000001 0.0047
61.97663299999999 -55.018066000000005 22 0.9840000000000001 16.994 0.0586 16.6153 0.0116 16.3609 0.0069 16.2772 0.005
62.998468 -54.905190000000005 16 0.981 19.0302 0.01 18.2494 0.0066 17.6347 0.0076 17.3983 0.0056
61.985656000000006 -54.93866 17 0.98 18.8594 0.0256 17.9825 0.027000000000000003 16.8664 0.0201 16.4579 0.0074
63.009703 -54.926193999999995 9 0.95 19.6455 0.0165 19.410999999999998 0.0165 19.2793 0.0145 nan nan
62.411602 -55.297610999999996 17 0.983 17.9515 0.0074 17.5731 0.0057 17.2867 0.0107 17.2081 0.015
61.974387 -54.981669999999994 16 0.983 17.9038 0.0227 17.5499 0.006 17.2548 0.0065 17.1644 0.0059
63.018347999999996 -54.945463000000004 16 0.983 19.1293 0.0096 18.2637 0.0061 17.2274 0.0092 16.8404 0.0095
62.841007999999995 -55.231827 12 0.982 18.6036 0.0093 18.2924 0.0088 18.0965 0.0252 18.111 0.0111
62.953925 -55.156064 17 0.983 18.1886 0.0286 17.7835 0.0068 17.5317 0.0121 17.4378 0.006999999999999999
61.98704 -55.07461 14 0.981 18.9459 0.0231 18.4149 0.0112 18.0581 0.0068 17.9574 0.0176
62.642129000000004 -54.707426 17 0.983 17.0713 0.0217 16.2264 0.0065 15.3889 0.0046 15.0765 0.0053
62.903622999999996 -54.803377000000005 12 0.9690000000000001 19.5287 0.0177 19.1173 0.0082 18.8686 0.0253 18.7576 0.013000000000000001
62.01744300000001 -55.127256 14 0.983 17.796 0.0105 17.1286 0.0114 16.6122 0.0052 16.4187 0.0052
62.716122999999996 -55.278387 25 0.9840000000000001 16.3445 0.0154 16.133 0.0059 15.9939 0.0046 15.9681 0.0053
62.198923 -55.251278000000006 12 0.9540000000000001 19.9023 0.0786 19.2269 0.0068 18.7035 0.0155 18.5021 0.024
62.10650699999999 -55.205797 13 0.978 19.7294 0.0266 18.8998 0.0226 18.1296 0.0112 17.8908 0.0089
63.02809499999999 -55.037135 12 0.983 18.6264 0.0079 17.7624 0.0072 16.7283 0.0076 16.3261 0.0067
62.434025 -54.69661800000001 17 0.982 18.6376 0.0214 17.9653 0.0073 17.4168 0.0082 17.1696 0.0057
62.655928 -55.29274 13 0.9590000000000001 20.9149 0.0479 19.7916 0.0097 18.4204 0.0125 17.9121 0.0088
62.366112 -54.70366800000001 17 0.983 18.5794 0.0082 17.8566 0.0103 17.2991 0.0081 17.1003 0.0089
62.204389 -55.255379000000005 11 0.976 19.1355 0.01 18.8178 0.0063 18.612000000000002 0.0181 18.4396 0.0171
62.68881999999999 -55.286949 16 0.9840000000000001 17.3261 0.0074 16.7041 0.0061 16.2595 0.0068 16.1083 0.0152
63.012074 -54.912422 15 0.975 20.0753 0.0373 19.2445 0.0083 18.1387 0.0147 17.7319 0.0074
62.881865000000005 -55.216491000000005 16 0.9840000000000001 18.0298 0.0125 17.1859 0.0084 16.4035 0.0071 16.123 0.0083
62.594974 -55.30299599999999 23 0.986 16.7646 0.0074 16.2498 0.0051 15.9216 0.0048 15.8246 0.0092
62.280441 -54.719278 28 0.996 13.762 0.0061 13.2355 0.0072 12.9098 0.0044 12.7701 0.005
62.932959 -55.182922999999995 27 0.9990000000000001 13.7231 0.0105 13.499 0.0047 13.385 0.004 13.3863 0.0043
62.563295999999994 -55.306091 10 0.96 19.7925 0.0189 19.1615 0.0344 18.7 0.0297 18.4576 0.0183
62.547399 -54.692964 21 0.988 15.4236 0.0099 14.5888 0.0054 13.8308 0.0046 13.5212 0.0047
62.051502 -55.170931 20 0.983 17.6428 0.0123 17.4189 0.0094 17.2856 0.0079 17.2836 0.0125
62.484674 -55.30854 16 0.972 19.7192 0.0193 18.8888 0.0077 18.0835 0.0109 17.7662 0.0114
62.1225 -54.780345 18 0.983 17.6924 0.0105 17.257 0.0109 17.0129 0.0084 16.9183 0.0067
63.038134 -54.980033 11 1.0 nan nan nan nan nan nan 12.0038 0.0062
61.971789 -55.064618 25 0.9840000000000001 16.9037 0.0156 16.5469 0.0064 16.3082 0.0053 16.2351 0.0045
62.318881999999995 -55.29183199999999 15 0.983 17.6273 0.0129 17.0571 0.0061 16.677 0.0054 16.5356 0.0072
62.829331999999994 -54.754994999999994 16 0.981 19.2187 0.0414 18.5196 0.012 18.0417 0.0106 17.8596 0.0101
62.997057 -54.879615 0 0.992 nan nan nan nan nan nan nan nan
62.20502 -55.260177 24 0.992 13.6514 0.0109 13.3741 0.0053 13.2067 0.0046 13.1843 0.0047
62.418979 -55.306893 16 0.983 18.2134 0.0082 17.3646 0.0074 16.3911 0.0055 16.0286 0.0067
62.009865000000005 -55.13264 10 0.973 19.3076 0.016 19.1335 0.0098 19.0518 0.0279 19.0201 0.0197
62.993841 -55.128976 17 0.9890000000000001 12.9377 0.0105 12.7644 0.0156 12.679 0.0053 12.6922 0.0053
62.007064 -55.131477000000004 11 0.9740000000000001 19.8204 0.0231 18.9268 0.0086 18.0029 0.0095 17.680999999999997 0.0086
62.346309999999995 -54.701271 24 0.9840000000000001 16.3132 0.0074 16.0806 0.0054 15.9273 0.0044 15.9147 0.0073
62.258679 -55.280291000000005 13 0.978 20.0703 0.0118 19.1794 0.0108 17.982 0.0105 17.5181 0.0215
62.149868000000005 -55.240966 13 0.98 19.9441 0.0098 18.9564 0.0069 17.7403 0.0064 17.2141 0.0119
62.806377000000005 -54.74094300000001 13 0.981 19.6764 0.0482 18.7608 0.0145 17.2902 0.0058 16.705 0.0088
62.07868199999999 -55.200467 24 0.986 15.7395 0.0074 15.3329 0.0047 15.0797 0.0041 15.0015 0.0044
62.139871 -54.764611 26 0.992 13.8662 0.0088 13.5843 0.0048 13.4391 0.0043 13.417 0.0047
62.747257999999995 -55.280120999999994 21 0.986 16.0748 0.0105 15.525 0.0091 15.140999999999998 0.0047 14.994000000000002 0.0096
61.96848000000001 -54.926122 17 0.983 18.1245 0.0074 17.3015 0.006 16.6552 0.0052 16.4054 0.0082
62.481667 -54.686206999999996 15 0.966 20.3141 0.0116 19.3694 0.0159 18.1938 0.0101 17.7565 0.0177
63.016763 -55.105198 17 0.983 17.882 0.0114 17.6555 0.006 17.4862 0.0055 17.467 0.012
63.040962 -55.05311 13 0.98 18.2927 0.012 17.9715 0.0079 17.7522 0.0107 17.7386 0.0223
62.83485400000001 -55.249664 22 0.988 15.2575 0.0112 14.4513 0.0059 13.7354 0.0047 13.4653 0.005
63.01093 -55.116980000000005 25 0.996 13.1635 0.0105 12.7841 0.0074 12.5551 0.0055 12.482999999999999 0.0043
63.049443999999994 -54.998231000000004 23 0.9940000000000001 13.4122 0.0105 13.2632 0.0061 13.1961 0.0043 13.2309 0.0047
62.472781000000005 -54.685077 11 0.9620000000000001 19.3003 0.0416 18.7931 0.0285 18.4396 0.0205 18.197 0.0148
62.141923 -54.761244 25 0.985 15.4564 0.0074 15.0637 0.005 14.798 0.0045 14.6964 0.0047
62.132488 -54.765979 16 0.983 18.4344 0.0076 17.6317 0.0095 16.9466 0.0104 16.6858 0.0149
62.412842000000005 -54.68859200000001 11 0.953 20.6198 0.0136 19.4939 0.0107 18.5217 0.0067 18.0967 0.0067
62.00390600000001 -55.137576 13 0.981 18.6489 0.0077 18.3286 0.0064 18.0945 0.0135 18.0296 0.0186
63.03414300000001 -55.07735699999999 14 0.983 19.1608 0.0117 18.2419 0.0076 16.5608 0.0068 15.9155 0.0074
62.66961800000001 -55.30048000000001 23 0.987 16.0039 0.012 15.6879 0.0083 15.4971 0.0044 15.4488 0.0082
62.886915 -54.77544399999999 17 0.9790000000000001 20.1672 0.049 19.1734 0.0208 17.7022 0.013999999999999999 17.144000000000002 0.0177
63.03726700000001 -55.0738 15 0.982 19.3511 0.027000000000000003 18.48 0.0105 17.1927 0.0062 16.7115 0.0104
62.922909 -54.797015 29 0.995 14.2975 0.0079 13.944 0.005 13.6993 0.0051 13.6282 0.0056
62.992703000000006 -54.857870999999996 9 0.9520000000000001 nan nan 19.2245 0.1878 17.8761 0.0745 17.5778 0.0255
62.243775 -55.281114 11 0.98 19.1689 0.0151 18.4725 0.0087 17.9565 0.0091 17.7765 0.0085
62.86869300000001 -54.764140000000005 12 0.982 18.3809 0.011000000000000001 18.0863 0.008 17.9162 0.0068 17.8252 0.0137
62.261801 -54.712715 28 0.986 15.0925 0.0063 14.7175 0.0047 14.4612 0.0045 14.3767 0.006
62.228917 -55.278156 14 0.981 18.8834 0.0078 18.438 0.0144 18.1156 0.0098 18.0184 0.0213
62.714034999999996 -54.70629399999999 17 0.983 19.0486 0.0075 18.1297 0.0096 16.6466 0.005 16.0838 0.0066
62.787738 -54.727608 14 0.982 18.4736 0.0322 18.0705 0.0065 17.8097 0.0057 17.7163 0.0283
62.099697 -54.779465 14 0.968 19.9986 0.0222 19.1758 0.009000000000000001 18.0171 0.006 17.5616 0.0246
63.002949 -55.136943 26 0.9840000000000001 17.1132 0.0121 16.8256 0.0056 16.6397 0.0046 16.5961 0.0057
62.189189 -55.26521700000001 16 0.983 18.0655 0.0075 17.6005 0.0061 17.3193 0.0075 17.2156 0.0087
62.402868999999995 -55.3146 19 0.983 17.8187 0.0074 17.0025 0.0058 16.3361 0.0045 16.0866 0.0073
62.882892000000005 -55.232929000000006 26 0.987 14.5996 0.0065 14.3073 0.0049 14.1269 0.0047 14.0886 0.01
62.822465 -54.739216000000006 11 0.98 18.8857 0.0268 18.71 0.0105 18.5743 0.0068 18.6483 0.0179
62.89049 -55.229781 20 0.9840000000000001 16.7124 0.0089 16.4513 0.0068 16.3013 0.0048 16.2843 0.0089
62.43103000000001 -54.681989 21 0.9840000000000001 17.379 0.0072 16.9996 0.0059 16.7295 0.0045 16.6469 0.0075
61.97705 -55.115342000000005 26 0.987 16.0859 0.0063 15.8436 0.0055 15.7061 0.0057 15.6784 0.0044
62.385036 -54.685602 14 0.978 19.734 0.0106 18.9169 0.0133 17.7748 0.008 17.3197 0.0056
61.962318999999994 -55.09194 12 0.982 18.4643 0.0105 18.1573 0.0062 17.9544 0.0072 17.9918 0.0085
62.7517 -54.71273299999999 12 0.9740000000000001 19.5484 0.0142 19.038 0.0084 18.7478 0.0111 18.58 0.0536
62.969698 -54.824301 19 0.988 14.9255 0.0106 14.1159 0.0149 13.4598 0.0043 13.2226 0.0053
63.059289 -55.03090400000001 8 0.9590000000000001 19.8081 0.0114 19.2168 0.0091 18.7015 0.0301 18.4425 0.0166
62.812430000000006 -54.732648 25 0.996 13.0605 0.0074 12.7785 0.0089 12.5935 0.0044 12.5481 0.0044
62.318180000000005 -55.305198 15 0.983 17.8945 0.0082 17.0575 0.0059 16.3884 0.0063 16.1228 0.0061
61.958227 -55.087749 13 0.983 17.5913 0.0381 17.1685 0.0092 16.8252 0.0114 16.7111 0.0055
62.885921999999994 -55.235395999999994 11 0.981 18.4401 0.0137 18.2099 0.0081 18.0711 0.0153 18.13 0.026000000000000002
62.280826 -54.702895999999996 30 0.985 15.3276 0.0063 15.0152 0.0049 14.802 0.0056 14.7458 0.0047
62.90549 -55.224540000000005 26 0.9840000000000001 15.8956 0.0082 15.6265 0.0053 15.4567 0.008 15.4458 0.0048
62.608493 -54.682998 15 0.981 18.685 0.0228 18.3695 0.0194 18.1326 0.0153 18.1116 0.0234
62.310908 -54.695197 29 0.9840000000000001 15.7492 0.0065 15.4501 0.0053 15.2297 0.0046 15.1693 0.0048
62.140923 -54.750426000000004 13 0.977 19.3934 0.0184 18.7637 0.0133 18.3233 0.027999999999999997 18.0781 0.0089
62.448007 -55.32275799999999 12 0.977 18.8095 0.0105 18.4327 0.0093 18.2046 0.0057 18.1655 0.0076
63.064234 -55.021925 16 0.986 16.35 0.0087 15.8187 0.0291 15.4508 0.0056 15.3281 0.0105
62.362249 -54.68525 26 0.9840000000000001 16.4024 0.0065 16.0874 0.0057 15.8752 0.006 15.8082 0.0053
62.504639000000005 -54.675406 18 0.9840000000000001 17.2553 0.0074 16.73 0.0067 16.292 0.0048 16.1216 0.0047
63.056553 -55.061691 13 0.983 19.2128 0.0131 18.2822 0.0195 16.7491 0.0069 16.1686 0.0053
62.978668000000006 -54.826935 13 0.983 18.9068 0.0163 18.015 0.0084 16.6933 0.0085 16.2104 0.006999999999999999
62.969603 -54.81880699999999 20 0.9840000000000001 16.5718 0.009000000000000001 16.2912 0.025 16.1846 0.005 16.1767 0.0068
62.01477 -54.832857 17 0.987 15.0724 0.0105 14.5282 0.006999999999999999 14.1665 0.0051 14.0357 0.006
61.956214 -55.094315 10 0.982 18.2453 0.0108 17.8535 0.0074 17.594 0.0073 17.5259 0.0351
63.063421999999996 -55.04297 9 0.98 19.2968 0.0105 18.5615 0.0108 17.9002 0.0207 17.6575 0.0148
62.915921999999995 -54.778707999999995 15 0.977 20.3673 0.015 19.4357 0.0191 17.9899 0.0115 17.4384 0.0208
62.750399 -54.707693000000006 18 0.983 18.324 0.0174 18.0837 0.0071 17.909000000000002 0.0071 17.8554 0.0169
62.127419999999994 -54.753818 25 0.987 14.7443 0.0061 14.3363 0.0053 14.0778 0.0044 13.9898 0.0047
62.382199 -54.680689 10 0.9640000000000001 19.4619 0.0095 19.2206 0.0108 19.1021 0.0306 18.8441 0.0225
63.069155 -55.000873999999996 8 0.971 19.3141 0.0112 18.9953 0.0094 18.866 0.0119 19.0214 0.0162
62.414266000000005 -55.32289399999999 25 0.985 15.7155 0.0064 15.3476 0.0076 15.0978 0.0043 15.0169 0.0043
63.056312 -55.071404 12 0.9790000000000001 20.4989 0.0156 19.583 0.0173 17.7825 0.008 17.0336 0.0114
63.033848 -54.886093 11 0.98 18.9483 0.0244 18.851 0.0084 18.7964 0.0094 19.006 0.0464
62.15044 -54.741477 14 0.98 19.4636 0.0115 18.6153 0.0099 17.7956 0.0143 17.4527 0.0184
61.985753 -55.143742 28 0.9840000000000001 16.2714 0.0063 16.0249 0.0052 15.8669 0.0046 15.850999999999999 0.0043
62.925444999999996 -55.219625 18 0.983 18.0609 0.0163 17.4028 0.0059 17.0228 0.0075 16.8814 0.0048
62.688894999999995 -54.69064 16 0.983 18.4107 0.028999999999999998 17.7369 0.0101 17.1792 0.0074 16.9698 0.0082
63.002814 -55.157596 12 0.9740000000000001 19.1593 0.0193 18.9915 0.0122 18.8396 0.0265 18.7847 0.1192
62.77265 -55.288886 14 0.956 19.7451 0.0498 19.107 0.0175 18.7114 0.0335 18.273 0.032
62.620559 -55.321001 17 0.983 18.149 0.0097 17.2762 0.0249 16.4916 0.0051 16.1861 0.006999999999999999
62.53976 -55.327695 20 0.9840000000000001 17.222 0.0105 17.0146 0.009000000000000001 16.8713 0.005 16.8471 0.0083
62.833119999999994 -54.733089 27 0.983 17.0911 0.0113 16.8973 0.0122 16.7637 0.0243 16.7334 0.0165
62.924849 -55.221389 12 0.953 nan nan 19.2726 0.0223 18.3493 0.011000000000000001 17.9616 0.0246
62.933801 -55.215894999999996 23 0.985 15.9423 0.0086 15.6144 0.0054 15.4066 0.0063 15.3595 0.0048
62.981411 -55.180613 13 0.98 18.6791 0.0108 17.948 0.0076 17.4063 0.0054 17.2113 0.0081
62.379383 -54.677794999999996 17 0.983 17.8304 0.0141 17.6078 0.0082 17.4772 0.0094 17.4698 0.0093
62.025071999999994 -54.815011 11 0.973 20.1909 0.0209 19.1897 0.0162 18.1681 0.0084 17.762999999999998 0.0085
61.98961800000001 -55.152965 11 0.961 19.3747 0.0171 19.4532 0.0085 19.296 0.0486 nan nan
61.92491999999999 -54.995504000000004 12 0.982 18.9195 0.0105 18.0045 0.0075 16.6198 0.0092 16.105 0.0051
62.707457 -55.307917 30 0.991 14.7611 0.0156 14.4001 0.0156 14.1596 0.0142 14.0918 0.0162
62.897625 -54.762175 12 0.9790000000000001 nan nan 18.4087 0.0093 18.1895 0.0149 18.136 0.0116
61.97721800000001 -55.13994399999999 25 0.986 16.4891 0.0104 16.1182 0.0076 15.8684 0.0045 15.8038 0.006999999999999999
61.923464 -55.004707999999994 14 0.992 11.8842 0.0105 11.7294 0.0105 11.6376 0.0105 11.6623 0.0061
62.363867000000006 -54.678593000000006 18 0.983 17.8071 0.0074 17.636 0.0105 17.5058 0.0058 17.5073 0.0122
61.978502 -55.142796 13 0.9590000000000001 20.5737 0.0236 19.548 0.0119 18.3399 0.0113 17.9033 0.0272
63.07771700000001 -55.01664399999999 15 0.9840000000000001 17.6644 0.0359 16.7433 0.0091 15.2246 0.0086 14.6342 0.0047
62.517506999999995 -55.332103000000004 14 0.981 18.9713 0.032 18.7144 0.006999999999999999 18.5408 0.0121 18.5711 0.0267
62.922656 -55.227975 21 0.993 13.1156 0.0105 12.8585 0.0074 12.7129 0.0043 12.6931 0.0047
62.898747 -54.759251 29 0.987 14.8143 0.0087 14.4928 0.0055 14.2898 0.0048 14.2427 0.0043
62.417401 -55.329537 12 0.9790000000000001 18.9926 0.0114 18.7789 0.0123 18.6146 0.0111 18.5341 0.0529
62.084079 -55.23301899999999 17 0.983 18.1506 0.0074 17.8231 0.0061 17.6049 0.0053 17.5485 0.0152
63.040242000000006 -54.878414 10 0.9790000000000001 19.0072 0.0127 19.0787 0.0168 18.9705 0.031 18.9309 0.0239
62.573765 -55.331137 21 0.985 17.029 0.0071 16.5944 0.0146 16.3562 0.0058 16.2732 0.0097
61.986668 -55.158626 24 0.987 14.8389 0.0074 14.4422 0.0053 14.1395 0.0047 14.0374 0.0047
61.919684 -54.973155000000006 20 0.987 14.6876 0.0124 14.2961 0.0061 14.0427 0.0053 13.965 0.0047
63.01132 -55.161314000000004 17 0.982 19.4672 0.0295 18.5483 0.0189 17.1406 0.0061 16.6085 0.0048
62.585462 -54.668866 14 0.982 19.276 0.0084 18.4134 0.0112 17.6171 0.0063 17.3257 0.0133
62.27893 -55.310164 19 0.983 18.0037 0.0079 17.7857 0.0069 17.6503 0.0048 17.6218 0.0116
62.86133100000001 -55.26365500000001 12 0.9840000000000001 17.1886 0.0074 16.595 0.0073 16.093 0.0087 15.9102 0.0065
61.948073 -55.111216000000006 17 0.9840000000000001 16.9719 0.0315 16.6059 0.0181 16.3723 0.0093 16.2997 0.0085
