ra dec ngood class_star g_psf e_g_psf r_psf e_r_psf i_psf e_i_psf z_psf e_z_psf
124.00928600000002 -78.75995400000001 29 0.981 18.3296 0.0096 17.9798 0.0066 17.7556 0.0152 17.6607 0.0077
123.96163200000001 -78.75683599999999 24 0.981 18.7158 0.0179 18.21 0.006 17.8296 0.0107 17.6871 0.0207
123.945375 -78.748593 20 0.98 18.5484 0.017 18.1637 0.0124 17.925 0.0094 17.8671 0.0166
123.941502 -78.75052099999999 16 0.9690000000000001 19.5393 0.0261 18.8646 0.0294 18.4494 0.0217 18.3188 0.0321
124.001241 -78.738485 18 0.9790000000000001 18.8522 0.0074 18.4532 0.006999999999999999 18.1867 0.0175 18.0654 0.0291
123.961403 -78.740477 0 0.971 nan nan nan nan nan nan nan nan
123.95756200000001 -78.759798 1 0.958 nan nan nan nan 16.7307 0.1796 nan nan
124.07043200000001 -78.750315 22 0.9740000000000001 17.5271 0.0165 17.0639 0.0123 16.6492 0.0152 16.4872 0.0174
124.052449 -78.73934 1 0.97 nan nan 16.9549 0.1805 nan nan nan nan
124.08255 -78.748773 44 1.0 13.0355 0.0062 12.8096 0.0093 12.7246 0.0049 12.714 0.0047
124.04163500000001 -78.764575 60 0.9840000000000001 17.0529 0.0189 16.7256 0.0051 16.5499 0.008 16.4859 0.0073
123.97391599999999 -78.767264 57 0.983 17.0108 0.0047 16.6472 0.0057 16.4604 0.0053 16.3988 0.0048
123.920675 -78.7594 24 0.9790000000000001 19.7815 0.0185 18.8704 0.0145 17.6361 0.0072 17.1985 0.0055
123.921198 -78.73891 28 0.983 18.1962 0.006999999999999999 17.2916 0.0187 16.5096 0.0046 16.2072 0.0062
124.090845 -78.75765 52 0.9890000000000001 16.1374 0.0064 15.4039 0.0051 14.9243 0.0032 14.7322 0.0055
123.95384399999999 -78.73241800000001 11 0.966 19.4118 0.0078 19.0795 0.0105 18.9099 0.0151 nan nan
123.898991 -78.73577900000001 14 0.958 18.8942 0.0466 18.4405 0.0229 18.2927 0.0589 18.156 0.0149
123.994552 -78.725622 22 0.982 19.5191 0.0397 18.5304 0.0088 17.1536 0.0122 16.5912 0.0149
123.90283400000001 -78.766502 45 0.9840000000000001 17.1669 0.0065 16.6621 0.0095 16.3302 0.0051 16.1767 0.0059
124.09912 -78.733593 30 0.983 17.2239 0.009000000000000001 16.9095 0.0067 16.736 0.0074 16.6359 0.0061
124.029765 -78.725249 17 0.981 18.6907 0.1363 18.3826 0.0103 18.1832 0.0114 18.0807 0.0517
123.92379 -78.77072199999999 1 0.9540000000000001 nan nan 16.9942 0.2085 nan nan nan nan
123.976541 -78.775471 68 0.9840000000000001 15.8692 0.0049 15.5494 0.0045 15.3681 0.0043 15.3165 0.0042
123.903659 -78.76809200000001 49 0.987 17.2426 0.0182 16.3265 0.0097 15.1229 0.0033 14.672 0.0057
123.93446399999999 -78.725268 9 0.972 19.3262 0.0631 18.9734 0.0099 18.7376 0.0098 18.723 0.0442
123.856703 -78.746838 24 0.983 17.7026 0.0129 17.3246 0.0073 17.0839 0.0065 17.0039 0.0115
124.05018600000001 -78.722841 17 0.981 19.6225 0.016 18.7014 0.0065 17.2394 0.0124 16.6578 0.0138
123.94646399999999 -78.77864 63 0.988 14.7235 0.0053 14.3797 0.0034 14.1742 0.0032 14.1176 0.0035
123.906079 -78.724519 46 0.99 15.5095 0.0055 15.1126 0.0044 14.8973 0.0036 14.796 0.0041
123.964055 -78.781056 24 0.9790000000000001 19.1206 0.009000000000000001 18.3766 0.0064 17.9109 0.013000000000000001 17.7048 0.0103
124.05841399999998 -78.781635 35 0.982 18.0431 0.0068 17.5431 0.0093 17.2357 0.0068 17.1065 0.0075
124.181661 -78.753682 27 0.982 19.0133 0.0139 18.0412 0.0065 16.9149 0.0142 16.4624 0.0071
124.18503100000001 -78.74884499999999 8 0.973 19.0818 0.0112 18.8666 0.0086 18.6959 0.0138 18.7826 0.0203
123.842844 -78.729602 12 0.9620000000000001 19.3117 0.0172 18.9378 0.0179 18.7169 0.0286 18.6911 0.0606
124.069011 -78.715586 16 0.9790000000000001 19.3558 0.0108 18.5931 0.0068 18.1464 0.0245 17.8637 0.0265
124.188979 -78.753035 8 0.963 19.4811 0.0242 19.0592 0.0095 18.7925 0.0413 nan nan
124.07868 -78.78402700000001 1 0.951 nan nan nan nan 16.7456 0.1829 nan nan
124.102974 -78.781485 61 0.987 nan nan nan nan 14.1149 0.0037 14.0192 0.0031
124.09693100000001 -78.782573 67 0.99 15.3616 0.0072 15.0261 0.0045 14.829 0.0045 14.7764 0.0048
124.198474 -78.74792099999999 14 0.976 19.3899 0.0115 18.7793 0.0078 18.3727 0.0117 18.0635 0.0101
123.819368 -78.766924 20 0.968 19.9297 0.0534 18.9978 0.022000000000000002 18.406 0.0117 18.1562 0.009000000000000001
124.060332 -78.712721 24 0.983 17.3171 0.013000000000000001 16.9955 0.0164 16.8369 0.017 16.7972 0.0104
124.139898 -78.780514 20 0.9790000000000001 19.058 0.0086 18.6196 0.0101 18.3718 0.0258 18.2313 0.0592
123.883377 -78.715588 23 0.982 18.8316 0.0095 17.8938 0.0179 17.1446 0.0165 16.7823 0.0065
123.954051 -78.70966899999999 27 1.0 12.0629 0.0076 11.3589 0.0067 10.907 0.0125 10.6592 0.0074
123.78358700000001 -78.753085 1 0.9590000000000001 nan nan nan nan 16.8058 0.1877 nan nan
123.829172 -78.722291 24 0.983 17.6368 0.0304 16.9955 0.024 16.6 0.0133 16.3663 0.0201
123.77896799999999 -78.756337 15 0.9690000000000001 20.5323 0.0505 19.6849 0.0201 18.3858 0.0235 17.9392 0.0138
124.148049 -78.783373 64 0.982 16.3128 0.0146 15.9334 0.0082 15.716 0.0091 15.6255 0.0139
124.199047 -78.771322 1 0.953 nan nan nan nan nan nan nan nan
123.92172099999999 -78.708435 30 0.983 17.3325 0.0059 16.9337 0.0094 16.6673 0.0133 16.5667 0.0126
123.96133600000002 -78.79458699999999 57 0.985 15.9624 0.0049 15.1976 0.0038 14.6964 0.0029 14.4773 0.0057
123.772398 -78.74073100000001 13 0.98 18.5883 0.008 18.2753 0.0081 18.0965 0.0104 18.0243 0.0158
123.796378 -78.727416 17 0.981 18.5005 0.0072 18.2031 0.0105 17.99 0.006999999999999999 17.9393 0.0291
124.143451 -78.786588 71 0.9990000000000001 14.0913 0.0053 13.6838 0.0053 13.4522 0.004 13.3746 0.0034
123.82718999999999 -78.781755 33 0.982 18.1712 0.0076 17.79 0.0058 17.5189 0.0129 17.4552 0.0097
123.99720400000001 -78.703387 22 0.982 18.4462 0.0167 17.750999999999998 0.0156 17.2486 0.0142 17.0353 0.0123
123.902174 -78.706901 27 0.983 17.4007 0.0187 17.0435 0.0097 16.8521 0.0075 16.7953 0.0078
124.055904 -78.796306 65 0.985 15.5838 0.0069 15.2462 0.0067 15.058 0.0039 15.0041 0.0033
123.75406299999999 -78.754132 14 0.976 19.1131 0.0076 18.7961 0.009000000000000001 18.5763 0.0072 18.5102 0.024
123.75321000000001 -78.75086800000001 48 0.985 15.5687 0.0054 15.0706 0.0065 14.7824 0.0054 14.6719 0.0035
124.13306299999999 -78.791287 22 0.976 19.2273 0.0078 18.4671 0.0073 17.9546 0.0105 17.7026 0.021
123.75083500000001 -78.74091899999999 16 0.976 19.6638 0.0801 18.7892 0.0076 17.6716 0.0055 17.2576 0.0099
124.040598 -78.70079 19 0.976 19.5952 0.0359 18.5892 0.0242 17.6817 0.0146 17.3238 0.0107
124.07671200000001 -78.70234 41 0.986 15.4622 0.0058 15.0518 0.0076 14.8376 0.0055 14.7705 0.0046
124.15029799999999 -78.70915 37 0.9840000000000001 16.5344 0.0046 16.1097 0.0046 15.8453 0.0059 15.7545 0.006999999999999999
123.77064299999999 -78.773491 0 0.98 nan nan nan nan nan nan nan nan
124.014248 -78.699402 18 0.98 18.8144 0.0084 18.1982 0.0376 17.8324 0.0099 17.6501 0.0218
124.261436 -78.74696999999999 41 0.985 16.3919 0.0091 15.8302 0.0073 15.4563 0.0115 15.2873 0.0042
123.840597 -78.790912 19 0.971 19.1866 0.0142 18.7919 0.0104 18.5488 0.0193 18.5127 0.066
124.26043600000001 -78.742325 14 0.972 19.9081 0.0177 18.9369 0.0084 18.087 0.0106 17.7408 0.0189
124.20521799999999 -78.78256 24 0.981 18.6029 0.0081 17.9795 0.01 17.621 0.0087 17.4527 0.0118
123.768882 -78.724843 38 0.986 15.4507 0.0053 15.0918 0.0071 14.9019 0.0041 14.8316 0.0044
123.74337 -78.735923 25 0.983 17.6352 0.0061 17.1015 0.0067 16.753 0.0123 16.6305 0.0099
124.26693999999999 -78.75057199999999 14 0.9790000000000001 19.0839 0.0123 18.4612 0.0086 18.0925 0.0152 17.785 0.016
123.77391399999999 -78.722326 15 0.98 18.3447 0.0094 18.0527 0.0111 17.8893 0.008 17.9076 0.0152
124.15930700000001 -78.708102 26 0.983 18.0484 0.0091 17.4913 0.0138 17.1502 0.0067 17.0155 0.0077
123.730607 -78.75200500000001 52 0.992 15.2942 0.0079 14.9811 0.004 14.812999999999999 0.0032 14.7641 0.0036
123.91418700000001 -78.800235 25 0.9790000000000001 18.4762 0.022000000000000002 18.0867 0.0061 17.9032 0.0207 17.8285 0.013000000000000001
124.24401 -78.726721 16 0.977 19.0655 0.0105 18.6712 0.0125 18.3158 0.0107 18.2065 0.0433
123.98163000000001 -78.80299699999999 29 0.975 18.2981 0.0331 17.8917 0.015 17.6102 0.0071 17.4922 0.0223
123.921173 -78.69906800000001 44 0.997 14.1365 0.006999999999999999 13.8812 0.0044 13.7658 0.0048 13.741 0.0037
123.721579 -78.741743 14 0.9690000000000001 19.527 0.0179 18.8366 0.0182 18.2935 0.0256 18.2001 0.0095
123.83610300000001 -78.79530799999999 39 0.9840000000000001 18.734 0.0484 17.7994 0.0084 16.7884 0.0066 16.3778 0.0126
124.093387 -78.802379 48 0.997 12.6408 0.0109 12.093 0.0125 11.6983 0.0074 11.5333 0.0098
123.896918 -78.801733 11 0.9620000000000001 19.2906 0.013999999999999999 18.9947 0.0084 18.794 0.0119 nan nan
124.11220900000001 -78.698885 54 0.9840000000000001 15.6444 0.0047 15.3295 0.0042 15.1157 0.0068 15.0358 0.0037
123.73493 -78.728447 9 0.963 19.3598 0.0081 18.9785 0.0081 18.7349 0.01 18.551 0.021
124.282808 -78.760529 75 0.985 15.856 0.0092 15.585 0.0031 15.4187 0.0073 15.3578 0.0064
124.15781000000001 -78.797046 44 0.983 17.8729 0.0067 16.9444 0.005 16.0649 0.0051 15.7258 0.0047
123.77839399999999 -78.786407 37 0.983 18.1598 0.006 17.2926 0.0117 16.5689 0.0059 16.2846 0.0081
124.14998899999999 -78.798373 1 0.972 nan nan 16.8987 0.1557 nan nan nan nan
124.10253600000001 -78.802912 42 0.988 14.661 0.0101 14.3046 0.0058 14.0966 0.0062 14.0288 0.008
124.219604 -78.78744300000001 35 0.982 17.8031 0.0235 17.4876 0.011000000000000001 17.3019 0.0116 17.2163 0.0099
124.05530800000001 -78.805901 19 0.978 19.8722 0.0107 18.8579 0.0088 17.8473 0.013999999999999999 17.4213 0.018000000000000002
124.19465500000001 -78.707053 15 0.965 20.1801 0.021 19.3515 0.0134 18.1633 0.0092 17.7134 0.0192
124.285642 -78.763991 0 0.968 nan nan nan nan nan nan nan nan
124.151271 -78.799356 36 0.982 18.0774 0.0167 17.3919 0.0068 16.9231 0.0052 16.7333 0.011000000000000001
123.736752 -78.724319 20 0.983 17.8813 0.0226 17.3608 0.0161 17.0535 0.0169 16.934 0.0068
123.935363 -78.69376199999999 19 0.98 19.8996 0.0103 18.9931 0.0101 17.4844 0.0062 16.9277 0.0076
124.264215 -78.723811 50 0.985 15.9772 0.0074 15.6346 0.0038 15.4466 0.0058 15.3813 0.0056
124.284568 -78.766534 38 0.977 18.2117 0.0361 17.9341 0.0135 17.7603 0.0204 17.6936 0.0175
123.817355 -78.70411700000001 30 0.986 16.5125 0.0056 16.1546 0.0134 15.9517 0.0119 15.8612 0.0058
124.15107900000001 -78.69972299999999 39 0.9840000000000001 16.7814 0.0081 16.1499 0.0056 15.7437 0.0089 15.5634 0.0053
124.166459 -78.701509 13 0.97 18.9246 0.0125 18.5404 0.01 18.2725 0.0068 18.2066 0.0293
123.91331100000001 -78.80611400000001 0 0.966 nan nan nan nan nan nan nan nan
123.770096 -78.787851 53 0.976 17.4789 0.0189 17.0029 0.0207 16.7794 0.0097 16.6689 0.0104
124.28816200000001 -78.766944 6 0.9690000000000001 nan nan 18.582 0.012 18.2563 0.0205 18.2732 0.0193
124.30030900000001 -78.742541 15 0.971 19.3099 0.0218 18.8558 0.0223 18.5341 0.0149 18.4272 0.0167
123.76433600000001 -78.788268 1 0.963 nan nan nan nan nan nan nan nan
123.85779299999999 -78.803325 15 0.975 19.5352 0.0362 18.7632 0.0061 18.2802 0.0068 18.0182 0.0293
124.12066399999999 -78.694693 28 0.983 18.7317 0.0253 17.8009 0.0072 17.0777 0.0104 16.7677 0.0123
123.74869199999999 -78.785007 23 0.981 18.3903 0.0065 18.0335 0.0114 17.848 0.0242 17.8353 0.015
123.919301 -78.80847 62 0.987 15.292 0.0046 14.794 0.0041 14.5282 0.0037 14.415 0.0032
124.276848 -78.722554 40 0.983 16.8204 0.0115 16.3233 0.0057 16.0081 0.0037 15.8827 0.0043
123.922436 -78.690834 44 0.983 17.8037 0.0158 17.0091 0.0064 16.1707 0.0073 15.8337 0.0082
123.823373 -78.698452 39 0.9840000000000001 16.2769 0.0078 15.9083 0.005 15.6925 0.0075 15.5966 0.0044
123.97376100000001 -78.812125 55 0.99 17.0221 0.012 16.741 0.0053 16.563 0.0035 16.5242 0.0077
123.687977 -78.734995 39 0.9840000000000001 15.958 0.0094 15.5975 0.0059 15.3976 0.0099 15.3301 0.0053
123.80031799999999 -78.700592 23 0.982 18.3303 0.0071 17.9285 0.0054 17.6657 0.0154 17.5278 0.0236
123.79896299999999 -78.799492 66 0.99 14.8331 0.0045 14.5467 0.0033 14.4023 0.0036 14.3677 0.0039
123.81360500000001 -78.802306 65 0.996 14.6398 0.0049 14.3003 0.0034 14.1291 0.0046 14.0842 0.0037
123.957641 -78.81383100000001 1 0.956 nan nan nan nan 16.8531 0.1876 nan nan
124.289556 -78.719273 55 0.992 15.117 0.0059 14.7111 0.0086 14.4768 0.0046 14.3906 0.0041
124.137 -78.691457 70 0.9940000000000001 14.6643 0.0043 14.3801 0.0034 14.2256 0.0042 14.1926 0.0035
124.19129699999999 -78.80282 1 0.9520000000000001 nan nan nan nan 16.7588 0.1791 nan nan
123.93130500000001 -78.813451 1 0.9540000000000001 nan nan nan nan 17.0769 0.1589 nan nan
123.695396 -78.723421 14 0.978 18.8331 0.0226 18.496 0.01 18.259 0.0231 18.1488 0.0361
124.275244 -78.71275 60 0.997 14.5564 0.0051 14.208 0.0038 13.9986 0.0047 13.9221 0.0035
123.901944 -78.812727 62 0.986 15.4847 0.0038 15.055 0.0038 14.8043 0.0036 14.7269 0.0035
123.673864 -78.73429 8 0.9640000000000001 nan nan 18.8055 0.013000000000000001 18.3916 0.0172 18.354 0.0182
124.048639 -78.815113 1 0.9590000000000001 nan nan nan nan 16.7372 0.2015 nan nan
123.956782 -78.684635 24 0.98 18.5701 0.01 18.2121 0.0064 17.9799 0.0262 17.9268 0.0173
124.166641 -78.692582 13 0.9670000000000001 19.4643 0.0207 19.1531 0.0115 18.875 0.0153 nan nan
124.299444 -78.71909699999999 26 0.983 17.8764 0.0155 17.0756 0.0206 16.4938 0.0112 16.2544 0.0061
123.99474599999999 -78.683788 24 0.9790000000000001 18.8517 0.0066 18.3425 0.0092 18.0261 0.0095 17.8825 0.0165
124.340131 -78.75149 1 0.955 nan nan nan nan nan nan 17.1251 0.1722
124.29524199999999 -78.71680500000001 31 0.983 17.7016 0.0121 17.4164 0.0213 17.1889 0.0108 17.0926 0.0062
123.761624 -78.797801 25 0.98 18.4268 0.0066 17.8704 0.0051 17.5609 0.0105 17.4359 0.0143
124.11973200000001 -78.687501 51 0.983 16.7465 0.0061 16.4792 0.0052 16.3096 0.0055 16.2872 0.0041
123.66807299999999 -78.733048 22 0.982 17.7714 0.0277 17.3864 0.0247 17.1872 0.005 17.1426 0.0129
123.656517 -78.74499300000001 24 0.983 18.1595 0.0156 17.2627 0.01 16.5162 0.0095 16.2464 0.0055
124.344306 -78.745813 44 0.9840000000000001 16.0875 0.005 15.7136 0.0047 15.5116 0.0073 15.455 0.0064
124.282257 -78.789211 41 0.9840000000000001 17.7347 0.0126 17.2128 0.0113 16.8874 0.008 16.7621 0.0071
124.13631000000001 -78.68785799999999 50 0.983 17.1571 0.0081 16.7486 0.008 16.5043 0.0062 16.3974 0.0128
123.88794299999999 -78.81412900000001 60 0.9840000000000001 16.1783 0.0062 15.8651 0.0086 15.6596 0.0052 15.6161 0.0049
123.65650900000001 -78.760535 21 0.978 19.4886 0.0362 18.5696 0.0074 17.7335 0.0103 17.4445 0.0068
124.290778 -78.71270200000001 20 0.982 nan nan 18.2786 0.0157 17.2653 0.0039 16.8555 0.0075
124.349526 -78.747452 35 0.983 17.3359 0.0081 16.9554 0.0075 16.737000000000002 0.0139 16.6221 0.0055
124.21973100000001 -78.695723 64 0.9790000000000001 16.3754 0.0124 16.0856 0.0204 15.9469 0.0311 15.8929 0.0377
124.284348 -78.791713 12 0.95 19.0525 0.0114 18.7148 0.0092 18.5055 0.012 18.4379 0.0216
124.24176299999999 -78.801362 13 0.97 19.5139 0.0186 19.1408 0.0103 18.9278 0.0328 18.9558 0.0568
123.821596 -78.81054 41 0.982 17.4206 0.0213 17.1084 0.0144 16.9265 0.0052 16.903 0.0121
124.153746 -78.68684499999999 16 0.971 19.2856 0.0109 18.8181 0.0193 18.5611 0.0351 18.4113 0.0399
123.653843 -78.731286 21 0.98 17.8329 0.0127 17.319000000000003 0.0131 16.9905 0.0182 16.843 0.0065
124.35416200000002 -78.73711800000001 19 0.978 18.8107 0.0132 18.2448 0.0081 17.8637 0.0108 17.7298 0.0121
124.36123 -78.743561 1 0.96 nan nan 17.0351 0.2147 nan nan nan nan
124.21266399999999 -78.692441 31 0.978 18.3646 0.0134 18.1766 0.0335 18.0399 0.0115 18.0228 0.0129
123.639275 -78.764129 18 0.9790000000000001 18.9667 0.0068 18.5084 0.0139 18.2137 0.0196 18.0929 0.0436
124.32318799999999 -78.715747 52 0.988 14.8198 0.0048 14.5183 0.0042 14.364 0.0041 14.3382 0.0035
124.206383 -78.80981 21 0.9640000000000001 18.6445 0.0123 18.3524 0.0105 18.1235 0.0136 18.1246 0.0268
124.27478700000002 -78.701853 42 0.983 16.7365 0.0073 16.4212 0.0059 16.2724 0.0068 16.2271 0.0048
124.014269 -78.822437 17 0.9790000000000001 18.9886 0.0132 18.3512 0.0118 17.932000000000002 0.0067 17.7567 0.0225
124.36793300000001 -78.73595300000001 34 0.9840000000000001 16.8989 0.0109 16.4675 0.0058 16.1526 0.0052 16.0303 0.0045
123.910776 -78.821392 25 0.9740000000000001 19.9541 0.013000000000000001 18.9116 0.0075 17.5438 0.0114 17.0056 0.013000000000000001
124.260628 -78.696586 51 0.983 17.5055 0.0094 17.0811 0.0146 16.8338 0.0096 16.736 0.0079
124.21976599999999 -78.68979200000001 61 0.9840000000000001 16.5489 0.0036 16.048 0.0041 15.7358 0.0057 15.6118 0.004
123.768128 -78.808653 1 0.9570000000000001 nan nan 16.9956 0.1893 nan nan nan nan
123.98516799999999 -78.823981 25 0.982 18.1728 0.0095 17.8269 0.0131 17.6381 0.0109 17.5679 0.032
124.16326699999999 -78.816927 44 0.9840000000000001 17.391 0.006999999999999999 16.6307 0.0056 16.119 0.0041 15.9132 0.0098
124.35353700000002 -78.77743199999999 36 0.981 18.743 0.0678 17.9667 0.0198 17.3502 0.0188 17.0553 0.0083
124.330777 -78.713228 16 0.9690000000000001 nan nan 19.3392 0.0114 18.0545 0.012 17.5827 0.0126
124.32361399999999 -78.710697 34 0.9840000000000001 17.1435 0.0059 16.5702 0.0087 16.1723 0.0065 16.0081 0.0039
124.38238899999999 -78.75300899999999 1 0.9670000000000001 nan nan nan nan 16.5359 0.1588 nan nan
123.70518899999999 -78.798052 14 0.9570000000000001 20.1314 0.0483 19.3119 0.0238 18.5938 0.0085 18.2908 0.0229
124.361418 -78.77601999999999 1 0.9690000000000001 nan nan nan nan 16.9423 0.1358 nan nan
124.063457 -78.67586700000001 17 0.975 19.1672 0.0069 18.7625 0.0153 18.4898 0.0157 18.3398 0.0116
124.27298600000002 -78.804569 1 0.95 16.8582 0.1883 nan nan nan nan nan nan
123.62491299999999 -78.77162 24 0.9790000000000001 18.5725 0.0082 18.2323 0.0071 18.021 0.0061 17.9719 0.0123
124.012042 -78.67375200000001 30 0.978 18.2241 0.0088 17.8034 0.0328 17.5121 0.0183 17.4206 0.0335
124.34503400000001 -78.786991 0 0.978 nan nan nan nan nan nan nan nan
124.281626 -78.69631700000001 35 0.981 18.8495 0.0106 18.215 0.0138 17.7524 0.013000000000000001 17.5647 0.0132
124.138686 -78.677658 44 0.9840000000000001 17.7002 0.0083 17.2095 0.013999999999999999 16.8876 0.0073 16.7566 0.0116
123.60736899999999 -78.760564 45 0.997 12.5623 0.0111 12.3036 0.0045 12.1995 0.0054 12.1879 0.005
124.20265 -78.68336 77 0.9990000000000001 15.0063 0.0029 14.3881 0.003 13.9584 0.0039 13.7638 0.0027
124.11908000000001 -78.824262 56 0.982 17.0179 0.0051 16.6424 0.0084 16.4116 0.0048 16.3408 0.0054
123.94926299999999 -78.827791 9 0.9540000000000001 20.1168 0.0125 19.4167 0.0097 19.1272 0.0122 18.8727 0.04
123.605267 -78.766248 34 0.983 18.544 0.0286 17.6036 0.0092 16.6414 0.0074 16.2716 0.0044
124.096645 -78.673375 26 0.975 19.5574 0.0103 18.6384 0.0085 17.846 0.0122 17.4795 0.0275
124.40229199999999 -78.74068 12 0.977 19.8582 0.018000000000000002 18.9542 0.0082 18.2584 0.01 18.0114 0.0459
123.788045 -78.682615 38 0.985 17.0 0.0049 16.6563 0.0049 16.4602 0.0067 16.3966 0.0067
124.362187 -78.785894 17 0.973 18.9957 0.0091 18.7728 0.0128 18.5844 0.0234 18.5398 0.0271
124.387175 -78.725786 13 0.9740000000000001 19.1424 0.0109 18.7731 0.0175 18.5444 0.0058 18.3835 0.0456
124.11800500000001 -78.673674 22 0.98 18.674 0.0056 18.3387 0.0119 18.1349 0.0158 18.0938 0.0278
124.31414 -78.80149399999999 30 0.98 19.5277 0.0092 18.5934 0.0127 17.5097 0.0115 17.0586 0.0081
124.24256299999999 -78.815017 1 0.955 nan nan 16.9995 0.1853 nan nan nan nan
124.346176 -78.793739 43 0.982 17.9541 0.0067 17.2594 0.0084 16.8356 0.0075 16.654 0.0086
124.12591599999999 -78.826882 1 0.958 nan nan 16.7733 0.1843 nan nan nan nan
124.339918 -78.796255 63 0.983 16.0113 0.0057 15.6536 0.006 15.4575 0.0057 15.4009 0.0049
123.78486299999999 -78.81951 60 0.998 14.0661 0.0059 13.7618 0.0038 13.6009 0.0032 13.5701 0.0032
123.73919 -78.813459 1 0.9640000000000001 16.8818 0.1834 nan nan nan nan nan nan
123.611475 -78.72064 16 0.978 19.7268 0.0312 18.7439 0.0078 17.7507 0.0118 17.3553 0.0119
124.375295 -78.785989 18 0.975 19.0558 0.0116 18.6601 0.0088 18.4177 0.0149 18.3703 0.0277
124.305019 -78.69363299999999 42 0.9840000000000001 17.8279 0.0049 17.2832 0.0069 16.9074 0.0081 16.7229 0.0069
123.77068200000001 -78.681252 29 0.981 19.1321 0.0108 18.1918 0.0059 17.108 0.0068 16.6696 0.0082
124.358594 -78.793882 0 0.951 nan nan nan nan nan nan nan nan
123.57743700000002 -78.744848 18 0.977 19.0729 0.0152 18.2877 0.0081 17.7308 0.0083 17.5185 0.0121
124.41318999999999 -78.731272 26 0.982 17.7003 0.0072 17.1997 0.0057 16.9309 0.0061 16.8354 0.0193
124.410974 -78.728662 13 0.953 19.3223 0.0325 18.7438 0.0116 18.345 0.0118 18.1587 0.0148
124.330533 -78.697819 20 0.961 20.0527 0.0136 19.1745 0.0276 18.1047 0.0058 17.6656 0.0166
123.59049099999999 -78.726487 41 0.987 15.3842 0.0079 15.0262 0.004 14.837 0.0072 14.7756 0.0065
124.33774 -78.698368 16 0.973 19.6634 0.0201 18.8404 0.0149 18.0119 0.0127 17.7404 0.013000000000000001
123.614418 -78.787289 33 0.983 17.7849 0.012 17.1879 0.0077 16.7896 0.0074 16.6082 0.0045
123.582551 -78.730278 13 0.963 20.4942 0.0191 19.4942 0.0083 18.1707 0.0099 17.6676 0.0165
124.427254 -78.761218 18 0.9620000000000001 18.9911 0.011000000000000001 18.6639 0.0056 18.5447 0.0158 18.3951 0.0119
123.571945 -78.76037099999999 21 0.98 18.2641 0.0977 18.0286 0.0268 17.7979 0.0151 17.7835 0.0219
123.93771799999999 -78.666752 66 0.993 15.3867 0.0052 15.0769 0.0062 14.8998 0.0051 14.8491 0.0034
123.77618400000001 -78.678148 18 0.9690000000000001 20.2275 0.0096 19.2539 0.0093 18.1346 0.0156 17.6733 0.0154
123.79438700000001 -78.82478 13 0.956 19.6878 0.0079 19.0068 0.0075 18.5291 0.0294 18.3772 0.0318
123.585594 -78.77627 55 0.9840000000000001 16.6718 0.0084 16.3058 0.0038 16.0932 0.0038 16.0262 0.0073
123.6064 -78.713779 11 0.965 19.2542 0.0088 18.7579 0.0094 18.3899 0.0119 18.3185 0.0475
124.24326200000002 -78.67938000000001 1 0.95 nan nan nan nan nan nan nan nan
124.107373 -78.83265899999999 68 0.993 15.2609 0.0087 14.9124 0.0041 14.7023 0.004 14.6401 0.0039
123.674127 -78.807112 21 0.981 18.3598 0.0089 18.1397 0.0148 17.9867 0.0185 17.8917 0.0288
123.612849 -78.70985 10 0.953 nan nan 19.8066 0.0455 18.2964 0.0121 17.7131 0.0256
123.70493 -78.81365100000001 28 0.982 17.9543 0.0117 17.6722 0.0065 17.5026 0.0142 17.4362 0.0198
123.657504 -78.80449899999999 56 0.998 13.7321 0.0065 13.2069 0.0039 12.8647 0.0034 12.7223 0.0051
124.06038999999998 -78.835596 40 0.982 18.2797 0.0213 17.3975 0.0082 16.6825 0.0095 16.3986 0.0058
124.357836 -78.699156 36 0.983 16.6859 0.008 16.2623 0.0047 15.9781 0.0078 15.8897 0.0054
123.64625600000001 -78.697682 23 0.982 18.1731 0.0083 17.6149 0.0057 17.2496 0.0193 17.1059 0.0227
123.898374 -78.664852 45 0.983 17.1348 0.005 16.5248 0.0119 15.8404 0.0059 15.5415 0.0075
124.304845 -78.685721 22 0.98 18.6524 0.0067 18.324 0.0127 18.1264 0.0103 18.0587 0.0097
123.59335 -78.711776 9 0.953 19.4081 0.0097 19.0537 0.0151 18.8799 0.0163 18.5793 0.0334
123.973243 -78.838037 12 0.971 18.9951 0.0131 18.7851 0.0069 18.5996 0.0081 18.463 0.0624
123.69386899999999 -78.685058 27 0.98 18.9421 0.0088 18.2095 0.0064 17.6922 0.0094 17.4835 0.016
124.029393 -78.661713 50 0.987 17.1361 0.0226 16.8106 0.0205 16.6013 0.0161 16.5396 0.018000000000000002
124.312545 -78.814725 67 0.995 12.8358 0.0068 12.7198 0.0048 12.7039 0.0043 12.7332 0.0037
123.60169099999999 -78.793609 38 0.983 17.3819 0.0075 16.9993 0.009000000000000001 16.7587 0.0042 16.6524 0.005
124.24055800000001 -78.82627 40 0.9940000000000001 17.3033 0.0117 16.6244 0.0057 16.1802 0.0064 16.0077 0.0083
124.45778999999999 -78.75629599999999 14 0.971 19.5382 0.0098 18.9642 0.0177 18.6325 0.0241 18.5117 0.0425
123.54139599999999 -78.755064 10 0.961 19.4434 0.0405 18.9209 0.0147 18.614 0.0402 18.4468 0.0407
123.594866 -78.70806400000001 20 0.983 18.084 0.0081 17.1962 0.0058 16.4563 0.0067 16.1534 0.0049
124.22445400000001 -78.828354 18 0.961 19.7996 0.0235 18.9678 0.0164 18.1419 0.0149 17.7681 0.0207
124.189549 -78.66824100000001 1 0.978 nan nan nan nan nan nan nan nan
124.320852 -78.685408 42 0.982 18.0142 0.0053 17.5937 0.0062 17.3216 0.0053 17.2279 0.0099
124.387773 -78.79928000000001 44 0.982 17.5496 0.0056 17.2002 0.0095 16.9815 0.0081 16.9336 0.0115
124.098529 -78.661891 17 0.9690000000000001 19.3877 0.0159 18.9274 0.0164 18.6783 0.027000000000000003 18.5079 0.0176
124.144875 -78.835942 1 0.966 nan nan nan nan 16.6622 0.149 nan nan
124.209782 -78.669296 1 0.982 nan nan nan nan nan nan nan nan
124.208327 -78.668701 34 0.982 18.1654 0.0091 17.9578 0.0158 17.8046 0.0115 17.774 0.0127
124.04868300000001 -78.84066 41 0.982 18.1124 0.03 17.542 0.0058 17.1227 0.0105 16.9544 0.0149
123.66983 -78.68539399999999 18 0.978 18.6681 0.006 18.4445 0.0072 18.3569 0.0148 18.3318 0.0414
123.61196299999999 -78.698601 21 0.98 18.3891 0.0114 18.0448 0.0107 17.8097 0.0202 17.7326 0.0257
124.084034 -78.659827 26 0.977 20.048 0.013999999999999999 19.1266 0.0078 17.838 0.008 17.3488 0.011000000000000001
123.54557199999999 -78.774378 27 0.981 18.9041 0.006999999999999999 18.026 0.011000000000000001 17.3868 0.0139 17.0933 0.0138
124.460591 -78.730179 23 0.981 18.3653 0.0117 18.1169 0.0071 18.0273 0.0053 17.9353 0.0302
123.77094 -78.830682 32 0.977 17.7844 0.013000000000000001 17.515 0.0076 17.3367 0.021 17.2937 0.0223
123.746496 -78.67215999999999 31 0.983 17.8902 0.0116 17.2179 0.0049 16.6978 0.0081 16.4942 0.0065
123.582051 -78.706435 23 0.9840000000000001 17.6059 0.0078 17.2324 0.0093 17.0502 0.0107 16.969 0.0128
124.474604 -78.74922 43 0.983 16.6113 0.008 16.3074 0.0048 16.1388 0.0058 16.1059 0.0045
124.46176899999999 -78.771821 1 0.9640000000000001 nan nan nan nan 16.8743 0.1234 nan nan
123.85925300000001 -78.83856800000001 47 0.983 17.9594 0.0114 17.1145 0.0162 16.4231 0.0078 16.1164 0.0096
124.47379099999999 -78.75919 1 0.9590000000000001 nan nan nan nan 17.0703 0.1671 nan nan
124.222371 -78.66793100000001 0 0.953 nan nan nan nan nan nan nan nan
123.611877 -78.804124 14 0.976 19.8205 0.0424 19.0913 0.0183 18.5867 0.0153 18.4148 0.0217
123.819073 -78.836027 45 0.981 17.4908 0.0085 17.0701 0.0112 16.8141 0.0071 16.7487 0.0156
124.40179199999999 -78.700138 14 0.9740000000000001 19.3346 0.019 18.6258 0.0358 18.0937 0.0087 17.7916 0.044000000000000004
123.567315 -78.790467 12 0.96 20.2471 0.0443 19.3654 0.0264 18.7959 0.0139 18.563 0.0416
124.030368 -78.656534 34 0.981 18.0875 0.0099 17.7648 0.0059 17.6059 0.0084 17.5497 0.0158
124.386377 -78.69364300000001 36 0.985 18.0132 0.0094 17.4994 0.006 17.1459 0.0041 17.0023 0.0063
124.477805 -78.76496 1 0.955 nan nan 17.2172 0.1976 nan nan nan nan
124.061219 -78.843644 10 0.9540000000000001 nan nan nan nan 18.0923 0.0174 17.5939 0.0268
123.881382 -78.841564 57 0.987 16.2477 0.0122 15.6554 0.0048 15.2676 0.0036 15.1138 0.0053
123.79348200000001 -78.83553 51 0.982 16.8555 0.0127 16.5448 0.0066 16.3139 0.006 16.2118 0.006
124.484894 -78.75367 1 0.963 nan nan nan nan 16.9923 0.1851 nan nan
124.309293 -78.677221 44 0.982 18.4013 0.0075 17.7598 0.0056 17.3187 0.0113 17.142 0.0131
123.52948899999998 -78.72688000000001 20 0.983 17.9433 0.0185 17.554000000000002 0.0203 17.2802 0.013000000000000001 17.1887 0.0141
124.059 -78.655906 18 0.9540000000000001 20.3056 0.1244 19.5305 0.0471 18.5658 0.0142 18.1728 0.0461
123.529977 -78.725263 17 0.9790000000000001 18.8348 0.0091 18.1669 0.0329 17.7163 0.0113 17.557000000000002 0.0145
123.621055 -78.690382 42 0.985 15.6887 0.0054 15.2463 0.0057 14.9186 0.0073 14.7782 0.005
124.486057 -78.760269 25 0.9790000000000001 18.5809 0.0076 18.1288 0.0105 17.8937 0.0228 17.7561 0.0302
124.42404599999999 -78.702798 47 0.9890000000000001 14.582 0.0041 14.1463 0.006 13.8846 0.0035 13.7898 0.0038
123.58119599999999 -78.79956700000001 32 0.983 17.6286 0.0072 16.8552 0.0046 16.2961 0.004 16.0578 0.005
124.344917 -78.682428 18 0.961 19.3433 0.0161 18.8777 0.0075 18.5467 0.0083 18.3366 0.0436
123.982495 -78.84562 40 0.983 17.819000000000003 0.0097 17.4581 0.0109 17.2372 0.0077 17.1751 0.0165
124.056308 -78.845174 65 0.9890000000000001 16.4474 0.0082 16.1379 0.0071 15.9647 0.0104 15.9005 0.0091
123.570575 -78.797015 10 0.9540000000000001 19.9444 0.0106 19.3926 0.015 19.0078 0.0169 nan nan
124.24745300000001 -78.66713399999999 45 0.983 17.7068 0.0077 17.3737 0.0056 17.155 0.0091 17.1007 0.0123
124.305457 -78.674655 81 0.993 15.1773 0.0047 14.8945 0.0045 14.7206 0.0028 14.6885 0.0032
124.35918899999999 -78.683881 27 0.977 20.2253 0.0094 19.3577 0.0201 17.8627 0.0126 17.3181 0.0131
123.65573300000001 -78.820289 15 0.971 19.2536 0.0274 18.7957 0.0221 18.5587 0.0326 18.3803 0.0975
124.392626 -78.690577 61 0.992 16.4388 0.0088 16.2393 0.0049 16.1529 0.0049 16.1402 0.0054
123.50465700000001 -78.761075 14 0.966 20.2977 0.0202 19.4215 0.0719 18.1808 0.0203 17.7292 0.0446
124.339968 -78.679079 76 0.986 15.5968 0.0039 15.2194 0.006 15.0012 0.0036 14.9403 0.0033
124.47773799999999 -78.72199499999999 16 0.971 19.0807 0.0259 18.7684 0.0117 18.5997 0.0154 18.5033 0.0155
124.38938600000002 -78.811306 39 0.982 18.8144 0.0097 17.8572 0.0077 16.5571 0.0078 16.0 0.0143
123.721406 -78.831147 44 0.986 16.6364 0.0051 16.2988 0.0062 16.0902 0.0079 16.0387 0.012
124.358814 -78.818282 15 0.9620000000000001 19.4468 0.024 18.991 0.0222 18.7413 0.0118 18.5325 0.016
124.451071 -78.792677 30 0.977 18.0186 0.0052 17.5199 0.0046 17.2016 0.0065 17.0703 0.0144
123.62178600000001 -78.685898 33 0.983 16.8937 0.0063 16.6042 0.0069 16.4227 0.0099 16.3704 0.0109
123.67318799999998 -78.824547 22 0.981 18.7997 0.0158 18.3317 0.0143 18.0277 0.0229 17.8761 0.0344
123.49900600000001 -78.757133 16 0.9790000000000001 18.9622 0.0132 18.1096 0.0211 17.544 0.013000000000000001 17.2916 0.0197
124.503693 -78.747943 11 0.9520000000000001 19.7 0.0174 19.2733 0.0215 19.049 0.0263 nan nan
123.501305 -78.736221 14 0.963 19.0692 0.0085 18.4084 0.0097 18.0276 0.0161 17.9118 0.0148
123.54816000000001 -78.794213 12 0.9740000000000001 19.378 0.023 18.6187 0.0207 18.1621 0.0088 17.954 0.0097
123.82144699999999 -78.657735 15 0.9540000000000001 20.5138 0.075 19.6083 0.0115 18.3779 0.0136 17.8967 0.0282
124.16789399999999 -78.65693 68 0.982 16.5197 0.0095 16.1828 0.0073 16.0276 0.0089 15.957 0.0083
124.308923 -78.828695 1 0.9540000000000001 nan nan 16.9317 0.2033 nan nan nan nan
124.319603 -78.673248 36 0.977 20.0139 0.0532 19.1197 0.0069 17.5875 0.0131 17.0298 0.0101
123.97423300000001 -78.849035 13 0.95 19.7078 0.0105 19.2701 0.0097 18.9246 0.0173 18.7883 0.0228
124.46757 -78.78948199999999 36 0.982 17.8508 0.017 17.1515 0.0092 16.6998 0.0088 16.4987 0.0117
124.21326200000001 -78.65996700000001 85 0.998 13.321 0.0034 12.7422 0.0043 12.3537 0.0037 12.1978 0.0037
124.43511000000001 -78.801925 33 0.98 18.3837 0.0077 17.5818 0.0044 17.0065 0.0059 16.7612 0.0069
124.086091 -78.848164 1 0.9570000000000001 nan nan nan nan 16.6741 0.1798 nan nan
124.510033 -78.759819 26 0.965 20.3111 0.0183 19.39 0.0119 17.9329 0.011000000000000001 17.3371 0.0125
124.052981 -78.849836 55 0.9990000000000001 16.8156 0.0076 16.4197 0.0051 16.1762 0.0038 16.0843 0.0052
123.695315 -78.669198 20 0.976 18.7806 0.0062 18.3612 0.024 18.1235 0.0101 18.0283 0.0229
123.904322 -78.65100799999999 17 0.9790000000000001 19.179000000000002 0.023 18.5298 0.0069 18.1191 0.0178 17.9535 0.0321
123.66123200000001 -78.674131 28 0.98 19.1637 0.0097 18.3281 0.0093 17.6643 0.0116 17.3758 0.0274
123.528256 -78.791517 54 0.991 14.8462 0.0058 14.4806 0.0041 14.2686 0.0049 14.1946 0.004
123.70258700000001 -78.66749899999999 40 0.983 17.2461 0.0068 16.9297 0.0055 16.7676 0.0047 16.7157 0.0051
123.92493600000002 -78.650059 9 0.951 19.6738 0.0571 19.3549 0.0073 19.1639 0.0242 18.9369 0.0312
124.227205 -78.840983 10 0.9570000000000001 19.5369 0.0078 19.2368 0.0145 18.8735 0.0152 18.8225 0.033
123.482188 -78.744858 24 0.983 17.9488 0.0097 17.0446 0.0127 16.3568 0.0083 16.0808 0.0045
123.68308700000001 -78.66976700000001 22 0.98 18.3938 0.0055 18.0864 0.0086 17.9035 0.0082 17.8632 0.0293
123.503235 -78.720176 33 0.991 14.8374 0.0073 14.3772 0.0047 14.0643 0.0058 13.9223 0.0055
124.30175200000001 -78.66721899999999 32 0.981 18.7469 0.009000000000000001 18.1986 0.0074 17.8615 0.0069 17.6977 0.0171
123.648853 -78.826309 28 0.98 17.6713 0.0088 17.4437 0.0192 nan nan 17.2546 0.0267
124.365486 -78.67652700000001 38 0.982 19.392 0.027000000000000003 18.425 0.0203 17.0309 0.0093 16.5002 0.0061
123.529896 -78.704249 37 0.9840000000000001 15.7328 0.0062 15.2249 0.0065 14.936 0.0055 14.7937 0.0041
124.158753 -78.848028 32 0.98 18.302 0.0084 17.9396 0.0046 17.7339 0.008 17.6076 0.0176
123.856799 -78.848951 35 0.982 18.0924 0.0093 17.5729 0.0055 17.2185 0.0125 17.0808 0.0209
124.496851 -78.71620300000001 36 0.985 17.4826 0.0071 16.8218 0.0102 16.3523 0.0066 16.164 0.0064
124.33707 -78.671059 1 0.96 nan nan nan nan nan nan nan nan
124.399955 -78.81763000000001 63 0.983 16.5924 0.0037 16.2955 0.0035 16.1152 0.0054 16.0825 0.0066
123.492395 -78.779462 40 0.965 17.3396 0.023 17.0398 0.0282 16.857 0.0307 16.6743 0.0506
123.647246 -78.82765500000001 16 0.976 nan nan 18.8384 0.0195 17.5632 0.0122 nan nan
123.79931499999999 -78.653834 45 0.983 17.4584 0.0214 17.1171 0.0092 16.9202 0.0178 16.8424 0.0163
123.896723 -78.852108 14 0.975 19.248 0.0193 18.9798 0.0088 18.7653 0.0137 18.5518 0.0569
123.99972 -78.854228 46 1.0 12.1042 0.0056 11.4349 0.0038 10.9902 0.005 10.770999999999999 0.004
123.497598 -78.785911 47 1.0 13.4764 0.0038 12.9873 0.0044 12.6793 0.0056 12.5322 0.0044
124.002175 -78.64550600000001 53 0.983 16.4799 0.0109 16.3152 0.0082 16.2404 0.0043 16.226 0.012
124.36927800000001 -78.674488 25 0.981 18.3261 0.0053 18.0736 0.0072 17.8566 0.0099 17.8535 0.0074
124.519167 -78.776388 46 0.981 17.8004 0.0067 17.334 0.0056 17.0679 0.008 16.9569 0.0092
124.197189 -78.84729399999999 54 0.983 16.9569 0.0044 16.3644 0.0037 15.9901 0.0044 15.8392 0.0048
123.74588100000001 -78.65791999999999 38 0.9840000000000001 17.614 0.005 16.9635 0.0091 16.4885 0.0096 16.3151 0.0067
123.761587 -78.84393 12 0.963 20.4279 0.0144 19.3556 0.0221 18.4322 0.0161 18.2059 0.0112
124.051433 -78.854256 46 0.983 17.5323 0.0096 16.9852 0.0082 16.6662 0.008 16.5348 0.0113
123.483277 -78.721672 10 0.9740000000000001 19.0539 0.0394 18.7248 0.013999999999999999 18.5572 0.0269 18.6069 0.032
124.24938999999999 -78.843172 48 0.983 18.1756 0.0176 17.2227 0.0101 16.3906 0.0064 16.0972 0.0078
123.51279199999999 -78.795141 17 0.977 19.7775 0.0137 18.8248 0.009000000000000001 17.7611 0.0066 17.3552 0.0158
123.646405 -78.829502 19 0.9790000000000001 18.3641 0.006999999999999999 17.9598 0.0065 17.6943 0.0231 17.6432 0.0151
124.42603600000001 -78.685701 47 0.987 17.17 0.0043 16.7513 0.0041 16.437 0.0064 16.3426 0.0058
124.518185 -78.720766 66 0.993 14.5508 0.0047 14.2731 0.0039 14.1312 0.0042 14.1005 0.0045
124.35516499999999 -78.670426 1 0.958 nan nan nan nan nan nan nan nan
124.46159499999999 -78.805835 38 0.981 17.359 0.009000000000000001 16.9826 0.0042 16.7414 0.0055 16.6533 0.0067
123.766354 -78.845575 14 0.977 18.9374 0.0106 18.5475 0.0087 18.2329 0.0119 18.1765 0.04
123.927724 -78.64509 1 0.9540000000000001 nan nan nan nan 17.0316 0.1805 nan nan
124.541951 -78.760071 23 0.98 18.8196 0.0076 18.4077 0.0073 18.1827 0.0222 18.1046 0.0431
123.525125 -78.803275 38 0.9940000000000001 12.0025 0.006999999999999999 11.7331 0.0051 11.5816 0.0082 11.5384 0.005
123.90725400000001 -78.855331 18 0.9790000000000001 18.6385 0.0085 18.2986 0.0127 18.061 0.0244 18.0057 0.0121
123.692535 -78.661653 32 0.981 17.9548 0.0077 17.6413 0.0059 17.4526 0.0109 17.3953 0.0099
123.72115900000001 -78.842453 9 0.966 19.6887 0.0597 19.0056 0.0313 18.5832 0.0173 18.4423 0.0146
123.642256 -78.668424 35 0.9840000000000001 17.519000000000002 0.0049 17.0842 0.0048 16.8068 0.0054 16.7025 0.0099
124.011894 -78.8578 16 0.968 18.4731 0.0174 17.9785 0.021 17.668 0.026000000000000002 17.5185 0.009000000000000001
124.55233799999999 -78.744232 35 0.982 17.765 0.0064 17.338 0.0109 17.0762 0.0079 17.0034 0.0089
124.54834299999999 -78.765332 84 0.9990000000000001 14.2933 0.004 13.8876 0.0029 13.675 0.0054 13.5916 0.0028
124.093356 -78.85650600000001 68 0.9840000000000001 16.5455 0.0068 16.041 0.0046 15.7031 0.0056 15.5361 0.0079
123.954999 -78.857726 56 0.985 16.4794 0.006999999999999999 15.9523 0.0031 15.6086 0.005 15.4823 0.0071
123.741332 -78.845794 27 0.981 18.2955 0.0149 17.9637 0.0075 17.7484 0.0118 17.67 0.0404
123.862124 -78.85483 15 0.9740000000000001 19.3036 0.0094 18.8825 0.006999999999999999 18.6051 0.036000000000000004 18.409000000000002 0.0363
124.406378 -78.82425400000001 40 0.98 17.8594 0.0066 17.4635 0.0046 17.2436 0.0103 17.1554 0.0101
123.80587 -78.851671 19 0.977 18.2942 0.01 18.0129 0.0101 17.8386 0.0192 17.8345 0.0299
124.457718 -78.811924 28 0.981 18.0301 0.0047 17.6931 0.0045 17.4947 0.0082 17.4126 0.0072
123.819997 -78.85276999999999 74 0.9940000000000001 15.0935 0.0049 14.8438 0.0042 14.725999999999999 0.0049 14.7221 0.0033
124.548538 -78.730806 65 0.9890000000000001 15.061 0.0047 14.8404 0.0035 14.7156 0.0038 14.6917 0.0037
124.37868799999998 -78.670305 52 0.982 17.1908 0.0047 16.7303 0.0146 16.4725 0.0052 16.3835 0.0074
123.47453200000001 -78.788451 37 0.983 17.0228 0.0128 16.6006 0.0066 16.3708 0.0062 16.2861 0.0121
124.486189 -78.805439 1 0.961 nan nan nan nan 17.1156 0.215 nan nan
123.93086299999999 -78.858897 1 0.9540000000000001 nan nan 16.8645 0.1835 nan nan nan nan
124.427998 -78.678979 16 0.961 19.84 0.0108 19.019000000000002 0.0091 18.4657 0.0105 18.1672 0.0165
123.961436 -78.640447 13 0.97 19.8564 0.0321 19.0863 0.0064 18.5037 0.0208 18.4153 0.0291
124.012749 -78.859788 11 0.9540000000000001 18.9771 0.0144 18.7579 0.016 18.6361 0.0294 18.5488 0.0818
123.437203 -78.759699 17 0.976 19.3895 0.0136 18.452 0.0104 17.6234 0.0105 17.2954 0.0097
123.753308 -78.65097 15 0.98 18.6468 0.0084 18.3779 0.0096 18.1656 0.0219 18.1089 0.0201
123.434669 -78.757081 22 0.983 17.7111 0.0089 17.3691 0.0057 17.1587 0.0074 17.0918 0.006999999999999999
123.785948 -78.647672 11 0.97 19.5964 0.0195 19.3282 0.0234 19.0569 0.0112 18.9359 0.0214
123.433948 -78.74305600000001 21 0.982 17.9897 0.0122 17.6426 0.0104 17.4304 0.0076 17.3624 0.0146
123.53019099999999 -78.687889 29 0.983 17.121 0.0061 16.6816 0.0147 16.4219 0.0084 16.2936 0.0064
123.80403000000001 -78.854527 53 0.985 16.7689 0.004 16.3493 0.0045 16.1021 0.0086 16.0185 0.0093
123.94240400000001 -78.639082 0 0.951 nan nan nan nan nan nan nan nan
124.02210900000001 -78.63845500000001 14 0.965 19.8389 0.0088 19.1517 0.0078 18.6803 0.009000000000000001 18.484 0.0204
123.971981 -78.63849599999999 7 0.951 19.7846 0.0112 19.298 0.017 19.1109 0.0196 nan nan
124.522327 -78.70483399999999 51 0.983 16.2731 0.0057 15.8941 0.0053 15.6774 0.0035 15.6079 0.004
124.299128 -78.654736 25 0.98 18.6923 0.0067 18.312 0.006999999999999999 18.092 0.0094 18.0666 0.0231
124.475664 -78.687848 89 0.998 14.2475 0.003 13.767999999999999 0.0039 13.4724 0.0033 13.3602 0.0027
123.744662 -78.85031 1 0.953 nan nan 16.9249 0.1875 nan nan nan nan
123.48091799999999 -78.70276199999999 33 0.9840000000000001 17.2412 0.0088 16.9354 0.0087 16.7579 0.0081 16.6798 0.0138
123.68123700000001 -78.84345 11 0.972 19.3839 0.0101 18.977 0.0184 18.7119 0.01 18.6199 0.0275
123.716526 -78.652469 18 0.983 18.6795 0.0074 18.2513 0.0115 17.9848 0.0062 17.8967 0.0137
123.784222 -78.85424599999999 38 0.983 17.7767 0.0071 17.4775 0.0074 17.2984 0.0082 17.2507 0.0134
123.96449799999999 -78.637814 26 0.982 18.191 0.0388 17.6253 0.0089 17.2504 0.0078 17.105 0.0065
123.503848 -78.692888 12 0.95 19.7056 0.0085 19.0729 0.0092 18.7038 0.0286 18.5448 0.0603
123.431165 -78.731275 19 0.98 19.1661 0.0076 18.4811 0.008 17.9783 0.0154 17.7554 0.0086
123.72220800000001 -78.848872 0 0.955 nan nan nan nan nan nan nan nan
124.534178 -78.70742800000001 57 0.987 15.7807 0.0054 15.39 0.0038 15.1365 0.0033 15.0357 0.0053
124.49192 -78.69096 45 0.983 18.0529 0.0113 17.1669 0.0041 16.4631 0.0072 16.1775 0.005
123.62289299999999 -78.664611 16 0.97 19.2923 0.0083 18.7309 0.0115 18.3965 0.0151 18.1931 0.0406
124.57113600000001 -78.76894 36 0.982 18.1016 0.0098 17.7465 0.0045 17.5836 0.0121 17.504 0.0121
123.44718400000001 -78.716858 29 0.987 16.2197 0.0092 15.8698 0.0053 15.6705 0.0046 15.6083 0.0045
124.390083 -78.83385600000001 1 0.963 16.9578 0.201 nan nan nan nan nan nan
124.31155600000001 -78.654351 33 0.9740000000000001 18.8844 0.0301 18.2757 0.0172 17.7905 0.0127 17.581 0.0105
124.25475 -78.647842 17 0.971 19.2881 0.0255 18.7633 0.0067 18.4424 0.0124 18.2705 0.0152
124.214748 -78.64429100000001 36 0.982 18.3218 0.006999999999999999 17.8836 0.0068 17.5839 0.0076 17.5016 0.0132
124.08740700000001 -78.862629 1 0.966 nan nan 16.7117 0.2008 nan nan nan nan
124.559995 -78.784747 37 0.981 18.2283 0.0119 17.914 0.0065 17.7483 0.008 17.6391 0.0149
123.554024 -78.675892 19 0.981 18.4857 0.0138 18.0853 0.0156 17.8236 0.0091 17.7033 0.0152
124.580611 -78.73230600000001 32 0.9840000000000001 18.2851 0.0302 17.3587 0.0094 16.0528 0.0033 15.5439 0.0055
124.521181 -78.697186 20 0.956 19.6807 0.0272 19.0811 0.0131 18.7308 0.0282 18.506 0.0396
123.61806399999999 -78.662818 24 0.982 18.2426 0.0092 17.8047 0.0109 17.5178 0.0103 17.4078 0.0069
124.369716 -78.839676 52 0.9840000000000001 17.4423 0.0067 16.5748 0.0049 15.8349 0.0076 15.5432 0.0068
124.42195900000002 -78.669783 1 0.9570000000000001 nan nan nan nan 17.3937 0.1121 nan nan
124.296501 -78.650571 27 0.973 20.1408 0.0452 19.2372 0.0092 18.0971 0.0099 17.6717 0.0128
124.579932 -78.727929 26 0.955 18.3994 0.0499 18.1471 0.0073 17.976 0.0081 18.0087 0.0385
124.48709199999999 -78.684731 32 0.9790000000000001 18.2557 0.009000000000000001 17.9003 0.0143 17.657 0.0114 17.5683 0.0235
123.987349 -78.865487 14 0.96 20.1403 0.0083 19.38 0.013000000000000001 18.8732 0.0148 18.5542 0.0135
123.524658 -78.819264 16 0.951 19.5139 0.021 18.6496 0.0168 17.9222 0.0267 17.5835 0.019
123.777286 -78.642818 13 0.977 18.9483 0.0081 18.7068 0.0062 18.5304 0.006999999999999999 18.4303 0.0305
124.550832 -78.79412099999999 65 0.995 15.6937 0.0051 15.2373 0.0039 14.9571 0.0033 14.8348 0.0039
124.58021699999999 -78.77589 59 0.99 17.1762 0.0214 16.2751 0.0071 15.3483 0.0059 14.985999999999999 0.0037
123.905887 -78.635469 15 0.9640000000000001 19.4556 0.0138 19.0908 0.0118 18.8385 0.026000000000000002 18.7623 0.1469
124.57809099999999 -78.722978 31 0.982 18.2351 0.0201 17.8896 0.0132 17.7287 0.0056 17.5977 0.0174
123.723348 -78.647316 23 0.98 19.4956 0.0093 18.5678 0.0122 17.6232 0.0101 17.2617 0.0069
123.403838 -78.745352 38 0.988 15.7812 0.0129 15.2592 0.0057 14.9342 0.0056 14.8054 0.0044
124.59682 -78.756475 69 0.9990000000000001 14.0031 0.0034 13.6278 0.0034 13.4036 0.0075 13.3102 0.0044
123.531675 -78.823008 22 0.981 18.8661 0.0385 17.9265 0.0072 16.7621 0.0139 16.3371 0.0097
124.494868 -78.684239 60 0.9840000000000001 16.7651 0.0084 16.2757 0.0041 16.0001 0.0056 15.8969 0.008
123.86586399999999 -78.635672 57 0.9890000000000001 15.0609 0.0065 14.6618 0.0059 14.4473 0.0035 14.3873 0.0046
124.09741499999998 -78.866091 36 0.982 18.1249 0.0075 17.8322 0.0072 17.6227 0.0089 17.6114 0.0157
124.435579 -78.668966 13 0.966 19.410999999999998 0.032 18.979 0.0101 18.7538 0.0116 18.7904 0.0267
123.426171 -78.786714 13 0.973 19.6101 0.019 19.0156 0.0072 18.68 0.0187 18.4477 0.0171
123.595331 -78.837971 40 0.982 17.2555 0.0093 16.9327 0.0065 16.7476 0.0138 16.7022 0.0184
124.35166000000001 -78.654125 46 0.983 17.5369 0.0079 17.2223 0.0051 17.0194 0.0042 16.9522 0.0064
123.461882 -78.80483000000001 25 0.981 17.4048 0.0238 17.0477 0.0078 16.8755 0.0144 16.8308 0.0119
123.940968 -78.867704 0 0.978 nan nan nan nan nan nan nan nan
123.470758 -78.692718 21 0.98 nan nan 18.0664 0.0099 17.686 0.0089 17.5042 0.0237
123.49496 -78.68448599999999 24 0.983 17.0419 0.0152 16.2844 0.0076 15.764000000000001 0.0053 15.5193 0.0044
124.26846100000002 -78.856794 30 0.973 20.2487 0.0432 19.3115 0.0098 17.8435 0.0082 17.2844 0.0148
124.23983899999999 -78.859387 1 0.955 nan nan nan nan 17.0924 0.1631 nan nan
123.86513799999999 -78.63408100000001 56 0.99 14.9321 0.0046 14.5018 0.0051 14.2715 0.0045 14.2011 0.0043
124.008936 -78.868938 1 0.9620000000000001 nan nan 16.9029 0.1857 nan nan nan nan
124.07033100000001 -78.631825 36 0.9990000000000001 10.7167 0.0049 10.4703 0.0057 10.3455 0.0053 10.3393 0.0072
123.76983899999999 -78.63979599999999 23 0.982 18.1159 0.0067 17.809 0.0096 17.6033 0.01 17.5064 0.0143
123.46866599999998 -78.69158900000001 18 0.981 18.4527 0.0304 18.0626 0.0188 17.7929 0.0066 17.7579 0.0116
124.15880700000001 -78.865264 0 0.9570000000000001 nan nan nan nan nan nan nan nan
123.547046 -78.670163 22 0.983 19.0904 0.0135 18.1719 0.0063 16.6501 0.0051 16.0937 0.0078
124.316994 -78.648088 0 0.9790000000000001 nan nan nan nan nan nan nan nan
123.419976 -78.789074 1 0.958 nan nan nan nan 16.9085 0.1944 nan nan
123.499803 -78.819463 16 0.975 19.8042 0.0184 18.7508 0.0198 17.4987 0.0136 16.9792 0.0175
124.257778 -78.858662 57 0.982 17.3563 0.0072 17.0529 0.0097 16.9043 0.0065 16.8293 0.006999999999999999
123.577049 -78.836988 13 0.958 20.2776 0.0142 19.2812 0.0078 18.4987 0.0229 18.1811 0.0144
123.414103 -78.78624599999999 32 0.9840000000000001 17.3933 0.0199 16.8895 0.0068 16.5994 0.011000000000000001 16.4626 0.0091
124.22299299999999 -78.861838 16 0.9740000000000001 19.254 0.0091 18.8619 0.0086 18.6315 0.011000000000000001 18.5153 0.0592
124.388024 -78.656899 1 0.971 nan nan nan nan nan nan nan nan
124.55650700000001 -78.698876 41 0.983 17.4431 0.0058 16.7965 0.0058 16.3789 0.0059 16.2154 0.0049
123.655405 -78.84989399999999 44 0.983 17.1693 0.008 16.6966 0.0058 16.4051 0.0089 16.2868 0.015
124.34443 -78.849933 1 0.9620000000000001 nan nan nan nan 16.8661 0.1521 nan nan
124.18476100000001 -78.865053 24 0.9690000000000001 18.4596 0.0256 18.1774 0.0173 17.9906 0.0178 17.982 0.0252
123.39602099999999 -78.725251 20 0.982 17.89 0.0094 17.5548 0.0106 17.3452 0.0068 17.2884 0.0295
123.68466699999999 -78.854291 39 0.983 17.6951 0.0051 17.387999999999998 0.0104 17.2236 0.0138 17.1321 0.0146
123.38281599999999 -78.739132 1 0.9540000000000001 nan nan nan nan 16.6709 0.1953 nan nan
123.44935600000001 -78.806128 14 0.9740000000000001 20.1332 0.0138 19.1956 0.0114 18.2059 0.0265 17.8418 0.0315
123.46851000000001 -78.687713 24 0.983 17.5337 0.0061 17.1828 0.0121 16.9571 0.0062 16.8774 0.006999999999999999
124.44131100000001 -78.836067 17 0.95 19.7684 0.0232 19.1192 0.0133 18.6058 0.0127 18.315 0.0106
123.40570600000001 -78.78697 17 0.9790000000000001 19.0062 0.0156 18.3059 0.0068 17.863 0.0114 17.6416 0.0116
124.076303 -78.870651 33 0.98 18.9143 0.0228 18.1568 0.006999999999999999 17.7001 0.0118 17.4652 0.0177
123.86626799999999 -78.631248 9 0.9570000000000001 19.618 0.0221 19.2288 0.037000000000000005 18.9193 0.0187 18.6698 0.0266
124.10455 -78.630128 30 0.983 18.2396 0.0071 17.4431 0.0056 16.829 0.0074 16.5791 0.0078
124.44411699999999 -78.66490999999999 1 0.9790000000000001 nan nan nan nan 17.2982 0.1181 nan nan
124.03753700000001 -78.628546 14 0.96 19.4732 0.0429 19.1662 0.0069 18.7597 0.0251 18.4281 0.03
123.460551 -78.68909599999999 13 0.973 18.9413 0.0132 18.581 0.013000000000000001 18.3732 0.0078 18.3183 0.0325
123.621804 -78.653187 29 0.983 17.5856 0.0176 17.1919 0.0073 16.9287 0.0067 16.8502 0.0089
123.683718 -78.644971 38 0.99 16.8846 0.0061 16.0172 0.006999999999999999 15.3106 0.0045 15.0359 0.0066
123.557685 -78.663675 44 0.9990000000000001 13.3608 0.006 12.7046 0.0056 12.2456 0.0066 12.0352 0.0041
124.39216599999999 -78.846003 0 0.983 nan nan nan nan nan nan nan nan
124.59916799999999 -78.712693 18 0.97 19.383 0.0121 18.826 0.0132 18.4998 0.0106 18.3811 0.0262
124.56994099999999 -78.803324 33 0.9790000000000001 18.5195 0.0131 18.1498 0.0081 17.9054 0.0085 17.7843 0.022000000000000002
124.151255 -78.63048 58 0.992 15.4132 0.0072 15.0636 0.0048 14.8638 0.0031 14.8144 0.004
123.48200600000001 -78.67980899999999 15 0.963 19.7227 0.0157 18.954 0.0161 18.2549 0.0151 17.9907 0.0502
124.323641 -78.64417399999999 1 0.951 nan nan 17.2581 0.1434 nan nan nan nan
123.400256 -78.711236 21 0.982 18.3654 0.0062 17.8027 0.0056 17.4498 0.0072 17.3505 0.0166
123.526941 -78.832489 44 0.985 15.2697 0.0082 14.8968 0.0056 14.6466 0.004 14.5553 0.0038
124.05225300000001 -78.87325899999999 1 0.96 nan nan nan nan 16.9257 0.1901 nan nan
124.548019 -78.68831999999999 73 0.985 15.9488 0.0048 15.5008 0.0037 15.2151 0.0041 15.1111 0.0033
123.46918000000001 -78.682745 23 0.983 17.1218 0.0331 16.7368 0.0351 16.5039 0.01 16.442 0.0054
124.23723600000001 -78.63533000000001 1 0.9520000000000001 nan nan nan nan 17.0923 0.1499 nan nan
123.578924 -78.84293000000001 37 0.981 17.7053 0.0126 17.3719 0.011000000000000001 17.1697 0.0124 17.0872 0.0152
123.464049 -78.684096 14 0.981 18.4387 0.0148 18.1034 0.0187 17.8975 0.0181 17.842 0.0267
124.133016 -78.871187 94 0.986 15.6438 0.0036 15.3793 0.0031 15.2456 0.0057 15.2324 0.0049
124.62307 -78.774857 76 0.995 15.2791 0.0043 14.9609 0.0031 14.7714 0.0046 14.7141 0.0032
124.08628 -78.872941 44 0.982 17.6773 0.0046 17.3134 0.0072 17.0803 0.0109 17.0071 0.0102
123.88524199999999 -78.872157 45 0.98 17.503 0.0106 17.129 0.0095 16.9301 0.0074 16.8207 0.0193
123.998622 -78.625744 51 0.985 15.9787 0.0045 15.7188 0.0068 15.5626 0.0044 15.5251 0.0081
123.728105 -78.63748199999999 34 0.982 17.7953 0.0059 17.5049 0.0054 17.2922 0.01 17.2396 0.0147
124.40551 -78.846643 28 0.975 18.7589 0.0116 18.3353 0.0078 18.0562 0.0189 17.962 0.0275
123.43036599999999 -78.807538 26 0.981 17.8606 0.011000000000000001 17.64 0.0184 17.5372 0.0201 17.4952 0.0198
123.83476399999999 -78.870711 68 0.997 12.575999999999999 0.0038 12.6166 0.0035 12.7765 0.006 12.8467 0.003
124.537554 -78.682641 34 0.98 18.6883 0.0141 18.1116 0.0071 17.7736 0.0126 17.5555 0.006999999999999999
123.36546799999999 -78.733323 14 0.9670000000000001 20.1813 0.0156 19.1434 0.0104 18.278 0.0219 17.9252 0.0254
123.45545 -78.684565 8 0.9570000000000001 nan nan 18.8967 0.02 18.5691 0.011000000000000001 18.3401 0.0554
123.82761699999999 -78.629593 14 0.972 19.905 0.0153 18.9722 0.006999999999999999 18.0963 0.0151 17.7317 0.0098
123.381532 -78.783664 21 0.981 18.5532 0.0071 18.2173 0.0056 18.0351 0.0146 17.985 0.0331
123.81018600000002 -78.63049000000001 13 0.977 19.0464 0.0195 18.8132 0.0079 18.6393 0.0084 18.5094 0.0733
124.28403700000001 -78.63781 1 0.9590000000000001 nan nan nan nan 16.9847 0.1851 nan nan
124.074532 -78.874612 12 0.966 19.6554 0.0102 19.2085 0.0259 19.0091 0.0088 18.8605 0.0312
124.09657800000001 -78.625788 56 0.9840000000000001 16.3308 0.036000000000000004 16.3554 0.0275 16.4105 0.0285 16.4734 0.0241
124.392696 -78.650468 82 0.998 14.3328 0.0034 13.9199 0.0048 13.6504 0.0032 13.558 0.0047
124.37200000000001 -78.647384 48 0.983 17.5365 0.0115 17.1461 0.0085 16.871 0.0058 16.7565 0.0097
124.56093600000001 -78.688283 30 0.982 18.458 0.0059 17.894000000000002 0.0127 17.4909 0.0096 17.3226 0.0194
124.459194 -78.661772 26 0.98 18.8569 0.0068 18.3222 0.0084 17.9174 0.0093 17.7558 0.0124
123.365799 -78.775565 14 0.958 20.1554 0.0102 19.3032 0.0174 18.6013 0.0116 18.3876 0.0545
124.59299399999999 -78.801199 1 0.963 nan nan nan nan 16.9666 0.1951 nan nan
124.47433400000001 -78.836464 41 0.98 18.174 0.0063 17.3109 0.0087 16.6923 0.0066 16.4374 0.006999999999999999
124.57385 -78.80938 0 0.981 nan nan nan nan nan nan nan nan
123.351859 -78.753749 9 0.96 19.8051 0.0437 19.4678 0.0395 19.0885 0.0451 nan nan
124.047451 -78.87626 24 0.975 18.7225 0.0167 18.3715 0.0173 18.0865 0.0229 18.0011 0.0277
123.46684599999999 -78.67800600000001 14 0.958 19.6842 0.0251 18.9243 0.0088 18.2147 0.0103 17.889 0.0084
124.12398400000001 -78.874578 30 0.981 18.0004 0.0086 17.5968 0.0105 17.3609 0.0097 17.2712 0.0065
123.712377 -78.636313 18 0.9790000000000001 18.7919 0.0077 18.3548 0.0086 18.0555 0.0172 17.944000000000003 0.0346
124.62125900000001 -78.788445 29 0.975 19.2584 0.0145 18.4547 0.0066 17.8632 0.0164 17.5645 0.0064
124.64263100000001 -78.77201099999999 61 0.9840000000000001 16.398 0.006 16.0198 0.0037 15.8263 0.0067 15.7593 0.0059
123.792475 -78.629352 15 0.98 19.0708 0.0072 18.4953 0.0075 18.1365 0.0223 17.9835 0.0159
124.42259399999999 -78.847378 25 0.98 18.7738 0.0198 18.2461 0.0086 17.9253 0.0117 17.7809 0.0111
123.629186 -78.855522 14 0.958 19.3717 0.0072 19.0133 0.0221 18.7617 0.037000000000000005 18.955 0.0186
123.47476200000001 -78.673967 16 0.9690000000000001 20.2797 0.0168 19.3531 0.0218 17.9313 0.008 17.3449 0.0127
124.65663899999998 -78.74463399999999 24 0.981 19.2311 0.0277 18.3169 0.0116 17.0966 0.0076 16.6843 0.0109
123.90266100000001 -78.877078 1 0.958 nan nan nan nan 16.9065 0.18100000000000002 nan nan
124.13894599999999 -78.875949 93 0.998 13.6673 0.0039 13.4509 0.0028 13.3535 0.0045 13.35 0.0033
124.61221299999998 -78.701885 24 0.98 18.7128 0.0088 18.3739 0.0071 18.1703 0.0229 18.0657 0.0236
123.404706 -78.694324 40 0.992 13.872 0.0061 13.6972 0.0047 13.6242 0.0048 13.6242 0.004
124.59295800000001 -78.693373 23 0.973 20.574 0.0148 19.5852 0.0315 18.1248 0.0123 17.599 0.0196
123.33818899999999 -78.747843 18 0.982 18.4389 0.0253 18.0124 0.0064 17.7311 0.0065 17.6272 0.0098
124.29758600000001 -78.63456 48 0.986 17.2331 0.0064 16.4898 0.0075 16.0078 0.0033 15.802 0.0075
123.350862 -78.72418499999999 25 0.9890000000000001 17.4315 0.0062 17.125 0.0056 16.9182 0.0075 16.8768 0.0076
123.89238200000001 -78.878123 0 0.981 nan nan nan nan nan nan nan nan
123.41996100000001 -78.814388 18 0.981 17.5615 0.0372 17.1397 0.0072 16.8955 0.0177 16.8365 0.0142
124.653944 -78.775836 41 0.981 18.3363 0.0082 17.6171 0.0054 17.166 0.0127 16.9703 0.0113
124.539704 -78.673967 17 0.963 19.4208 0.0235 18.9653 0.0076 18.6711 0.0236 18.4909 0.013999999999999999
123.478427 -78.83171899999999 34 0.987 16.0635 0.0054 15.7236 0.0059 15.4987 0.0074 15.4423 0.0076
123.66457700000001 -78.637546 18 0.9740000000000001 20.3014 0.0233 19.3456 0.031 18.1401 0.0114 17.6849 0.0126
124.564044 -78.82096899999999 71 0.987 15.4078 0.0039 15.1243 0.0058 14.9788 0.0039 14.9464 0.004
123.510623 -78.840149 29 0.9690000000000001 17.7025 0.02 17.1702 0.0105 16.8941 0.0133 16.7577 0.0149
123.95363799999998 -78.88077 42 0.982 17.8264 0.0107 17.1737 0.009000000000000001 16.77 0.0083 16.5633 0.0103
124.074344 -78.880418 1 0.961 nan nan 16.9136 0.1824 nan nan nan nan
124.638601 -78.792292 21 0.973 18.7803 0.0057 18.4736 0.0062 18.3308 0.0206 18.1996 0.0191
124.116808 -78.619827 36 0.983 17.3835 0.0075 17.0444 0.0053 16.8107 0.0124 16.759 0.0088
123.958164 -78.617956 15 0.98 18.5942 0.02 18.2117 0.0117 17.9869 0.0087 17.8489 0.049
124.43790600000001 -78.64923 1 0.95 nan nan nan nan 17.0244 0.1809 nan nan
124.38916 -78.859205 23 0.96 19.6558 0.0317 19.046 0.006999999999999999 18.7343 0.0347 18.5495 0.036000000000000004
123.971253 -78.882723 83 0.997 15.1143 0.005 14.7398 0.003 14.5382 0.0054 14.4706 0.0029
124.622479 -78.696794 33 0.983 18.2998 0.0061 17.4247 0.0059 16.74 0.0076 16.4762 0.0103
124.233399 -78.874978 54 0.983 17.2045 0.0112 16.6427 0.0059 16.288 0.0064 16.1271 0.0053
124.54036799999999 -78.669425 81 0.988 15.265999999999998 0.004 14.8573 0.003 14.5999 0.0033 14.5034 0.003
124.372179 -78.861749 0 0.9840000000000001 nan nan nan nan nan nan nan nan
123.405197 -78.816194 40 1.0 13.1869 0.0057 12.7064 0.004 12.3773 0.0089 12.2349 0.004
123.87684899999999 -78.61871500000001 37 0.983 17.8476 0.0087 17.5048 0.01 17.2877 0.0094 17.2077 0.0095
123.67035800000001 -78.867287 34 0.983 18.7432 0.0063 17.8237 0.0133 16.8889 0.0147 16.5008 0.0175
123.613339 -78.860559 44 0.983 17.4617 0.0075 17.2345 0.0092 17.0884 0.0115 17.0568 0.0113
124.58756299999999 -78.819525 1 0.951 16.8118 0.1898 nan nan nan nan nan nan
123.31511499999999 -78.743596 13 0.961 20.1462 0.0791 19.2262 0.008 18.4078 0.0146 18.1702 0.0201
124.298915 -78.87074 77 0.9840000000000001 15.738 0.0042 15.3038 0.0032 15.0519 0.0051 14.979000000000001 0.0029
123.41711399999998 -78.821492 15 0.978 19.4331 0.0454 18.621 0.008 17.9381 0.0259 17.5834 0.013999999999999999
123.532374 -78.848626 42 0.9840000000000001 16.7133 0.0058 16.3829 0.0098 16.1917 0.008 16.1278 0.0084
124.03690900000001 -78.61608199999999 1 0.9540000000000001 nan nan 17.3531 0.1931 nan nan nan nan
123.475475 -78.66365 36 0.985 16.1053 0.0052 15.5943 0.0041 15.2664 0.008 15.1296 0.0062
124.21999299999999 -78.622851 40 0.983 17.7869 0.0167 17.3362 0.0063 17.0378 0.0053 16.9198 0.0092
124.536983 -78.666271 1 0.973 nan nan nan nan nan nan nan nan
123.327877 -78.78180400000001 25 0.983 17.9068 0.0056 17.358 0.0056 16.9831 0.0061 16.842 0.0053
123.322774 -78.72385799999999 40 0.9940000000000001 14.9759 0.0053 14.7569 0.0055 14.6353 0.0035 14.6288 0.0043
124.69091 -78.75469100000001 49 0.992 14.8605 0.005 14.4988 0.004 14.3068 0.0049 14.2426 0.0048
123.363991 -78.803663 26 0.982 17.7239 0.0111 17.4226 0.0091 17.2599 0.0048 17.2055 0.0063
124.66150900000001 -78.711134 26 0.9790000000000001 18.3903 0.0157 18.0852 0.0105 17.861 0.013999999999999999 17.7463 0.0296
124.40972 -78.641227 59 0.996 11.8893 0.0043 11.6628 0.0056 11.5625 0.0039 11.5764 0.0047
124.67314099999999 -78.78328499999999 29 0.981 18.519000000000002 0.017 18.2129 0.0048 18.0376 0.0178 17.9657 0.0329
124.62656499999999 -78.80866400000001 46 0.983 17.1021 0.0063 16.1816 0.0038 15.3457 0.004 15.0133 0.0037
123.306582 -78.74600699999999 28 0.983 17.337 0.0106 16.9753 0.0107 16.7971 0.0043 16.7354 0.0094
124.42339799999999 -78.64269300000001 9 0.9740000000000001 nan nan 17.872 0.0129 16.5787 0.0271 16.1409 0.0206
124.22596100000001 -78.878404 1 0.96 16.8074 0.1834 nan nan nan nan nan nan
123.60845900000001 -78.86251999999999 29 0.982 18.0077 0.0054 17.6485 0.0072 17.4419 0.0087 17.4001 0.0105
124.528574 -78.66193299999999 30 0.978 19.6778 0.01 18.8227 0.0064 17.8556 0.0045 17.4776 0.0102
124.00688999999998 -78.886224 75 0.995 15.3579 0.0034 14.882 0.0041 14.6151 0.0046 14.5277 0.0031
124.356095 -78.867414 55 0.982 17.4694 0.0065 17.0794 0.0054 16.8281 0.012 16.7283 0.0077
124.665706 -78.709346 24 0.9790000000000001 19.6856 0.0269 18.6993 0.0193 17.3715 0.0082 16.8381 0.0098
123.59144199999999 -78.639617 35 0.983 16.9982 0.0228 16.6824 0.0102 16.5266 0.0067 16.4971 0.0158
124.41934599999999 -78.859549 65 0.983 16.7143 0.0085 16.3201 0.0046 16.1034 0.0067 16.0528 0.0034
124.574249 -78.672327 19 0.973 19.3963 0.0303 18.8473 0.0107 18.5152 0.0146 18.3114 0.0126
124.38433899999998 -78.864589 31 0.9670000000000001 19.5505 0.0197 18.6484 0.0051 17.9451 0.0179 17.651 0.0149
123.480116 -78.65857 14 0.973 19.0825 0.0325 18.47 0.0163 18.0743 0.0348 17.8823 0.0097
124.649717 -78.80242700000001 20 0.961 18.915 0.01 18.6011 0.0068 18.3812 0.0163 18.3369 0.0195
123.83008999999998 -78.883042 21 0.972 19.1367 0.0155 18.4799 0.0056 18.0588 0.0062 17.8992 0.0177
123.581751 -78.8606 1 0.9520000000000001 nan nan nan nan 17.0275 0.1667 nan nan
124.535583 -78.839809 62 0.9840000000000001 16.9288 0.0044 16.4475 0.004 16.1088 0.0048 15.9604 0.0063
123.300781 -78.731949 24 0.988 17.918 0.024 17.1813 0.0055 16.6954 0.004 16.5151 0.0054
124.315868 -78.87344399999999 27 0.977 18.8917 0.0113 18.4152 0.0163 18.1105 0.0089 17.9919 0.0213
123.555049 -78.857639 23 0.9740000000000001 19.4223 0.0269 18.5221 0.0107 17.7117 0.006 17.3912 0.0174
124.044179 -78.61219399999999 1 0.9520000000000001 nan nan 16.449 0.1066 nan nan nan nan
124.08603500000001 -78.88761600000001 1 0.965 nan nan nan nan nan nan 16.8458 0.1672
124.013577 -78.611308 30 0.983 17.8918 0.0059 17.5485 0.0061 17.3561 0.0098 17.2708 0.0184
123.576498 -78.86184200000001 26 0.982 18.4135 0.013000000000000001 17.8522 0.0058 17.4327 0.0164 17.2771 0.0094
123.59137 -78.863955 34 0.983 18.0119 0.0078 17.4806 0.0059 17.1539 0.0126 17.0379 0.0149
123.680544 -78.874352 24 0.9790000000000001 18.8456 0.0123 18.1808 0.0104 17.7381 0.013000000000000001 17.6072 0.0266
124.456251 -78.857116 1 0.9520000000000001 nan nan 17.0161 0.2191 nan nan nan nan
124.495871 -78.850619 37 0.98 19.5496 0.0398 18.559 0.0178 17.2387 0.0067 16.7178 0.0113
123.833735 -78.61455699999999 13 0.9620000000000001 19.6892 0.01 19.1219 0.0293 18.6706 0.0148 18.5152 0.0261
124.679483 -78.707559 55 0.9840000000000001 16.4862 0.004 16.1845 0.0039 16.0105 0.0039 15.9678 0.0065
123.396115 -78.67599399999999 22 0.983 17.6074 0.0187 17.207 0.0338 16.977999999999998 0.0101 16.9 0.0072
124.077141 -78.88868599999999 43 0.982 18.6241 0.0115 17.8399 0.009000000000000001 17.2841 0.0133 17.0636 0.0132
124.715218 -78.746338 33 0.982 17.8636 0.0054 17.2617 0.0082 16.8519 0.0061 16.7003 0.0106
124.483722 -78.85368000000001 1 0.955 nan nan nan nan 16.9854 0.1749 nan nan
123.431022 -78.66501099999999 20 0.982 18.1162 0.0059 17.8012 0.0114 17.5842 0.0205 17.5601 0.0085
124.62870500000001 -78.818732 30 0.9790000000000001 18.3232 0.0057 17.9613 0.0077 17.7528 0.0084 17.6693 0.0251
124.554841 -78.839749 41 0.9790000000000001 17.813 0.0066 17.4099 0.0041 17.1681 0.0099 17.0503 0.0182
124.706125 -78.77770600000001 29 0.976 18.43 0.0082 18.1809 0.0076 18.0742 0.0105 18.0225 0.0203
123.61802800000001 -78.631274 31 0.982 17.5371 0.0217 17.1599 0.0117 16.8907 0.0088 16.7935 0.0197
123.626395 -78.629684 9 0.9670000000000001 19.7743 0.0439 18.9586 0.0075 18.2925 0.0073 18.1124 0.0134
124.23163799999999 -78.883651 28 0.973 19.8557 0.0237 18.9043 0.023 17.8623 0.0144 17.4114 0.0101
124.709876 -78.724057 18 0.966 19.7744 0.0222 19.0338 0.0167 18.6102 0.0176 18.3967 0.0184
124.02289099999999 -78.891127 59 0.983 17.1822 0.0082 16.7985 0.0072 16.5681 0.0071 16.4729 0.0074
123.70373500000001 -78.879007 63 0.985 15.669 0.006 15.2894 0.0084 15.0686 0.0067 15.0064 0.0044
123.29647 -78.71741 27 0.985 16.1499 0.0069 15.6906 0.0065 15.4268 0.0047 15.3441 0.0047
124.12315100000001 -78.889248 1 0.956 nan nan nan nan 16.9511 0.1994 nan nan
124.31605900000001 -78.62304300000001 16 0.977 19.0566 0.0065 18.7599 0.0073 18.5254 0.0184 18.3702 0.036000000000000004
123.41436000000002 -78.83409 19 0.982 17.8905 0.0095 17.5619 0.0061 17.391 0.0182 17.2778 0.0089
124.21273400000001 -78.61477 1 0.9570000000000001 nan nan nan nan 17.137 0.0519 nan nan
123.692971 -78.621923 34 0.9840000000000001 18.0405 0.01 17.6361 0.0049 17.3314 0.0112 17.2213 0.0148
124.19584099999999 -78.613497 17 0.9640000000000001 20.2243 0.0227 19.2867 0.0266 18.2769 0.0057 17.8987 0.0285
124.18708600000001 -78.887247 26 0.9620000000000001 19.1762 0.0285 18.6601 0.006 18.3348 0.0152 18.1756 0.0311
124.4917 -78.645618 27 0.98 18.6845 0.0188 18.3675 0.0053 18.1624 0.0133 18.0933 0.0176
124.265799 -78.617848 15 0.973 19.0032 0.0273 18.6829 0.0137 18.4593 0.0091 18.3951 0.0166
124.28305900000001 -78.619004 54 0.972 17.307000000000002 0.009000000000000001 16.8285 0.0249 16.5373 0.0136 16.4261 0.0112
124.104676 -78.60917099999999 16 0.978 18.7857 0.0078 18.3767 0.006999999999999999 18.1152 0.0084 18.0486 0.0358
123.291051 -78.784518 15 0.9790000000000001 18.9569 0.0102 18.6037 0.0082 18.4054 0.0154 18.3603 0.0715
123.418231 -78.837299 13 0.975 nan nan 18.0344 0.0254 17.3309 0.0117 17.0328 0.0331
123.462746 -78.653429 18 0.982 18.9224 0.0093 18.0396 0.0086 17.0757 0.0075 16.7151 0.0057
124.156296 -78.889735 1 0.966 nan nan nan nan 16.995 0.1577 nan nan
123.481031 -78.649235 32 0.983 16.843 0.0057 16.5151 0.0078 16.2928 0.0086 16.2092 0.0107
123.34230900000001 -78.81438 12 0.977 19.5052 0.0106 18.8677 0.0099 18.5235 0.0192 18.1833 0.0201
123.365125 -78.82315 17 0.985 19.5109 0.0096 18.5508 0.0069 17.5895 0.0138 17.1593 0.0215
123.635006 -78.875086 25 0.981 18.3635 0.0152 17.9758 0.0076 17.6745 0.0063 17.593 0.0167
123.744299 -78.885144 82 0.988 15.6126 0.0052 15.308 0.005 15.1227 0.0068 15.0788 0.0034
123.652547 -78.623069 12 0.976 19.2384 0.0084 18.8821 0.0105 18.6602 0.0112 18.4439 0.0698
123.70345800000001 -78.618125 46 0.991 17.1152 0.012 16.5786 0.0083 16.2091 0.0112 16.0457 0.0068
123.420107 -78.84053399999999 38 0.9990000000000001 14.1952 0.0066 13.6454 0.0037 13.2554 0.0038 13.0927 0.0043
123.3397 -78.685015 14 0.978 19.54 0.1081 18.6435 0.017 18.4364 0.0288 18.2563 0.0232
123.903108 -78.893396 46 0.983 17.559 0.0059 17.2623 0.0048 17.0802 0.0052 17.0217 0.0136
123.418636 -78.66069399999999 19 0.982 18.1621 0.0103 17.807000000000002 0.0089 17.6001 0.0096 17.5616 0.0402
124.11370500000001 -78.60684499999999 58 0.986 15.6314 0.0064 15.3002 0.0045 15.120999999999999 0.0041 15.0802 0.0033
124.041728 -78.894858 1 0.953 nan nan 16.9889 0.1702 nan nan nan nan
123.277023 -78.716797 34 0.991 14.7821 0.0053 14.5078 0.0053 14.3227 0.0043 14.2868 0.0057
124.737319 -78.77114300000001 70 0.992 14.4491 0.0037 14.1168 0.0032 13.9701 0.0043 13.9387 0.0028
123.255505 -78.741986 39 0.987 15.5566 0.0056 15.2222 0.0059 15.0096 0.0036 14.9641 0.0043
123.716656 -78.884907 35 0.982 18.0745 0.0091 17.7348 0.0071 17.5117 0.0132 17.451 0.012
124.48307 -78.639258 75 0.983 16.1201 0.0065 15.7998 0.0082 15.6275 0.0068 15.5879 0.0087
124.61514 -78.833535 44 0.981 17.8585 0.0099 17.4422 0.0067 17.1913 0.0063 17.1182 0.012
124.509225 -78.643276 17 0.9690000000000001 19.2652 0.006999999999999999 18.9224 0.0185 18.7531 0.0057 18.7252 0.0697
123.919614 -78.604709 14 0.978 19.1606 0.0084 18.6174 0.0111 18.229 0.0176 18.0709 0.0351
123.26118400000001 -78.725472 30 1.0 12.5296 0.0075 12.3499 0.0053 12.2682 0.0074 12.2783 0.0044
123.29356899999999 -78.701068 30 0.983 16.9853 0.0131 16.6513 0.0052 16.4699 0.0041 16.4316 0.0081
123.50349399999999 -78.860361 33 0.982 18.4832 0.0144 17.5372 0.0205 16.3579 0.0093 15.9135 0.0084
124.751857 -78.748446 16 0.973 19.3508 0.0188 18.9342 0.0221 18.642 0.0079 18.6109 0.0226
123.253325 -78.731879 25 0.983 17.1248 0.0075 16.6318 0.0145 16.2568 0.0067 16.1296 0.0083
124.633655 -78.830102 22 0.956 20.4997 0.0295 19.5056 0.0303 18.2249 0.0185 17.7726 0.0066
124.629531 -78.669837 0 0.98 nan nan nan nan nan nan nan nan
124.595773 -78.660539 72 0.992 15.8351 0.0072 15.5203 0.0035 15.3182 0.0038 15.2717 0.0043
123.842376 -78.606086 10 0.96 19.8196 0.0094 19.4149 0.0451 19.2929 0.0152 nan nan
123.339238 -78.821914 8 0.9570000000000001 nan nan 19.6172 0.0628 18.6648 0.0389 18.2031 0.0201
123.39849199999999 -78.661472 13 0.956 20.0683 0.0186 19.1861 0.0076 18.3556 0.0407 18.0653 0.0106
123.903861 -78.896221 1 0.95 nan nan 17.2116 0.1194 nan nan nan nan
124.61646499999999 -78.835964 21 0.955 19.9144 0.0239 19.1837 0.0066 18.6536 0.0341 18.3993 0.015
123.37716599999999 -78.834434 9 0.9740000000000001 19.2579 0.011000000000000001 18.8727 0.008 18.5477 0.0088 18.4579 0.0282
123.24326200000002 -78.749502 43 0.992 15.5115 0.0053 15.1598 0.0041 14.9675 0.0045 14.9225 0.0063
123.247968 -78.734447 27 0.982 17.6483 0.0062 17.374000000000002 0.0071 17.2017 0.011000000000000001 17.129 0.0341
123.63898999999999 -78.620113 11 0.973 19.5068 0.0191 18.8308 0.0286 18.424 0.0086 18.2368 0.145
124.44968 -78.86953199999999 21 0.972 19.5082 0.0101 18.8814 0.0062 18.4899 0.0137 18.3254 0.0664
124.67582800000001 -78.81814 32 0.98 18.5315 0.009000000000000001 18.0224 0.0057 17.678 0.0112 17.5734 0.0104
123.45704099999999 -78.647032 15 0.982 18.2803 0.0075 17.9304 0.0074 17.6107 0.0089 17.4526 0.0171
123.42821799999999 -78.65310600000001 18 0.978 19.0111 0.0321 18.1481 0.0126 17.3826 0.0138 17.0663 0.0163
123.509449 -78.63694699999999 9 0.951 19.6631 0.0327 19.0405 0.0646 18.6289 0.0364 18.5086 0.0293
124.220045 -78.892423 25 0.978 18.8659 0.0059 18.5135 0.0099 18.3118 0.0141 18.2812 0.0203
123.454971 -78.85449100000001 8 0.9520000000000001 20.0374 0.0126 19.508 0.0078 19.0334 0.0581 nan nan
124.46781100000001 -78.86809699999999 73 0.993 15.251 0.0039 14.6523 0.0029 14.2273 0.0042 14.0237 0.0044
123.857473 -78.603624 33 0.982 18.0083 0.0073 17.5411 0.0106 17.2075 0.008 17.0816 0.0161
123.66599099999999 -78.884231 16 0.9640000000000001 19.785999999999998 0.012 19.3125 0.0078 19.0261 0.0138 18.8233 0.0286
123.78953700000001 -78.60667 15 0.978 18.8347 0.0132 18.573 0.0066 18.3971 0.0222 18.3319 0.0599
124.10786999999999 -78.89783800000001 24 0.978 18.7241 0.0125 18.384 0.0095 18.1569 0.017 18.1083 0.0162
124.60813999999999 -78.84144 17 0.9620000000000001 19.891 0.0302 19.317999999999998 0.0155 18.9732 0.0227 18.7749 0.0163
123.394125 -78.659171 29 0.983 17.1511 0.0099 16.7991 0.0112 16.5922 0.0092 16.5049 0.0123
123.24666100000002 -78.77858 20 0.981 18.6691 0.0064 18.3465 0.0062 18.1643 0.0141 18.0412 0.0281
123.746597 -78.891452 19 0.9570000000000001 20.0413 0.0478 19.2253 0.0126 18.6485 0.0211 18.3824 0.042
123.30253799999998 -78.813702 0 0.98 nan nan nan nan nan nan nan nan
123.64790500000001 -78.616892 36 0.983 17.7232 0.0058 17.0797 0.0142 16.6381 0.0075 16.4643 0.0155
123.698734 -78.61206 13 0.963 19.6691 0.0114 19.2003 0.0173 18.7533 0.0346 18.5592 0.0202
124.634014 -78.665547 30 0.981 18.4258 0.0111 18.0589 0.0062 17.8811 0.0166 17.8121 0.035
123.27445700000001 -78.801214 15 0.978 18.9488 0.0086 18.6159 0.0082 18.4368 0.032 18.3231 0.0356
124.129319 -78.60185899999999 58 0.998 13.556 0.0043 13.2576 0.0048 13.077 0.0029 13.0442 0.0032
123.768382 -78.606678 70 0.99 14.6845 0.0046 14.4213 0.0043 14.2838 0.0037 14.2693 0.0037
123.773075 -78.89384799999999 25 0.977 19.6462 0.0138 18.7719 0.0069 17.9794 0.0156 17.6298 0.0064
124.767807 -78.764951 59 0.992 15.498 0.0087 15.0776 0.0041 14.8403 0.0075 14.7553 0.0039
124.77115 -78.746282 19 0.971 19.2195 0.0417 18.7496 0.0204 18.3798 0.0107 18.2321 0.015
124.699598 -78.81432099999999 63 0.982 16.7167 0.0046 16.3741 0.0072 16.163 0.0055 16.1087 0.0081
124.519645 -78.86184200000001 28 0.981 19.042 0.0151 18.2988 0.0137 17.7605 0.0124 17.5534 0.0076
124.01671699999999 -78.900913 83 0.9840000000000001 15.9067 0.0047 15.5955 0.0042 15.4151 0.0062 15.3666 0.0035
124.08492700000001 -78.90024 27 0.978 18.9118 0.0157 18.3836 0.008 18.0793 0.0088 17.8692 0.0267
123.69303300000001 -78.88894499999999 73 0.997 15.2039 0.0086 14.8918 0.0038 14.7223 0.0045 14.6595 0.0048
124.031827 -78.598936 35 0.983 17.9438 0.0069 17.6746 0.0149 17.4939 0.0104 17.4271 0.013999999999999999
123.489621 -78.864225 11 0.9740000000000001 19.1155 0.0113 18.6751 0.0157 18.3699 0.0565 18.1984 0.0422
124.692719 -78.682609 37 0.98 18.8248 0.0063 18.1238 0.0085 17.6077 0.0042 17.3828 0.0117
123.496599 -78.635113 23 0.983 17.7609 0.0066 17.4257 0.0114 17.2267 0.0093 17.1884 0.0198
124.77478700000002 -78.76311 19 0.977 nan nan 18.0345 0.0067 17.7177 0.0138 17.5637 0.0137
124.624765 -78.660317 1 0.958 nan nan nan nan nan nan nan nan
124.66539099999999 -78.67218199999999 35 0.981 18.2177 0.0156 17.9343 0.0072 17.7886 0.0064 17.7518 0.0227
124.750626 -78.790878 30 0.981 18.2877 0.0075 17.9732 0.0079 17.7956 0.0079 17.7558 0.0179
124.600278 -78.847199 55 0.982 17.8153 0.006 17.4649 0.0075 17.2898 0.0096 17.2483 0.0139
123.90512 -78.598906 1 0.9540000000000001 nan nan nan nan 17.0536 0.1353 nan nan
124.56721999999999 -78.855221 52 0.982 17.4385 0.0069 17.0904 0.0039 16.9216 0.0098 16.8667 0.0059
123.26033600000001 -78.701755 21 0.98 18.5855 0.0064 18.298 0.0098 18.102999999999998 0.0337 18.0526 0.0213
124.73203400000001 -78.696822 15 0.968 19.1253 0.0116 18.861 0.0152 18.645 0.0144 18.6077 0.0245
124.680306 -78.826371 25 0.972 19.0037 0.0106 18.4625 0.0176 18.1728 0.0132 18.0003 0.028999999999999998
123.60135600000001 -78.881839 38 0.983 17.7718 0.0134 17.4493 0.0082 17.2635 0.01 17.1983 0.0071
124.50896999999999 -78.634054 26 0.982 18.4817 0.0152 18.0999 0.0064 17.8777 0.0106 17.8615 0.0413
124.766547 -78.717366 30 0.983 17.9868 0.006 17.4576 0.0044 17.109 0.0049 16.96 0.005
124.192704 -78.601231 42 0.983 17.3838 0.0126 17.0687 0.0064 16.8495 0.006 16.7757 0.0052
123.783295 -78.6025 25 0.9740000000000001 19.5374 0.0104 18.6381 0.0074 17.5903 0.0062 17.1941 0.0123
124.30093799999999 -78.60825799999999 51 0.9840000000000001 17.2365 0.0093 16.7422 0.0073 16.3893 0.0054 16.2544 0.0061
123.438969 -78.858636 16 0.9740000000000001 19.4452 0.0258 18.6795 0.0091 18.119 0.0088 17.8275 0.0096
124.592404 -78.85233199999999 65 0.983 17.2371 0.005 16.8647 0.0036 16.6581 0.0076 16.585 0.0077
123.24011599999999 -78.792951 11 0.9640000000000001 20.2611 0.0212 19.3566 0.0203 18.7396 0.0076 18.4554 0.013000000000000001
124.526973 -78.635483 25 0.9790000000000001 18.4876 0.0156 18.1851 0.0105 17.9931 0.0138 17.8168 0.0703
123.245727 -78.704605 27 0.983 17.6347 0.0185 17.3131 0.0057 17.13 0.0087 17.0793 0.0096
124.05203200000001 -78.903965 56 0.987 17.2139 0.0083 16.6254 0.0054 16.2349 0.0081 16.0856 0.008
123.20868899999999 -78.75285799999999 42 0.993 14.8498 0.0048 14.4237 0.006999999999999999 14.1505 0.0038 14.0629 0.0048
124.467441 -78.87524300000001 0 0.965 nan nan nan nan nan nan nan nan
123.35701599999999 -78.841205 25 0.981 17.5166 0.0089 17.0772 0.0065 16.7782 0.0148 16.6833 0.0069
123.280872 -78.685419 17 0.98 18.8977 0.0091 18.1676 0.0102 17.6923 0.0051 17.4388 0.0105
123.855429 -78.597774 43 0.983 17.7942 0.0226 17.4666 0.0148 17.303 0.0108 17.2321 0.0198
123.300824 -78.824247 16 0.981 18.979 0.0191 18.2233 0.011000000000000001 17.6845 0.0099 17.448 0.0093
124.69076399999999 -78.67419100000001 39 0.982 18.0646 0.0113 17.5653 0.0066 17.2097 0.0047 17.1139 0.0097
124.185502 -78.900873 44 0.983 17.8387 0.0048 17.5296 0.0039 17.3493 0.0093 17.3059 0.0161
123.641855 -78.611599 10 0.971 19.3116 0.0091 19.0187 0.0104 18.7666 0.0359 18.7197 0.0178
124.492333 -78.87239 45 0.982 17.3914 0.0042 16.9078 0.0045 16.6339 0.0059 16.5145 0.0062
123.282882 -78.818263 15 0.98 19.2017 0.0084 18.561 0.0134 18.125999999999998 0.0141 17.9496 0.0582
124.19553400000001 -78.599453 14 0.9790000000000001 19.180999999999997 0.013999999999999999 18.5947 0.0179 18.1502 0.0129 17.9725 0.0211
124.008614 -78.90538000000001 28 0.976 20.0574 0.0125 19.1116 0.0302 17.9744 0.0143 17.5282 0.017
123.378623 -78.65335300000001 12 0.972 19.6229 0.0145 18.9912 0.0126 18.5503 0.044000000000000004 18.1898 0.1266
123.45603899999999 -78.636884 8 0.9790000000000001 18.7555 0.0209 18.5294 0.0569 18.3718 0.01 18.3639 0.0269
124.149051 -78.90294200000001 52 0.982 17.6867 0.0084 17.2163 0.0049 16.9042 0.0096 16.8037 0.0058
123.693147 -78.893888 60 0.983 17.1252 0.011000000000000001 16.9122 0.005 16.7971 0.0047 16.7926 0.0083
124.670519 -78.66615300000001 27 0.98 18.67 0.008 18.2637 0.006 17.9873 0.0215 17.8933 0.0125
124.444574 -78.620486 39 0.983 18.268 0.017 17.4788 0.0132 16.9211 0.0055 16.6589 0.0104
123.354451 -78.843108 18 0.982 17.755 0.0183 17.4575 0.0096 17.303 0.006999999999999999 17.2701 0.0087
123.921568 -78.905548 31 0.98 18.4364 0.0058 17.897000000000002 0.0103 17.5177 0.0078 17.3328 0.0107
123.402499 -78.64619 26 0.983 17.2273 0.0062 16.6451 0.0049 16.2967 0.011000000000000001 16.1449 0.0053
123.286971 -78.822567 10 0.963 nan nan 20.1107 0.0253 18.3579 0.0137 17.7366 0.0658
123.51411499999999 -78.625851 12 0.95 nan nan 20.1501 0.1512 18.3647 0.0128 17.7066 0.0164
124.78901200000001 -78.77944699999999 16 0.955 19.387999999999998 0.0075 19.0884 0.0069 18.987000000000002 0.0246 18.8035 0.0331
123.854274 -78.596059 8 0.956 19.4493 0.0159 19.2141 0.0093 19.0787 0.0107 nan nan
123.966187 -78.593438 40 0.9840000000000001 17.3566 0.0186 17.0435 0.0064 16.8594 0.0082 16.7689 0.0111
123.986526 -78.906699 22 0.976 18.7789 0.0073 18.3608 0.015 18.154 0.0122 18.0309 0.0136
123.20431599999999 -78.772763 13 0.9790000000000001 19.5656 0.0308 18.987000000000002 0.0077 18.4708 0.013999999999999999 18.24 0.0099
123.196927 -78.74475799999999 1 0.9520000000000001 nan nan nan nan 16.7117 0.1891 nan nan
124.693122 -78.830466 56 0.9840000000000001 16.6213 0.004 16.2314 0.0032 15.9788 0.0036 15.8949 0.0054
123.53640800000001 -78.621974 37 0.983 17.203 0.0068 16.8581 0.0092 16.625999999999998 0.0068 16.5301 0.0088
124.80523899999999 -78.75486 39 0.982 18.4334 0.0074 17.6364 0.0068 16.9864 0.0083 16.727 0.0084
124.454136 -78.620502 26 0.981 18.3058 0.0107 17.9558 0.0113 17.7047 0.0114 17.6733 0.0245
123.98168100000001 -78.907169 0 0.955 nan nan nan nan nan nan nan nan
123.45530500000001 -78.866477 54 0.992 15.8919 0.0046 15.5978 0.0067 15.4414 0.0044 15.4031 0.0046
124.787681 -78.71726 35 0.982 18.0446 0.023 17.4109 0.0079 17.0485 0.0056 16.887 0.0118
123.223169 -78.79340400000001 13 0.9790000000000001 18.8654 0.0134 18.5997 0.0087 18.3979 0.0065 18.3913 0.0595
124.71013500000001 -78.676107 83 0.996 14.7793 0.0043 14.2828 0.0036 13.9527 0.0041 13.8097 0.0041
123.66923600000001 -78.606328 65 0.99 14.9736 0.0051 14.7055 0.0034 14.5208 0.0039 14.4856 0.0048
124.099267 -78.906628 23 0.958 20.1294 0.0315 19.2764 0.0201 18.1868 0.0185 17.7765 0.0133
123.71171299999999 -78.60263 43 0.9840000000000001 17.4649 0.0078 17.0181 0.0117 16.7296 0.0126 16.613 0.0124
123.245729 -78.69328 31 0.983 17.2683 0.0172 16.9479 0.0057 16.7352 0.0058 16.6584 0.0049
124.40318500000001 -78.887387 77 0.983 16.7876 0.0084 16.5015 0.0068 16.33 0.008 16.2923 0.0057
123.727071 -78.601096 28 0.982 17.8675 0.0157 17.5701 0.0138 17.3032 0.006 17.2677 0.018000000000000002
124.786772 -78.712239 52 0.983 16.4838 0.0065 16.1148 0.0041 15.8821 0.0057 15.7924 0.004
124.42851200000001 -78.615695 14 0.953 19.832 0.0285 19.1564 0.0107 18.645 0.0341 18.533 0.027000000000000003
124.62215800000001 -78.648721 23 0.98 18.9437 0.006 18.3811 0.0058 18.0098 0.0151 17.9574 0.0363
124.730319 -78.820438 74 0.9990000000000001 14.145999999999999 0.0035 13.7268 0.0034 13.501 0.004 13.4338 0.0028
124.59302199999999 -78.64201899999999 31 0.982 18.2899 0.0172 17.9069 0.0055 17.6509 0.0073 17.5819 0.0128
123.35528899999998 -78.653367 9 0.98 19.0937 0.0081 18.7565 0.0084 18.4964 0.0088 18.4651 0.0286
124.256846 -78.598991 75 0.986 15.5425 0.0039 15.1442 0.004 14.8873 0.0036 14.8073 0.0042
124.660233 -78.844367 56 0.985 16.464000000000002 0.0041 16.041 0.0042 15.8021 0.0043 15.719000000000001 0.0052
123.20548400000001 -78.789142 32 0.983 17.4087 0.0077 16.9013 0.0064 16.6057 0.0061 16.4643 0.0062
123.19973999999999 -78.784328 27 0.982 18.2838 0.0146 17.5667 0.0055 17.0265 0.0073 16.797 0.0135
123.193794 -78.778655 43 0.9890000000000001 15.1995 0.0048 14.7966 0.0036 14.5548 0.0054 14.4769 0.0037
124.11148600000001 -78.90825600000001 1 0.953 16.767 0.2115 nan nan nan nan nan nan
124.589584 -78.861405 33 0.972 19.6749 0.0084 18.7896 0.0127 17.9476 0.0163 17.5949 0.0173
123.204927 -78.712363 42 0.995 14.8314 0.0076 14.3887 0.0057 14.105 0.0049 14.0116 0.0044
124.276647 -78.598741 26 0.981 18.7808 0.0068 18.183 0.0093 17.8772 0.0083 17.7307 0.0065
124.599957 -78.860801 33 0.9790000000000001 18.4063 0.0082 18.0838 0.0072 17.8818 0.0075 17.8398 0.0353
123.191006 -78.719736 10 0.955 20.4081 0.0239 19.5336 0.027000000000000003 18.2603 0.0084 17.7362 0.0106
123.317127 -78.841105 28 0.998 12.3815 0.0073 12.1432 0.0061 12.0129 0.0056 12.0008 0.0047
124.111636 -78.909735 1 0.96 nan nan nan nan 16.7691 0.1333 nan nan
123.98113700000002 -78.911209 0 0.965 nan nan nan nan nan nan nan nan
124.822617 -78.767196 17 0.972 19.3076 0.0067 19.0082 0.0054 18.8316 0.011000000000000001 18.877 0.0305
124.82823400000001 -78.754961 21 0.976 19.0114 0.0175 18.6096 0.0101 18.4 0.0186 18.3252 0.0439
124.75393799999999 -78.81886 33 0.9740000000000001 19.2361 0.0071 18.3235 0.0084 17.5434 0.0147 17.2511 0.0116
124.55081899999999 -78.871768 29 0.977 18.5628 0.0054 18.2396 0.0072 18.0641 0.0071 18.0558 0.0418
124.038886 -78.911852 23 0.976 19.4557 0.0097 18.6387 0.0077 17.9871 0.0075 17.6661 0.0294
124.362672 -78.896006 0 0.955 nan nan nan nan nan nan nan nan
124.68104299999999 -78.843903 34 0.982 17.9996 0.006 17.6423 0.004 17.4353 0.0043 17.3609 0.0192
124.494293 -78.61972 1 0.958 nan nan nan nan 17.0533 0.1595 nan nan
124.7781 -78.69284499999999 72 0.986 13.7136 0.0045 13.1998 0.0035 12.8972 0.0033 12.7683 0.0029
124.067054 -78.587523 60 0.9840000000000001 16.6876 0.0054 16.4344 0.0051 16.2705 0.0066 16.2229 0.0056
123.238317 -78.683861 25 0.985 16.77 0.0057 16.1428 0.008 15.7261 0.0056 15.567 0.0056
123.900333 -78.588125 19 0.9790000000000001 18.9601 0.0067 18.5006 0.0096 18.1671 0.0107 18.0119 0.0274
124.293669 -78.9029 35 0.971 18.3146 0.008 18.0912 0.0056 17.9487 0.0195 17.9141 0.0201
123.173548 -78.724735 14 0.982 18.2539 0.0101 17.5513 0.0096 17.0974 0.0141 16.8828 0.01
124.48516699999999 -78.883581 56 0.982 17.2783 0.0109 16.9739 0.0041 16.785999999999998 0.0062 16.7509 0.0056
123.66873400000001 -78.600093 27 0.981 18.391 0.0115 17.8394 0.0237 17.4968 0.0097 17.3154 0.0108
124.37665700000001 -78.896292 104 0.9940000000000001 14.7508 0.003 14.4239 0.003 14.2601 0.0061 14.2274 0.0029
123.45001599999999 -78.873888 12 0.975 19.5595 0.0081 19.0108 0.0156 18.6509 0.0114 18.4217 0.0436
124.04793799999999 -78.586455 30 0.981 19.5345 0.0256 18.6182 0.0104 17.4139 0.006999999999999999 16.9419 0.0101
124.80765900000002 -78.706241 66 0.991 14.7278 0.0042 14.3624 0.0037 14.1689 0.0034 14.1092 0.0035
124.46269 -78.61363 1 0.951 nan nan nan nan 17.107 0.2018 nan nan
124.631942 -78.642444 24 0.973 20.451 0.0276 19.579 0.0269 17.9946 0.0099 17.3378 0.0111
123.852076 -78.588514 30 0.981 18.6063 0.0156 18.0545 0.0049 17.7143 0.0143 17.5534 0.0264
123.159507 -78.759516 24 0.9840000000000001 16.2902 0.0062 15.8947 0.0084 15.6701 0.0061 15.5991 0.0082
124.83946200000001 -78.762889 63 0.9990000000000001 14.7841 0.005 14.4436 0.0035 14.2615 0.0047 14.2149 0.0032
124.707067 -78.66164300000001 43 0.983 17.5459 0.0051 17.1476 0.0054 16.8974 0.0065 16.8135 0.0081
124.821327 -78.788289 42 0.98 18.039 0.0147 17.7527 0.0071 17.6172 0.0097 17.5573 0.0244
124.63799399999999 -78.858824 67 0.996 12.2674 0.0047 11.9404 0.0036 11.7786 0.0054 11.7449 0.003
123.843861 -78.58799 45 0.982 17.8185 0.0086 17.3689 0.0042 17.0865 0.0081 16.9487 0.0093
123.192071 -78.702045 23 0.983 18.0701 0.0085 17.2809 0.0051 16.6434 0.0107 16.4102 0.0146
123.17178799999999 -78.785156 20 0.981 19.1995 0.0277 18.24 0.0068 17.1424 0.0105 16.7131 0.0193
124.20256100000002 -78.910422 35 0.983 17.514 0.0079 16.8649 0.0067 16.4269 0.0042 16.2525 0.0056
123.25754199999999 -78.830365 38 0.985 15.2463 0.0076 14.7145 0.0036 14.3742 0.0061 14.2119 0.0067
123.787798 -78.589854 79 0.988 15.4573 0.0058 15.0996 0.0044 14.8779 0.0043 14.7989 0.0037
123.332051 -78.852825 21 0.982 18.2027 0.0074 17.7455 0.0062 17.476 0.0138 17.359 0.0227
123.170092 -78.716601 12 0.9790000000000001 18.9326 0.0208 18.2778 0.0289 17.825 0.0116 17.6767 0.0271
123.153888 -78.736932 9 0.9690000000000001 19.8302 0.0128 19.0705 0.0077 18.5689 0.0095 18.2455 0.1033
123.301381 -78.845268 15 0.965 19.9965 0.0498 19.1791 0.0107 18.0222 0.0098 17.5309 0.0516
123.24047900000001 -78.676517 17 0.98 18.7142 0.0074 18.1718 0.006 17.8059 0.0083 17.6586 0.0105
123.69486599999999 -78.59526899999999 19 0.98 19.2847 0.0072 18.531 0.0186 17.9442 0.0122 17.7238 0.0075
