ra dec ngood class_star g_psf e_g_psf r_psf e_r_psf i_psf e_i_psf z_psf e_z_psf
201.970131 -31.480536999999998 13 0.955 18.3884 0.0495 18.0573 0.0141 17.8667 0.0079 17.7327 0.0228
201.982645 -31.508275 33 0.983 17.7401 0.0287 16.9172 0.0057 16.1933 0.0039 15.9065 0.0082
201.954711 -31.489883000000003 8 0.971 18.7521 0.018000000000000002 18.6088 0.0076 18.4405 0.0097 18.4409 0.0177
201.960599 -31.476222999999997 0 0.9990000000000001 nan nan nan nan nan nan nan nan
201.979963 -31.469428999999998 14 0.978 18.5132 0.0216 18.245 0.0225 18.0518 0.013000000000000001 18.0134 0.0085
201.99573700000002 -31.473881 17 0.981 18.3391 0.0075 17.8711 0.0143 17.6151 0.0064 17.5291 0.0096
201.950455 -31.499238000000002 24 0.9790000000000001 17.7222 0.0068 17.3271 0.0097 17.0077 0.0089 16.8746 0.0181
201.975699 -31.466831 19 0.982 18.7999 0.0089 18.134 0.0118 17.6962 0.0113 17.5078 0.0131
201.99598899999998 -31.470608000000002 17 0.981 19.8625 0.0142 18.9454 0.0119 17.7217 0.0127 17.3059 0.0075
201.999553 -31.512228999999998 18 0.98 18.4423 0.0084 18.0062 0.0104 17.7152 0.0057 17.6287 0.009000000000000001
201.989955 -31.517909000000003 39 0.997 12.5895 0.006 12.2771 0.004 12.1226 0.0044 12.0876 0.0038
201.993574 -31.520614000000002 5 0.9570000000000001 19.2236 0.018000000000000002 18.6537 0.0264 18.4039 0.0238 18.2287 0.0118
201.952672 -31.514568 33 0.983 15.6711 0.0086 15.169 0.0044 14.8653 0.0038 14.744000000000002 0.0039
201.964676 -31.462627 17 0.953 19.7415 0.068 18.9114 0.0276 17.9486 0.0167 17.5262 0.0217
201.944219 -31.479795000000003 20 0.983 18.174 0.0074 17.7834 0.0117 17.2417 0.0071 16.9367 0.0135
202.015825 -31.482166999999997 12 0.98 18.4437 0.0083 18.1883 0.0133 18.0422 0.0062 17.9571 0.0167
201.961639 -31.524074 17 0.971 17.8485 0.0083 17.5503 0.0167 17.1219 0.0109 16.9213 0.0134
201.98210600000002 -31.528896000000003 9 0.973 18.8043 0.0281 18.6273 0.0075 18.5317 0.0243 18.4661 0.0258
201.949746 -31.464342 21 0.976 18.1887 0.0076 17.6985 0.0079 17.3149 0.0107 17.1877 0.0275
201.97082 -31.454528000000003 20 0.978 17.7939 0.0184 17.4298 0.0059 17.1864 0.0122 17.0864 0.0148
201.986335 -31.530989 11 0.98 nan nan 19.4404 0.0345 18.0754 0.0209 17.5728 0.0097
202.025698 -31.495666999999997 14 0.981 18.155 0.0086 17.9351 0.0087 17.8041 0.011000000000000001 17.7872 0.0064
201.938983 -31.470466 8 0.9640000000000001 nan nan 19.7846 0.0756 18.8213 0.0142 18.418 0.0496
202.011902 -31.461432000000002 10 0.972 20.3252 0.0312 19.3545 0.0118 18.6683 0.0151 18.3413 0.0471
201.932376 -31.505819 38 0.983 16.9862 0.0087 16.714000000000002 0.0096 16.5415 0.0102 16.5006 0.0054
201.929774 -31.481053000000003 13 0.98 19.6464 0.0159 18.8291 0.0104 18.2998 0.0109 18.1054 0.0093
201.95834399999998 -31.532327000000002 17 0.978 18.5076 0.018000000000000002 17.5608 0.008 16.6847 0.006 16.3145 0.0115
202.016573 -31.460628000000003 13 0.981 20.2919 0.0249 19.3851 0.0431 18.0545 0.0094 17.5136 0.0091
202.003853 -31.449682 22 0.983 17.7242 0.0071 17.3457 0.0248 17.0863 0.009000000000000001 16.9797 0.0246
202.036102 -31.495364000000002 18 0.981 18.2733 0.0099 17.9351 0.0174 17.6747 0.0065 17.6108 0.0102
201.922717 -31.48325 9 0.968 nan nan 19.9793 0.0301 18.6824 0.0637 18.2312 0.0191
201.923777 -31.478942 17 0.982 18.972 0.0133 18.1238 0.0111 17.3539 0.0117 17.0317 0.0078
201.959218 -31.446158 12 0.963 19.2844 0.009000000000000001 18.6599 0.0166 18.1833 0.0225 18.0435 0.0117
201.919711 -31.495884999999998 5 0.958 nan nan nan nan 18.9947 0.0721 18.4938 0.0085
202.017259 -31.532321000000003 8 0.983 nan nan 17.1621 0.0104 16.7525 0.0138 16.5785 0.0132
202.03601899999998 -31.510102000000003 4 0.982 nan nan nan nan 17.8862 0.0558 17.6979 0.0347
202.039275 -31.481816 40 0.983 15.9865 0.0103 15.6512 0.0071 15.472000000000001 0.0036 15.4243 0.0052
201.99844 -31.542071999999997 12 0.983 17.8153 0.0078 17.5386 0.0075 17.3807 0.0062 17.3544 0.0083
202.01939099999998 -31.532245 26 0.983 16.0156 0.045 15.7407 0.0094 15.5789 0.0266 15.5281 0.0181
202.038547 -31.507324 9 0.977 nan nan 19.8963 0.0133 18.3359 0.0111 17.6761 0.0103
201.97048600000002 -31.545212 22 0.981 17.9835 0.0075 17.1437 0.0055 16.4495 0.0134 16.1742 0.0092
201.936242 -31.531672999999998 33 0.993 13.1582 0.006999999999999999 12.8261 0.0074 12.6366 0.0043 12.5913 0.004
201.950411 -31.540267999999998 35 0.983 15.4041 0.0093 15.0103 0.0121 14.7207 0.008 14.6161 0.0072
201.95500900000002 -31.442171999999996 20 0.977 18.5319 0.0101 17.7127 0.0059 16.9517 0.0138 16.6751 0.0104
201.94090500000001 -31.536151 31 0.9890000000000001 14.2903 0.0073 13.7493 0.0045 13.3815 0.0043 13.2325 0.006999999999999999
201.998393 -31.439290000000003 8 0.973 nan nan 19.8975 0.0147 18.6905 0.0094 18.2495 0.0125
201.930063 -31.529096000000003 10 0.965 18.7691 0.0122 18.423 0.0215 18.209 0.0098 18.1179 0.0821
201.914501 -31.479778000000003 22 0.983 18.6622 0.0174 17.8355 0.0074 17.1898 0.0072 16.9175 0.0147
201.942675 -31.444702000000003 15 0.98 19.93 0.0395 19.0562 0.0165 18.1659 0.0182 17.8519 0.006999999999999999
201.937896 -31.447253999999997 13 0.975 19.585 0.0439 18.963 0.0284 18.4593 0.0358 18.2123 0.0233
201.912221 -31.497120000000002 18 0.981 18.0775 0.0144 17.8839 0.0072 17.705 0.0054 17.7024 0.0248
201.982371 -31.549996000000004 13 0.981 20.3474 0.0117 19.4587 0.0094 18.0283 0.0115 17.4612 0.0097
202.002466 -31.437896000000002 37 0.981 16.6167 0.0093 16.3003 0.0146 16.1323 0.0041 16.0733 0.0067
201.96957700000002 -31.434881 38 0.9840000000000001 15.5946 0.0108 15.197000000000001 0.0068 14.9245 0.0036 14.839 0.0037
202.04378400000002 -31.474097999999998 38 0.983 16.4548 0.0048 16.1629 0.0041 16.0091 0.005 15.9667 0.0074
202.047428 -31.48221 38 0.983 17.0924 0.0061 16.7688 0.0069 16.5648 0.0069 16.4632 0.0118
202.04584499999999 -31.510778000000002 21 0.985 19.3942 0.0205 18.4635 0.0095 16.9078 0.0046 16.3004 0.0044
201.91065700000001 -31.479225 8 0.965 19.0153 0.0277 18.7549 0.0102 18.6703 0.013000000000000001 18.6262 0.0135
201.989239 -31.553283 25 0.9840000000000001 17.3078 0.0115 17.0134 0.006 16.8085 0.0055 16.7576 0.0142
201.91368799999998 -31.518534000000002 15 0.9790000000000001 nan nan 19.5332 0.013000000000000001 18.3016 0.0294 17.8822 0.021
201.982628 -31.430568 2 0.971 nan nan nan nan 18.3962 0.0343 18.1769 0.033
202.015711 -31.438096999999996 42 0.983 15.5551 0.0082 15.3059 0.0081 15.173 0.0041 15.1533 0.0057
201.911633 -31.467485999999997 16 0.98 18.4922 0.0074 18.1734 0.009000000000000001 18.0141 0.0162 17.9592 0.0267
201.99787 -31.553075 14 0.982 19.3774 0.0393 18.448 0.0229 17.5255 0.0121 17.1627 0.016
201.986758 -31.429370000000002 38 0.9840000000000001 16.2708 0.0047 15.4214 0.0042 14.622 0.0034 14.2983 0.0056
201.980155 -31.428478000000002 14 0.9790000000000001 18.5228 0.0078 18.3433 0.0086 18.1896 0.0146 18.2073 0.0128
202.032625 -31.537774 7 0.98 nan nan nan nan 18.1885 0.0183 17.5563 0.0111
202.052676 -31.508926000000002 44 0.9840000000000001 15.4536 0.0098 15.1854 0.0052 15.0055 0.0075 14.9797 0.0048
202.055261 -31.490371000000003 20 0.983 20.0767 0.026000000000000002 19.1106 0.0247 17.3876 0.0172 16.7311 0.0109
201.903752 -31.501648 31 0.983 16.9416 0.0234 16.4097 0.0102 16.0457 0.0069 15.9085 0.0064
201.927533 -31.540343 14 0.98 18.7284 0.0079 18.2823 0.0143 17.9994 0.0152 17.8616 0.0081
201.920094 -31.450484000000003 7 0.953 20.4746 0.0171 19.6901 0.0117 18.9999 0.0204 18.8342 0.0193
202.02015 -31.436439 38 0.983 16.6017 0.0102 16.1811 0.0089 15.9217 0.0068 15.818 0.0043
201.908683 -31.519493 10 0.976 18.9723 0.0481 18.7215 0.0085 18.5627 0.0289 18.4713 0.0106
202.010841 -31.430290999999997 24 0.983 17.5175 0.0149 17.2365 0.0085 17.0682 0.0094 17.0164 0.0108
201.977598 -31.560021000000003 34 0.983 15.8089 0.0068 15.4637 0.0094 15.247 0.0066 15.190999999999999 0.0076
201.902039 -31.510184000000002 34 0.9840000000000001 17.2518 0.0207 16.7782 0.0054 16.5016 0.0057 16.4045 0.006999999999999999
201.955884 -31.557645 16 0.98 17.705 0.011000000000000001 17.4379 0.0079 17.2745 0.0133 17.2169 0.0071
202.03377 -31.542329 9 0.982 nan nan nan nan 17.4092 0.0124 17.3382 0.0178
201.96846399999998 -31.42438 27 0.982 17.2261 0.0082 16.585 0.0051 16.1636 0.0053 15.9813 0.0053
202.02078600000002 -31.550846999999997 12 0.982 18.0579 0.0235 17.7553 0.0064 17.5847 0.0063 17.5062 0.0288
202.04124299999998 -31.448303999999997 14 0.981 19.1692 0.0427 18.4311 0.0082 17.8967 0.0058 17.7499 0.0087
202.02549199999999 -31.435878999999996 31 0.985 16.6432 0.0131 15.9429 0.0049 15.4967 0.0044 15.3197 0.0066
201.930491 -31.437341999999997 22 0.983 19.0089 0.0318 18.0838 0.0075 16.9479 0.0061 16.5046 0.0073
201.902793 -31.469472999999997 41 0.9840000000000001 16.5765 0.0075 16.1102 0.0142 15.8542 0.0038 15.7384 0.0066
201.95695 -31.425534000000003 9 0.9620000000000001 18.8532 0.0267 18.5889 0.009000000000000001 18.4458 0.0256 18.3703 0.0241
201.926736 -31.439080999999998 24 0.981 18.1608 0.0075 17.4636 0.0205 17.0317 0.0056 16.8307 0.0161
202.015903 -31.429926000000002 11 0.9740000000000001 19.7689 0.063 19.175 0.0109 18.6199 0.0312 18.2687 0.0256
202.058902 -31.476522999999997 7 0.965 19.8098 0.011000000000000001 19.1876 0.0113 18.8081 0.0105 18.6324 0.0155
202.060801 -31.481008000000003 9 0.9690000000000001 19.9893 0.0223 19.3734 0.0492 18.7181 0.0198 18.4109 0.0619
202.027964 -31.54965 6 0.963 nan nan nan nan 18.6964 0.0078 18.0751 0.0198
202.009407 -31.425953999999997 37 0.983 16.9118 0.0137 16.4794 0.0063 16.1924 0.0073 16.0847 0.0079
202.05700900000002 -31.521894 6 0.96 nan nan nan nan 18.915 0.0096 18.1808 0.0156
202.063798 -31.501928999999997 19 0.983 18.9233 0.0195 18.0602 0.011000000000000001 17.276 0.0094 16.9578 0.0065
201.95402099999998 -31.562668 21 0.983 17.1031 0.0082 16.343 0.0078 15.8021 0.0047 15.5883 0.0086
202.027931 -31.431123 14 0.981 18.0793 0.066 18.0958 0.0188 17.9296 0.0103 17.9475 0.0255
201.936444 -31.556883000000003 32 0.983 16.7455 0.0195 16.4749 0.0108 16.3466 0.0081 16.3128 0.0057
201.902654 -31.455941999999997 13 0.9790000000000001 20.1 0.0427 19.2376 0.0624 18.2426 0.0123 17.7943 0.0072
202.06407099999998 -31.472627000000003 8 0.9640000000000001 nan nan nan nan 18.7814 0.0206 18.1561 0.0236
201.964253 -31.566867 26 0.961 16.4643 0.017 16.0785 0.0077 15.878 0.0094 15.8015 0.0088
201.929059 -31.554834000000003 17 0.983 18.9689 0.0239 18.0717 0.0066 17.1608 0.0049 16.8204 0.018000000000000002
201.890619 -31.483098 35 0.9840000000000001 17.3178 0.0124 16.3755 0.0098 14.8596 0.0045 14.2711 0.0041
201.894766 -31.517333 41 0.991 15.0682 0.006999999999999999 14.5929 0.0059 14.2496 0.0033 14.1102 0.0037
201.94049099999998 -31.561014 22 0.9840000000000001 18.1988 0.0219 17.3396 0.0059 16.6216 0.0049 16.3618 0.0146
202.041301 -31.547193 13 0.983 nan nan nan nan 17.1866 0.0057 16.4776 0.0042
201.89614 -31.521421999999998 12 0.981 18.6053 0.0074 18.0709 0.0085 17.6847 0.0099 17.5383 0.006999999999999999
202.05688899999998 -31.531095 3 0.968 nan nan nan nan 18.5618 0.013000000000000001 18.5063 0.0221
202.029966 -31.428756 31 0.983 17.269000000000002 0.0149 16.6293 0.006999999999999999 16.1963 0.0074 16.0194 0.0092
201.918975 -31.43501 17 0.981 nan nan 19.6396 0.0513 17.9741 0.0095 17.3058 0.0166
201.936513 -31.424409000000004 23 0.98 17.9262 0.0147 17.6186 0.0143 17.3925 0.033 17.3322 0.0092
201.908567 -31.444013 47 0.985 15.1747 0.0075 14.847000000000001 0.0046 14.6556 0.0095 14.5919 0.0131
201.92641899999998 -31.555075 14 0.96 19.8014 0.0746 18.9884 0.068 18.0734 0.0184 17.7102 0.0086
201.983451 -31.414939 35 0.9840000000000001 17.3629 0.0237 17.1248 0.0219 16.9425 0.0064 16.9366 0.0062
202.028143 -31.557533000000003 6 0.98 nan nan nan nan 17.845 0.031 17.8083 0.0187
202.068078 -31.509878999999998 39 0.985 16.2628 0.005 15.9384 0.0048 15.7076 0.0035 15.644 0.0052
201.897004 -31.458081 13 0.98 19.1768 0.0097 18.4535 0.0075 18.0183 0.0119 17.8756 0.0129
201.946685 -31.418621 11 0.972 19.5376 0.0086 18.9756 0.0209 18.6125 0.0268 18.5089 0.0177
201.893589 -31.521894 13 0.978 18.5772 0.008 18.331 0.0138 18.2015 0.0108 18.1646 0.0086
201.93602099999998 -31.422481 23 0.98 17.7485 0.0085 17.4743 0.0139 17.3031 0.0071 17.2802 0.015
201.932089 -31.423915 40 0.9840000000000001 16.3743 0.0072 15.965 0.0056 15.7098 0.0067 15.6317 0.0049
202.01110400000002 -31.567007 13 0.981 18.037 0.0079 17.7805 0.0078 17.6163 0.0093 17.5863 0.02
202.059228 -31.451211999999998 20 0.958 19.6774 0.0425 19.052 0.0456 17.7417 0.0213 17.1275 0.0102
201.88941499999999 -31.469803000000002 21 0.983 18.5382 0.0078 17.8456 0.0101 17.374000000000002 0.0116 17.1644 0.0067
202.02575 -31.42297 27 0.9840000000000001 17.0779 0.0131 16.7197 0.0051 16.5041 0.005 16.4549 0.0044
201.905484 -31.542906 10 0.976 19.3742 0.0195 18.8486 0.0084 18.5835 0.0066 18.4419 0.0293
201.942569 -31.417565999999997 12 0.9790000000000001 nan nan 19.4395 0.011000000000000001 18.1485 0.0134 17.6644 0.0129
201.886563 -31.474308 38 0.983 16.5397 0.0142 16.2141 0.0068 15.9601 0.0035 15.884 0.0041
202.03985 -31.554631 9 0.9790000000000001 nan nan nan nan 18.17 0.0131 18.1371 0.031
201.887077 -31.513478999999997 38 0.983 16.4696 0.0139 16.1383 0.0125 15.9339 0.0049 15.8804 0.0044
201.946713 -31.569502000000004 12 0.978 20.2606 0.0237 19.2844 0.0457 18.2073 0.0299 17.7696 0.018000000000000002
201.988975 -31.574039000000003 12 0.976 18.77 0.008 18.4438 0.0085 18.2175 0.0065 18.1206 0.015
201.912857 -31.432236 52 0.9890000000000001 14.9375 0.0038 14.6618 0.0045 14.4974 0.0033 14.4547 0.0036
202.072518 -31.514633 17 0.982 18.7573 0.0186 17.9315 0.0154 17.2606 0.0087 16.9867 0.0176
202.069492 -31.522689 13 0.981 18.6415 0.0161 18.227999999999998 0.0131 17.9516 0.0233 17.8414 0.0139
202.000238 -31.573175 18 0.983 17.453 0.0074 17.0062 0.0074 16.706 0.0051 16.6269 0.0064
202.019817 -31.5678 10 0.98 19.1555 0.0403 18.3327 0.0351 17.7404 0.0078 17.5162 0.0093
202.073206 -31.469586 14 0.985 19.5868 0.0119 18.7286 0.0116 17.2578 0.0066 16.73 0.0247
201.899563 -31.540902000000003 9 0.973 20.3115 0.0188 19.3517 0.0149 18.7713 0.0449 18.4307 0.0084
202.0722 -31.518525 32 0.9840000000000001 15.5784 0.0052 15.0686 0.0088 14.7073 0.004 14.5519 0.0046
202.077179 -31.490793 34 0.986 15.1926 0.0048 14.7688 0.0063 14.4849 0.0038 14.3696 0.0035
201.90168 -31.44085 17 0.982 19.0872 0.0277 18.2519 0.0126 17.5283 0.0111 17.2445 0.018000000000000002
201.90527 -31.436614000000002 14 0.9690000000000001 20.0611 0.0154 19.1986 0.0093 18.5253 0.0354 18.2352 0.0119
201.88034299999998 -31.48487 19 0.976 17.7283 0.0432 17.1255 0.0126 16.5975 0.0175 16.422 0.0101
201.914154 -31.427847999999997 10 0.976 19.6386 0.0092 18.9807 0.0101 18.5593 0.0452 18.3632 0.0332
202.07409199999998 -31.464115999999997 40 0.991 14.6289 0.0044 14.1963 0.0053 13.9342 0.0035 13.8457 0.0036
202.079845 -31.489419 25 0.9840000000000001 17.0355 0.0084 16.7021 0.0074 16.5331 0.0046 16.505 0.0074
202.04580900000002 -31.427742 20 0.982 19.1135 0.0184 18.2319 0.0171 17.055 0.0094 16.5988 0.0134
202.050557 -31.431459000000004 24 0.982 17.6452 0.0149 17.3233 0.0093 17.1252 0.0057 17.0567 0.0063
201.88597 -31.458740000000002 18 0.982 19.4669 0.0122 18.533 0.0081 17.5868 0.0172 17.1865 0.0202
202.07517099999998 -31.519672999999997 6 0.9690000000000001 19.0914 0.0129 18.7719 0.0079 18.5107 0.0365 18.4978 0.0241
201.87739 -31.487946 39 0.99 13.2842 0.0072 12.8014 0.0061 12.4572 0.0043 12.3175 0.0043
201.998649 -31.406884 8 0.953 19.296 0.0103 19.028 0.0085 18.8503 0.0415 18.7586 0.0194
202.038548 -31.421179 38 0.9840000000000001 16.1304 0.0093 15.7978 0.0041 15.5786 0.0036 15.5183 0.0039
202.053713 -31.552153999999998 2 1.0 nan nan nan nan nan nan nan nan
202.02522 -31.570613 19 0.983 18.1488 0.0075 17.2997 0.0066 16.5964 0.0079 16.3448 0.017
202.074724 -31.524905 6 0.973 19.1284 0.0129 18.7196 0.0604 18.5276 0.0114 18.559 0.0408
202.047696 -31.426558 19 0.976 nan nan 18.061 0.0128 16.9228 0.025 16.4475 0.0159
201.94868 -31.577007000000002 9 0.973 19.2761 0.0162 19.015 0.01 18.706 0.0373 18.7162 0.0324
201.92077 -31.418625 15 0.976 18.7317 0.0127 18.451 0.0133 18.212 0.0112 18.1578 0.0218
201.878852 -31.46635 15 0.983 19.7097 0.0139 18.8017 0.0267 17.3732 0.0076 16.8064 0.01
201.9938 -31.403373 11 0.961 20.4364 0.0225 19.5556 0.0452 18.6814 0.0195 18.2979 0.0369
201.900158 -31.432652 24 0.983 17.5512 0.0126 17.3016 0.0207 17.12 0.0106 17.0931 0.0121
201.90253700000002 -31.43011 42 0.983 16.5833 0.0075 16.3384 0.0085 16.1712 0.0044 16.1419 0.0047
201.888049 -31.444209999999998 14 0.977 19.8814 0.038 19.04 0.042 18.062 0.0128 17.7046 0.0085
201.919521 -31.568122999999996 12 0.9740000000000001 19.8595 0.0303 19.1429 0.0541 18.6263 0.025 18.3294 0.0109
202.072193 -31.538417 6 0.9690000000000001 nan nan nan nan 18.6281 0.0256 18.0523 0.0129
201.88777 -31.442168 18 0.982 18.7167 0.0106 18.1587 0.0198 17.7371 0.0143 17.5487 0.0158
202.071379 -31.442912 4 0.956 nan nan nan nan 18.9697 0.038 18.4092 0.0167
202.042931 -31.416713 10 0.972 19.0777 0.0121 18.809 0.0088 18.6588 0.0302 18.6003 0.0112
201.999724 -31.400675 29 0.9840000000000001 17.3359 0.0081 16.7866 0.0109 16.4257 0.0076 16.3115 0.0096
201.8986 -31.555915000000002 42 0.987 14.6139 0.0076 14.2319 0.0054 14.0054 0.0048 13.9386 0.0059
202.00742 -31.401546999999997 6 0.9590000000000001 nan nan 20.1321 0.0376 18.9867 0.0225 18.5333 0.0381
201.878996 -31.452482 13 0.983 19.1047 0.0124 18.2364 0.0087 17.3207 0.0072 16.9774 0.0058
201.903185 -31.423628000000004 17 0.982 18.5385 0.0099 18.1525 0.0069 17.8993 0.0221 17.8255 0.0215
202.05821 -31.558318 6 0.976 nan nan nan nan 16.5473 0.0408 16.4518 0.0091
202.08931299999998 -31.506697999999997 9 0.977 nan nan 19.3592 0.028999999999999998 18.358 0.0089 17.9597 0.0131
202.025813 -31.578870000000002 10 0.977 18.6363 0.0247 18.4426 0.0116 18.3402 0.0139 18.2887 0.0117
201.922598 -31.409817999999998 18 0.981 18.3486 0.0074 18.025 0.0061 17.8179 0.0174 17.7352 0.0141
202.083957 -31.527953999999998 14 0.982 17.5669 0.0098 17.319000000000003 0.0097 17.2003 0.0064 17.1717 0.0071
201.971871 -31.589028999999996 11 0.978 18.2933 0.0079 18.011 0.0101 17.8132 0.0176 17.7384 0.011000000000000001
201.927908 -31.57902 31 0.983 16.5158 0.0095 16.1189 0.0093 15.8872 0.0065 15.8106 0.0066
202.090543 -31.514013000000002 30 0.983 16.3083 0.0141 16.0217 0.0103 15.8302 0.0045 15.7937 0.0046
201.92316499999998 -31.40672 16 0.981 18.2236 0.0076 18.0518 0.0114 17.9261 0.009000000000000001 17.9495 0.0532
202.020063 -31.583765000000003 10 0.97 20.109 0.0162 19.2139 0.0131 18.3551 0.0164 18.0362 0.009000000000000001
202.039057 -31.407889 11 0.968 nan nan 19.702 0.0292 18.564 0.0078 18.1629 0.0231
201.92451699999998 -31.404486 11 0.978 18.8951 0.0139 18.6171 0.0067 18.4594 0.0121 18.4445 0.0262
201.870276 -31.456840000000003 8 0.972 18.8521 0.0111 18.6239 0.0301 18.5156 0.0096 18.4661 0.0124
202.096228 -31.499181 37 0.9840000000000001 16.1313 0.0094 15.8501 0.0053 15.6689 0.0066 15.6214 0.0052
201.98318600000002 -31.391972999999997 31 0.983 17.418 0.008 16.6424 0.0148 16.0334 0.0045 15.7733 0.0083
202.06073700000002 -31.565189 20 0.983 nan nan nan nan 15.5086 0.0038 15.435 0.0067
201.873555 -31.537553999999997 25 0.9840000000000001 15.2958 0.0082 15.4512 0.0072 15.6614 0.0055 15.7401 0.0091
201.91291999999999 -31.408721000000003 11 0.965 19.9092 0.0154 19.4263 0.0413 18.9598 0.0326 18.6067 0.0299
202.002289 -31.393169 15 0.98 18.713 0.0078 18.3768 0.0218 18.1874 0.0228 18.1001 0.0344
202.058843 -31.567296999999996 5 0.981 nan nan nan nan 17.7359 0.0092 17.2887 0.0139
202.08106899999999 -31.440008000000002 14 0.982 19.952 0.0151 19.0057 0.0115 17.5416 0.0097 16.9748 0.0156
202.016069 -31.394988 15 0.982 18.1136 0.0078 17.8637 0.0065 17.7047 0.0109 17.6591 0.0296
202.026175 -31.397816 17 0.982 18.2625 0.0128 17.8777 0.0104 17.6297 0.009000000000000001 17.5519 0.0151
202.053101 -31.573214 16 0.983 nan nan nan nan 15.5878 0.0057 15.3175 0.0042
202.06068100000002 -31.567789 11 0.958 nan nan nan nan 17.0116 0.0323 16.7291 0.0171
202.084459 -31.543128999999997 23 0.9840000000000001 16.1773 0.0099 15.7976 0.0072 15.5255 0.0097 15.4194 0.0045
202.046413 -31.405503000000003 15 0.98 18.2133 0.0391 17.9426 0.0077 17.8246 0.0106 17.7605 0.0177
201.89351100000002 -31.418113 18 0.981 18.7796 0.0082 18.2243 0.0066 17.8224 0.0132 17.6259 0.0271
201.87533 -31.547652000000003 9 0.98 nan nan 19.8611 0.0258 17.9549 0.0076 17.2285 0.013000000000000001
202.097307 -31.46375 39 0.9840000000000001 16.3561 0.0071 15.8799 0.0042 15.5233 0.0052 15.3819 0.0044
202.05076599999998 -31.407095 9 0.9620000000000001 nan nan 19.9241 0.0311 18.7189 0.0111 18.2953 0.006999999999999999
201.863412 -31.456689 13 0.981 18.8911 0.0077 18.2534 0.0075 17.8781 0.0126 17.7038 0.0112
202.101322 -31.505862 17 0.972 18.3696 0.0228 18.0997 0.023 17.8691 0.0152 17.8957 0.0123
201.980185 -31.386874 32 0.983 17.6068 0.011000000000000001 16.881 0.0093 16.3796 0.0056 16.1497 0.0091
201.927359 -31.396502 46 0.9840000000000001 15.765999999999998 0.009000000000000001 15.4976 0.0052 15.3295 0.0042 15.3163 0.0034
201.974479 -31.386826 49 0.986 13.970999999999998 0.0038 13.6538 0.0032 13.4596 0.0033 13.4084 0.0035
202.090312 -31.445884000000003 13 0.981 19.0967 0.0236 18.2531 0.0107 17.6056 0.0076 17.3166 0.0076
202.100573 -31.470552 44 0.9890000000000001 15.2745 0.0081 15.1381 0.0052 15.0986 0.0042 15.1168 0.0053
201.856347 -31.510510999999997 10 0.9740000000000001 18.9263 0.0081 18.6951 0.0103 18.538 0.0144 18.494 0.0277
201.85826799999998 -31.465172999999997 31 0.983 17.1512 0.0089 16.7626 0.0053 16.5035 0.0066 16.4482 0.0191
201.972791 -31.598813 31 0.988 14.3841 0.006999999999999999 13.8742 0.0054 13.5452 0.0037 13.4063 0.0043
202.103045 -31.475359 50 0.988 14.3533 0.008 14.035 0.0032 13.8384 0.0032 13.7868 0.0032
201.893746 -31.570809000000004 11 0.98 nan nan 19.1037 0.0113 17.8559 0.0117 17.3695 0.0129
202.09691 -31.454537 20 0.983 18.858 0.0085 17.9917 0.0141 17.186 0.0074 16.8945 0.0096
202.08720300000002 -31.437253000000002 8 0.958 20.0439 0.0283 19.2457 0.0229 18.7532 0.027999999999999997 18.6291 0.0251
202.09255 -31.538992999999998 8 0.977 18.5593 0.0118 18.363 0.0127 18.1279 0.0074 18.145 0.0162
201.94598 -31.388590999999998 12 0.977 nan nan nan nan 18.507 0.025 17.7331 0.0311
201.88710600000002 -31.418861 13 0.98 19.6045 0.0133 18.75 0.0081 17.8011 0.0087 17.4572 0.0082
201.96256200000002 -31.385429 26 0.975 18.3292 0.0083 17.6017 0.0146 16.9826 0.0067 16.6968 0.0154
201.988299 -31.3843 11 0.972 19.0646 0.0078 18.7826 0.0088 18.5873 0.0087 18.4849 0.0131
202.0845 -31.431882 8 0.9640000000000001 19.6801 0.0184 19.0737 0.0185 18.6068 0.0221 18.4727 0.0213
202.030977 -31.591278000000003 27 0.983 16.3351 0.0082 16.0298 0.0056 15.8704 0.0049 15.8204 0.009000000000000001
201.892872 -31.572557 13 0.98 18.6161 0.0349 18.2871 0.0476 18.0277 0.0214 17.9613 0.0084
202.028151 -31.592893 14 0.983 17.7593 0.0076 17.4278 0.0076 17.1759 0.0083 17.1195 0.0176
202.021858 -31.389351 47 0.985 14.53 0.0045 14.0873 0.0032 13.7695 0.0036 13.6422 0.0035
202.107172 -31.488540999999998 22 0.982 17.8648 0.013999999999999999 17.6458 0.0151 17.5021 0.0058 17.4181 0.0193
201.914376 -31.398002 49 0.985 14.6711 0.0048 14.4723 0.004 14.3578 0.0038 14.3525 0.0035
201.853567 -31.467715999999996 28 0.983 17.7407 0.0088 17.3004 0.0086 17.0125 0.0061 16.9063 0.0063
202.06256299999998 -31.57635 24 0.991 13.2066 0.0179 12.3962 0.006999999999999999 11.7787 0.0074 11.5042 0.005
202.104222 -31.521365000000003 21 0.983 17.8571 0.0078 16.9599 0.009000000000000001 15.942 0.0046 15.550999999999998 0.0064
202.094387 -31.543591999999997 9 0.9640000000000001 18.5265 0.0149 18.2462 0.0177 18.074 0.0085 18.0461 0.0103
202.068902 -31.411026 34 0.983 17.1003 0.0215 16.8205 0.0051 16.6442 0.0043 16.5863 0.005
202.04919099999998 -31.397964 34 0.983 17.1752 0.0077 16.9279 0.0179 16.7618 0.0066 16.7262 0.011000000000000001
201.859116 -31.536991999999998 16 0.9840000000000001 18.1443 0.0084 17.3977 0.0053 16.7852 0.0116 16.5612 0.0087
201.866396 -31.550093 32 0.987 14.6325 0.0179 14.18 0.0061 13.8736 0.0055 13.749 0.0058
202.10850200000002 -31.470390999999996 15 0.981 18.2328 0.0077 18.0635 0.0068 17.9526 0.0062 17.9408 0.0302
202.04418 -31.590252000000003 11 0.973 19.1509 0.0349 18.7235 0.0136 18.4649 0.0285 18.4051 0.01
202.02076599999998 -31.385344 11 0.981 nan nan 19.365 0.0155 17.8963 0.0283 17.3402 0.0239
201.856113 -31.534028999999997 29 0.983 16.642 0.0059 16.2697 0.0126 15.9955 0.0043 15.9099 0.0053
201.937718 -31.384856 14 0.9790000000000001 18.7556 0.0154 18.4662 0.0223 18.2937 0.009000000000000001 18.2605 0.0127
202.111889 -31.491372 21 0.983 18.9921 0.0115 18.0815 0.0171 17.0284 0.0058 16.5895 0.0055
201.998454 -31.604259000000003 13 0.978 19.0975 0.0089 18.5303 0.0153 18.1784 0.0092 18.0208 0.0219
201.84966799999998 -31.517912 22 0.982 18.1115 0.0085 17.6296 0.0101 17.2972 0.0092 17.217 0.0163
201.85311299999998 -31.455969 7 0.9570000000000001 nan nan nan nan 18.773 0.0456 18.0943 0.0102
201.992704 -31.378687 14 0.981 18.2271 0.0188 18.0557 0.0068 17.9418 0.0135 17.9418 0.0194
201.99545 -31.605541 13 0.982 18.1789 0.0085 17.8712 0.0068 17.6898 0.0087 17.6544 0.0229
202.113102 -31.483940000000004 25 0.983 18.3286 0.0144 17.5213 0.0074 16.9228 0.0069 16.655 0.0087
201.947646 -31.380675 12 0.975 18.5499 0.0074 18.3412 0.0078 18.2127 0.0092 18.2203 0.0128
202.109787 -31.463212 12 0.978 18.6936 0.0114 18.3917 0.0146 18.2504 0.006 18.2056 0.0442
202.113232 -31.476476 48 0.986 14.1781 0.004 13.9497 0.0036 13.8167 0.0036 13.7934 0.0048
201.854056 -31.536745 26 0.983 17.1681 0.0139 16.6165 0.0107 16.2204 0.0062 16.0724 0.0056
201.843005 -31.49063 41 0.988 16.4186 0.0095 15.991 0.0082 15.6967 0.0041 15.5821 0.0045
201.84788 -31.460657 8 0.965 20.1617 0.021 19.5807 0.0557 18.8576 0.0098 18.3972 0.0781
201.920006 -31.387282 10 0.973 19.9807 0.0256 19.0803 0.0168 18.4461 0.0099 18.0754 0.0127
201.912036 -31.593706 33 0.987 15.3043 0.0107 14.8751 0.0045 14.5537 0.0042 14.4074 0.0052
202.061701 -31.585203000000003 14 0.976 19.2799 0.0199 18.69 0.0198 18.3052 0.0175 18.1434 0.0142
201.84913600000002 -31.455892 48 0.988 15.1104 0.0045 14.7867 0.0041 14.5999 0.0043 14.5501 0.0052
201.994467 -31.374175 26 0.983 17.3615 0.0211 16.8633 0.0106 16.5194 0.0154 16.3822 0.0098
201.93809199999998 -31.606036 10 0.958 19.1962 0.0484 19.0087 0.0196 18.9035 0.0291 18.9043 0.0176
201.859548 -31.554278999999998 5 0.973 nan nan 19.9347 0.0429 18.9594 0.0423 18.6612 0.0254
202.105248 -31.438315999999997 38 0.9840000000000001 16.5407 0.0076 15.7258 0.0043 15.1224 0.0042 14.8842 0.0034
202.083354 -31.57358 9 0.9740000000000001 19.3879 0.0209 18.6965 0.0121 18.2451 0.0262 17.9976 0.0139
202.054866 -31.59398 11 0.977 20.0068 0.019 19.2258 0.009000000000000001 18.319000000000003 0.0241 17.9507 0.0079
201.87334199999998 -31.572211 7 0.9740000000000001 19.1242 0.0105 18.7625 0.0118 18.5056 0.011000000000000001 18.3845 0.0761
202.047624 -31.59774 14 0.976 18.7071 0.0158 18.4095 0.0113 18.2105 0.0219 18.1115 0.0079
201.935175 -31.606858000000003 12 0.972 18.8751 0.0385 18.5547 0.0095 18.3933 0.0109 18.2913 0.033
202.006222 -31.610621999999996 11 0.968 19.595 0.0163 19.0879 0.0262 18.7129 0.0344 18.605 0.0146
201.926514 -31.604571999999997 12 0.977 19.9921 0.035 19.1559 0.0108 18.1679 0.0186 17.7799 0.0188
202.009269 -31.373964 11 0.972 18.8042 0.0333 18.5768 0.0111 18.3692 0.0117 18.3586 0.0409
202.002222 -31.372707000000002 35 0.9840000000000001 15.7085 0.0061 15.0125 0.0038 14.4979 0.0051 14.2842 0.0038
201.863787 -31.421374 10 0.975 nan nan 19.5799 0.0133 18.4875 0.0111 18.0865 0.0197
201.844433 -31.453215999999998 29 0.983 17.2608 0.0093 16.9584 0.0121 16.7306 0.0053 16.6611 0.0087
201.85003700000001 -31.440087 23 0.983 18.3765 0.0324 17.7701 0.0157 17.3953 0.0152 17.2412 0.0106
202.017249 -31.609740999999996 14 0.9840000000000001 17.5902 0.0074 17.3709 0.0064 17.2195 0.0104 17.1947 0.0118
201.878782 -31.579208 12 0.983 18.2413 0.0126 17.5631 0.0102 17.03 0.0127 16.8347 0.0146
202.122037 -31.501159 47 0.996 13.4074 0.0045 12.929 0.0037 12.5898 0.0033 12.4511 0.0033
202.118282 -31.462846000000003 19 0.983 18.7214 0.0113 17.8535 0.0066 17.1299 0.0055 16.7841 0.0202
201.92351299999999 -31.605511 14 0.977 19.738 0.1248 18.8211 0.0078 18.1477 0.013000000000000001 17.8424 0.0144
201.835017 -31.487596000000003 10 0.9540000000000001 19.4415 0.0328 19.1818 0.0164 18.8737 0.0306 18.9257 0.0255
201.93254199999998 -31.37538 13 0.961 19.6779 0.0193 19.0301 0.0161 18.4258 0.0172 18.2204 0.0165
202.098994 -31.56192 14 0.981 19.2252 0.0164 18.3556 0.0068 17.4824 0.013000000000000001 17.1313 0.0176
202.112359 -31.442488 31 0.983 16.9054 0.0087 16.3031 0.0045 15.9163 0.0043 15.7665 0.0049
202.1225 -31.47115 14 0.978 18.5178 0.0082 18.2906 0.0063 18.102 0.0176 18.0436 0.0103
202.12126899999998 -31.465512 38 0.985 15.8381 0.0111 15.470999999999998 0.0044 15.2688 0.004 15.2101 0.0047
201.937961 -31.611257000000002 12 0.98 19.8728 0.0112 19.1257 0.0089 18.3715 0.0149 18.1097 0.0303
202.07881799999998 -31.58285 21 0.9940000000000001 16.4261 0.0099 15.5348 0.0072 14.8177 0.0045 14.5441 0.0063
202.047108 -31.38226 36 0.982 16.5368 0.0059 16.3424 0.0044 16.2408 0.0049 16.1945 0.0091
201.99706899999998 -31.615971000000002 27 0.9840000000000001 16.1207 0.0076 15.7938 0.0052 15.6146 0.0053 15.5752 0.0082
201.934974 -31.611377 19 0.983 17.7088 0.0087 17.2193 0.0064 16.8724 0.005 16.7554 0.0188
202.126403 -31.489384 17 0.981 19.8093 0.0151 18.846 0.0403 17.6541 0.0069 17.1882 0.0101
201.85671499999998 -31.562719 16 0.982 17.9745 0.0085 17.5884 0.0057 17.3113 0.0122 17.2149 0.0112
202.08588600000002 -31.580157 21 0.9840000000000001 16.3497 0.0113 16.0346 0.0072 15.8461 0.0057 15.8131 0.01
201.958066 -31.366727 13 0.9590000000000001 19.2196 0.0089 18.3501 0.009000000000000001 17.7114 0.0147 17.4371 0.0082
201.86165 -31.570538 15 0.983 18.0357 0.0086 17.4362 0.0069 16.9816 0.0071 16.795 0.0072
201.86403700000002 -31.411284999999996 25 0.987 17.5884 0.0137 16.9112 0.0066 16.4176 0.0055 16.2012 0.0043
201.837705 -31.451519 8 0.97 nan nan 19.6993 0.0909 18.6569 0.0151 18.2716 0.0116
202.038055 -31.375162 9 0.972 19.0241 0.0274 18.7901 0.0093 18.5993 0.0079 18.5221 0.0525
201.875157 -31.400772999999997 10 0.982 18.1212 0.0105 17.8973 0.0149 17.7467 0.0055 17.7749 0.0181
201.844026 -31.547051 35 0.985 16.0948 0.0085 15.837 0.006 15.6678 0.0057 15.6343 0.0084
201.83987199999999 -31.54154 31 0.983 15.9314 0.0087 15.6844 0.0044 15.5266 0.0059 15.4929 0.0114
202.07861499999999 -31.395544 7 0.9620000000000001 nan nan 20.0831 0.0471 18.8378 0.0912 18.1615 0.0097
201.931145 -31.614327000000003 14 0.98 18.9667 0.0197 18.3657 0.0071 17.9287 0.0123 17.7916 0.0262
201.943834 -31.36678 13 0.9790000000000001 nan nan 19.5462 0.0257 18.2734 0.0127 17.7245 0.021
201.994127 -31.62065 14 0.9790000000000001 18.6634 0.0184 18.3162 0.0085 18.1033 0.0073 18.0796 0.0292
201.859589 -31.413114 10 0.972 20.2308 0.0111 19.3475 0.018000000000000002 18.3491 0.0115 17.9834 0.0178
202.12306 -31.532539 27 0.9840000000000001 16.8855 0.0175 16.3496 0.006 16.009 0.0051 15.857000000000001 0.0113
201.831108 -31.464517999999998 14 0.976 19.4458 0.008 18.7195 0.0221 18.1267 0.0126 17.936 0.0087
202.032079 -31.371053999999997 12 0.981 18.4018 0.0156 18.075 0.0065 17.8793 0.0073 17.8509 0.015
201.834027 -31.453569 18 0.981 18.8153 0.0256 18.1319 0.0081 17.5834 0.0067 17.3596 0.0094
201.844751 -31.553462 38 0.9840000000000001 15.0957 0.0059 14.6065 0.0038 14.2404 0.0035 14.0974 0.006999999999999999
201.965461 -31.3628 16 0.971 18.3356 0.0081 17.7515 0.0076 17.3385 0.006999999999999999 17.1652 0.0089
202.043826 -31.374143 19 0.981 18.097 0.0166 17.8084 0.0067 17.6544 0.0081 17.5798 0.0105
202.036802 -31.613131 25 0.988 15.9238 0.0065 15.4538 0.0046 15.1173 0.0071 14.9675 0.0061
202.116835 -31.434860999999998 35 0.983 17.2657 0.0142 16.8757 0.0188 16.6428 0.0072 16.5592 0.0088
201.83565 -31.538388 18 0.9840000000000001 18.36 0.0299 17.5436 0.0128 16.8153 0.0061 16.5553 0.0072
201.873597 -31.397336 41 0.982 15.5232 0.0062 15.3929 0.0048 15.3727 0.0069 15.3882 0.0081
201.934382 -31.366964000000003 20 0.986 19.602 0.0237 18.7007 0.0087 17.6169 0.0085 17.235 0.0131
202.09525 -31.406271999999998 19 0.983 18.2955 0.0105 17.6589 0.0081 17.1554 0.0114 16.9333 0.0054
202.006946 -31.621196 14 0.982 17.7579 0.0153 17.5852 0.0063 17.4899 0.0056 17.4863 0.0104
201.898699 -31.380229999999997 6 0.953 nan nan 19.6208 0.0502 18.9649 0.0123 18.6985 0.0192
201.942519 -31.364299 13 0.981 nan nan 19.5638 0.0111 18.0338 0.0091 17.4589 0.0077
201.872485 -31.587511 6 0.9590000000000001 18.9201 0.0106 18.9782 0.0098 19.0019 0.0107 19.0028 0.0175
201.915017 -31.61239 17 0.983 17.6925 0.0076 17.3834 0.0096 17.2158 0.0081 17.1531 0.0058
201.90426399999998 -31.376652000000004 37 0.983 16.3703 0.0054 16.1324 0.0112 15.9745 0.0058 15.9715 0.0062
202.11494299999998 -31.428190999999998 13 0.976 18.7177 0.0186 18.3524 0.0082 18.1105 0.0064 18.0338 0.0216
201.898469 -31.605353000000004 8 0.965 20.19 0.0328 19.5925 0.0121 19.0157 0.0201 18.7554 0.0263
201.950845 -31.6225 10 0.978 17.8957 0.0169 17.5474 0.0198 17.2726 0.009000000000000001 17.1578 0.0108
202.003645 -31.623376 23 0.983 16.5537 0.0073 16.2485 0.008 16.0464 0.0084 15.985 0.0112
202.12653400000002 -31.448784000000003 34 0.9840000000000001 17.1304 0.0073 16.6845 0.0095 16.4362 0.0056 16.3363 0.005
202.027573 -31.618765000000003 11 0.98 18.4479 0.0244 18.108 0.0064 17.8949 0.0101 17.8649 0.0087
202.121856 -31.547225 13 0.985 19.9361 0.0437 18.9087 0.0122 18.176 0.0214 17.8871 0.0119
201.976742 -31.625931 13 0.977 18.0337 0.0074 17.7428 0.0198 17.5954 0.0055 17.5538 0.0064
202.007747 -31.360727 18 0.981 18.2347 0.0122 17.9228 0.0076 17.7075 0.0098 17.6074 0.016
202.084698 -31.591234999999998 25 0.9990000000000001 13.7362 0.0126 13.4648 0.0046 13.3216 0.0044 13.2922 0.0049
201.990988 -31.625643 9 0.97 19.5431 0.0107 19.1509 0.0204 18.8526 0.0192 18.6636 0.0202
201.895723 -31.378521000000003 29 0.983 17.5472 0.0181 17.2029 0.0266 16.9331 0.0123 16.8423 0.0111
201.94903100000002 -31.360495 41 0.983 16.1759 0.0056 15.7593 0.0076 15.4439 0.0085 15.3306 0.0062
202.022882 -31.362608 12 0.9740000000000001 19.5692 0.0259 18.9089 0.0227 18.441 0.0077 18.299 0.0125
202.034343 -31.365727000000003 17 0.982 18.5317 0.0086 17.8962 0.0065 17.4859 0.017 17.2787 0.0118
202.026101 -31.621586999999998 11 0.981 19.7346 0.040999999999999995 18.7675 0.006999999999999999 18.0244 0.0057 17.6926 0.0105
202.06005 -31.375629999999997 14 0.978 19.3608 0.0098 18.6612 0.0252 18.1453 0.0059 17.9469 0.011000000000000001
202.03970800000002 -31.617939 9 0.977 nan nan 19.6174 0.0256 18.3447 0.0097 17.8774 0.0095
201.878672 -31.597828999999997 5 0.95 20.1287 0.0214 19.4123 0.0378 19.0262 0.0281 18.9693 0.0532
202.05336100000002 -31.613020000000002 26 0.983 17.2714 0.0257 16.8969 0.0097 16.692 0.0044 16.6569 0.009000000000000001
201.919154 -31.365696000000003 14 0.976 20.3431 0.0177 19.3486 0.0155 18.327 0.0297 17.9452 0.0312
202.062952 -31.608828000000003 29 0.987 15.6998 0.0063 15.3218 0.0054 15.065 0.0044 14.9882 0.0041
202.075167 -31.381573 11 0.98 18.2434 0.0109 17.9947 0.0085 17.8236 0.0096 17.8367 0.0108
202.125133 -31.551323999999997 8 0.965 19.3472 0.0499 19.0302 0.0133 18.7298 0.0099 18.6208 0.0159
201.995093 -31.629474 16 0.982 17.8506 0.0074 17.6464 0.0085 17.5453 0.0058 17.5551 0.0144
201.841009 -31.420559 42 0.986 16.4039 0.0071 16.1784 0.0077 16.0016 0.0076 15.969000000000001 0.0053
201.84596499999998 -31.413725 38 0.995 11.4789 0.0046 11.2091 0.0038 11.0666 0.0043 11.042 0.004
202.13618 -31.457638 9 0.958 19.2682 0.0257 19.0228 0.0094 18.8741 0.0364 18.8821 0.0205
202.00206599999999 -31.629188 23 0.99 13.9454 0.0061 13.4698 0.006 13.1252 0.0043 13.0032 0.0055
202.0432 -31.365039000000003 39 0.983 16.3406 0.0141 16.0758 0.0037 15.9066 0.0041 15.885 0.0076
202.106316 -31.405878 8 0.956 19.7256 0.019 19.2819 0.0166 19.0891 0.0313 18.9906 0.0169
201.843316 -31.568544 21 0.983 17.0904 0.009000000000000001 16.6785 0.008 16.3987 0.0054 16.3014 0.0072
202.124657 -31.554584000000002 14 0.976 18.9632 0.0247 18.5718 0.0076 18.3144 0.0332 18.230999999999998 0.0197
202.09628999999998 -31.589082 10 0.983 17.7685 0.0105 17.3678 0.0076 17.1089 0.0062 17.025 0.0158
202.137686 -31.459418 11 0.97 nan nan 19.7336 0.026000000000000002 18.5672 0.0168 18.0335 0.0125
202.13863 -31.461971000000002 9 0.9590000000000001 19.8983 0.0294 19.3352 0.0097 18.8178 0.0344 18.7638 0.0191
202.14096 -31.472521999999998 9 0.981 nan nan 17.9787 0.0254 17.2419 0.0098 16.9854 0.0171
201.968009 -31.631529999999998 11 0.972 18.3747 0.008 18.1426 0.0075 17.9565 0.0197 17.9908 0.0106
201.826254 -31.542565000000003 26 0.9840000000000001 17.1702 0.0169 16.7397 0.0093 16.4665 0.0045 16.35 0.0068
201.853321 -31.581903999999998 11 0.975 19.4174 0.0082 18.8622 0.0106 18.4574 0.0095 18.292 0.0472
201.815218 -31.498158 9 0.97 19.6464 0.0218 19.1767 0.0371 18.7941 0.0369 18.5332 0.0133
201.943165 -31.628813 21 0.983 16.8859 0.0075 16.612000000000002 0.0098 16.4307 0.005 16.3804 0.0073
202.140792 -31.467295 28 0.983 16.2999 0.0179 16.0356 0.0067 15.8769 0.0107 15.8426 0.0052
201.857215 -31.586968 10 0.9540000000000001 19.3145 0.0166 19.1034 0.0324 18.7946 0.0154 18.8242 0.026000000000000002
201.876964 -31.602739 15 0.982 17.555999999999997 0.1008 17.344 0.0227 17.2007 0.0103 17.1425 0.0461
201.825307 -31.441081 38 0.9990000000000001 11.1604 0.0047 10.890999999999998 0.0037 10.7481 0.0043 10.7256 0.004
201.815655 -31.514078 22 0.981 17.3021 0.0069 16.9936 0.0092 16.7788 0.0162 16.7298 0.0125
202.141534 -31.520328999999997 10 0.96 19.3313 0.013000000000000001 18.9578 0.0073 18.7549 0.0264 18.5997 0.0151
201.885908 -31.609156 5 0.9520000000000001 nan nan nan nan 18.9561 0.0117 18.4111 0.0439
201.813106 -31.494432 13 0.983 18.5054 0.0079 17.7863 0.0083 17.2944 0.0091 17.1006 0.0067
201.817142 -31.461190999999996 43 0.9990000000000001 13.5395 0.0045 13.0479 0.0043 12.7077 0.0043 12.557 0.0033
201.892006 -31.612910999999997 19 0.983 17.4248 0.0077 17.2354 0.0062 17.1128 0.006999999999999999 17.0622 0.0207
201.815395 -31.467233 34 0.985 14.7364 0.0053 14.3846 0.0052 14.2091 0.0041 14.1653 0.0044
201.921553 -31.359006 36 0.983 16.7006 0.0109 16.0146 0.0076 15.5816 0.0039 15.4201 0.0058
202.07231299999998 -31.37453 32 0.9840000000000001 16.4431 0.0114 15.7763 0.0083 15.2742 0.006 15.0745 0.0061
201.840532 -31.572113 8 0.975 19.2966 0.1987 18.9577 0.0504 18.7623 0.0226 18.7354 0.0109
202.07097 -31.611507 13 0.9590000000000001 18.6347 0.0102 17.9823 0.0064 17.5064 0.021 17.3454 0.0192
201.966854 -31.634632 15 0.983 15.8882 0.0122 15.505999999999998 0.0068 15.2797 0.008 15.1975 0.0063
202.137946 -31.537771000000003 11 0.976 18.7997 0.0136 18.6061 0.0076 18.4538 0.0106 18.4292 0.0982
201.899526 -31.366571 23 0.982 17.794 0.0074 17.5289 0.0056 17.3601 0.0049 17.346 0.0084
202.103002 -31.588532 25 0.983 16.7167 0.0458 16.2648 0.0123 16.0267 0.0062 15.9355 0.0107
201.908676 -31.362219 13 0.978 19.9966 0.0102 19.1007 0.0122 18.3662 0.0144 18.0246 0.0214
201.81217 -31.508485999999998 34 0.99 15.1572 0.0076 14.84 0.0071 14.6404 0.0038 14.5738 0.0044
201.959398 -31.635029 16 0.983 16.1074 0.009000000000000001 15.8167 0.0065 15.6329 0.0057 15.530999999999999 0.011000000000000001
201.824017 -31.4359 5 0.976 18.7339 0.0144 18.4771 0.0112 18.4268 0.0416 18.3676 0.0243
201.940425 -31.632327000000004 12 0.9790000000000001 19.9587 0.0463 19.1735 0.0101 18.3236 0.017 17.8999 0.0115
202.090388 -31.383864000000003 17 0.985 18.4147 0.013999999999999999 17.637 0.0159 17.1061 0.0055 16.8914 0.0054
202.054522 -31.621216999999998 27 0.9840000000000001 15.834000000000001 0.0115 15.3184 0.0059 14.9947 0.0044 14.8757 0.0047
201.81055600000002 -31.504693 11 0.981 18.015 0.0137 17.416 0.0235 17.0281 0.0086 16.8718 0.0105
201.84753600000002 -31.583311 7 0.968 nan nan nan nan 18.8406 0.0133 18.2587 0.0111
201.811834 -31.466018 7 0.98 18.9616 0.0137 18.4597 0.0127 18.137 0.0101 18.0613 0.0298
201.836655 -31.57181 13 0.982 18.5223 0.0081 17.9445 0.0075 17.5755 0.0196 17.4393 0.0128
201.97656899999998 -31.3469 4 0.982 nan nan nan nan 17.8584 0.0161 17.4562 0.0078
202.126874 -31.565065 34 0.9890000000000001 14.3402 0.0055 14.0444 0.0052 13.8829 0.0039 13.8578 0.0044
201.994922 -31.347147999999997 23 0.982 17.8482 0.0071 17.5479 0.0153 17.3551 0.0092 17.3004 0.0127
202.09073999999998 -31.602797 7 0.971 19.1872 0.0201 18.9392 0.02 18.7022 0.0109 18.6085 0.0172
201.908022 -31.625245 18 0.983 18.9217 0.0103 18.0194 0.0155 16.6832 0.0046 16.1863 0.0045
201.80867800000001 -31.476095 10 0.977 18.7011 0.0089 18.5383 0.0103 18.3993 0.0087 18.3783 0.0095
201.88222 -31.371222999999997 34 0.987 16.1878 0.0102 15.610999999999999 0.0046 15.2328 0.0041 15.075 0.0072
201.976807 -31.345657 30 0.983 17.8059 0.03 17.3512 0.0228 16.9863 0.0189 16.886 0.0082
201.88721999999999 -31.616522999999997 30 0.993 14.7443 0.0064 14.3436 0.0049 14.0549 0.0042 13.9521 0.004
202.041897 -31.629206 17 0.983 18.2284 0.0186 17.3221 0.0069 16.3416 0.0044 15.9494 0.0048
202.038638 -31.630325 14 0.983 17.1877 0.0074 16.7047 0.0061 16.3636 0.0052 16.2656 0.0095
202.07499099999998 -31.369638000000002 21 0.981 17.8727 0.0497 17.2408 0.0219 16.8657 0.0177 16.7852 0.0166
201.947979 -31.347009999999997 18 0.982 20.0516 0.085 19.1075 0.0095 17.7494 0.0111 17.1975 0.0089
202.152386 -31.494833 8 0.966 19.837 0.016 19.1702 0.0665 18.7329 0.0165 18.5599 0.0203
201.976687 -31.344382 11 0.982 nan nan 17.6801 0.0093 17.5304 0.0069 17.4678 0.0192
201.836131 -31.40868 33 0.9840000000000001 17.3554 0.0088 16.7522 0.01 16.3371 0.0037 16.1838 0.006
202.031896 -31.351318 21 0.9840000000000001 18.8479 0.0111 17.8874 0.0115 16.4885 0.0056 15.9298 0.0077
201.825277 -31.423322 10 0.96 20.1789 0.028999999999999998 19.5262 0.0508 18.8327 0.0161 18.5645 0.0369
202.118968 -31.403779999999998 5 0.9540000000000001 nan nan nan nan 18.8617 0.0229 18.293 0.0356
202.13940300000002 -31.550803000000002 8 0.955 19.9112 0.0158 19.2724 0.009000000000000001 18.7528 0.0141 18.5746 0.0406
202.148185 -31.528983 11 0.983 18.5017 0.0081 17.7706 0.0114 17.2479 0.0107 17.0531 0.0086
201.82261 -31.558171999999995 24 0.983 17.6665 0.0122 17.1278 0.0078 16.7722 0.0058 16.6202 0.0094
202.06691899999998 -31.363403 21 0.983 18.5173 0.0075 17.7361 0.0076 17.2255 0.0105 16.9941 0.0135
202.01673200000002 -31.637858 8 0.982 19.8606 0.0177 18.8815 0.0098 17.836 0.0072 17.424 0.0081
202.13687 -31.5568 30 0.983 15.6087 0.0081 15.085 0.0061 14.759 0.0053 14.6385 0.0058
201.863222 -31.604489 11 0.982 19.7078 0.018000000000000002 18.7802 0.0107 17.78 0.0078 17.3954 0.0076
201.804027 -31.500787 28 0.983 15.9136 0.0065 15.6853 0.0086 15.5298 0.0063 15.4892 0.0078
201.852915 -31.596286 31 0.9840000000000001 15.6641 0.0092 15.4175 0.0044 15.2615 0.0056 15.2458 0.0079
202.098447 -31.38215 12 0.9690000000000001 19.3862 0.0103 18.879 0.0085 18.5416 0.0371 18.522000000000002 0.0147
202.083326 -31.371459 6 0.9520000000000001 19.4863 0.0112 19.1331 0.046 18.937 0.0086 18.9584 0.0199
201.809253 -31.453145000000003 27 0.993 12.8539 0.0065 12.4958 0.0061 12.2827 0.0043 12.2079 0.0046
202.155123 -31.483803 27 0.9840000000000001 15.3715 0.0082 15.2139 0.0067 15.1386 0.0045 15.1513 0.0052
202.107924 -31.595343 20 0.998 10.9215 0.0076 10.735999999999999 0.0048 10.6799 0.0081 10.7025 0.0061
202.053077 -31.35545 8 0.965 20.2483 0.0141 19.475 0.0143 19.0214 0.0252 18.9664 0.0117
202.07119 -31.363653000000003 23 0.983 17.2232 0.0078 16.9384 0.0064 16.7817 0.0057 16.7285 0.0053
202.14411299999998 -31.546553000000003 19 0.985 17.4397 0.0073 16.6999 0.0095 16.201 0.008 15.994000000000002 0.0086
202.154667 -31.474095000000002 16 0.983 17.608 0.0134 17.1471 0.0074 16.878 0.0085 16.7823 0.0055
201.98718300000002 -31.642903000000004 18 0.9840000000000001 15.3108 0.0085 15.0969 0.0069 15.012 0.0393 15.0017 0.0465
202.150747 -31.529903000000004 10 0.9840000000000001 18.1107 0.0126 17.7275 0.0075 17.4874 0.0078 17.3968 0.0078
202.156002 -31.501571000000002 27 0.9840000000000001 16.0387 0.006999999999999999 15.7693 0.0184 15.655 0.0159 15.6302 0.0122
202.022422 -31.345198999999997 43 0.986 14.7114 0.0043 14.255 0.0037 13.9385 0.0035 13.8122 0.0041
202.125049 -31.405654 39 0.9840000000000001 16.8374 0.0095 16.4186 0.0092 16.2069 0.0058 16.1337 0.0069
201.86909 -31.373170000000002 6 0.9520000000000001 nan nan 19.8959 0.0186 18.6277 0.0105 18.2063 0.0727
201.86970300000002 -31.612033 25 0.9840000000000001 15.6755 0.0131 15.3356 0.0104 15.0962 0.0064 15.0353 0.0088
201.977508 -31.644059999999996 12 0.977 19.2114 0.0115 18.6771 0.0454 18.2382 0.0138 18.095 0.043
201.91466200000002 -31.633856 22 0.993 13.397 0.0061 12.9485 0.0096 12.6335 0.0043 12.509 0.0048
202.0148 -31.343319 22 0.983 18.5629 0.0081 17.6818 0.006 16.9289 0.0118 16.6286 0.0175
201.803401 -31.517703000000004 6 0.97 20.1377 0.02 19.3882 0.0172 18.8672 0.0119 18.7583 0.0163
202.142729 -31.431121 11 0.978 18.8285 0.0227 18.6298 0.0077 18.5016 0.0308 18.4478 0.0159
202.01603799999998 -31.641282 10 0.976 19.6155 0.0208 18.801 0.0311 18.0061 0.0127 17.6543 0.0086
202.133726 -31.415640999999997 4 0.9590000000000001 nan nan 20.0225 0.0351 19.0214 0.0475 18.7001 0.0174
201.86393 -31.609037 14 0.983 17.7299 0.01 17.2536 0.0071 16.9549 0.0176 16.8093 0.0097
202.158068 -31.502332 3 0.9790000000000001 nan nan nan nan 17.9718 0.0203 17.8575 0.0165
201.804385 -31.527690000000003 3 0.9670000000000001 19.8464 0.0179 nan nan 19.0363 0.0128 18.8017 0.0157
201.842198 -31.39306 10 0.9740000000000001 nan nan 19.7416 0.018000000000000002 18.4951 0.0079 17.9854 0.0104
202.159073 -31.493367 25 0.983 16.5926 0.0125 16.297 0.0062 16.1025 0.0052 16.0529 0.009000000000000001
202.092683 -31.611620000000002 6 0.9520000000000001 19.6669 0.0131 19.2685 0.023 19.0211 0.0325 18.866 0.0196
202.12474699999999 -31.401575 34 0.983 17.0324 0.0159 16.7444 0.0056 16.5706 0.0055 16.5244 0.0095
202.113954 -31.390087 17 0.981 18.6803 0.0076 18.08 0.008 17.6848 0.0129 17.5722 0.0164
202.102466 -31.379903000000002 41 0.983 15.7118 0.0055 15.435 0.0053 15.2594 0.0037 15.2017 0.0056
202.136913 -31.416978999999998 33 0.983 16.7644 0.009000000000000001 16.3803 0.0067 16.1145 0.01 16.0252 0.0047
201.88081599999998 -31.362871000000002 20 0.9840000000000001 18.8914 0.0105 17.8754 0.0225 16.2246 0.0048 15.5806 0.0065
201.79825 -31.495561 13 0.982 18.0181 0.0075 17.7859 0.0167 17.6635 0.0065 17.6868 0.0072
201.79814299999998 -31.498115000000002 10 0.981 18.5856 0.0193 18.1874 0.0172 17.9274 0.0065 17.8957 0.0134
201.97403400000002 -31.647008000000003 12 0.9520000000000001 18.2345 0.0269 17.9783 0.006999999999999999 17.8105 0.0179 17.7566 0.0329
202.160631 -31.484187 19 0.9840000000000001 17.4699 0.0185 16.7171 0.0082 16.1635 0.0051 15.9261 0.006
201.82871 -31.405163 8 0.963 nan nan 19.96 0.0164 18.9583 0.0454 18.4413 0.0121
201.820353 -31.568412 7 0.966 nan nan 19.6947 0.0532 18.7427 0.0128 18.4707 0.0182
202.071665 -31.626092 14 0.983 18.008 0.008 17.1795 0.0076 16.5081 0.0065 16.2259 0.0113
202.04434799999999 -31.637453999999998 10 0.9790000000000001 nan nan 19.1883 0.0144 18.2167 0.0105 17.8336 0.0345
201.802447 -31.530773999999997 18 0.983 17.0316 0.0109 16.7931 0.009000000000000001 16.6427 0.0064 16.6297 0.0118
202.162024 -31.489371000000002 13 0.982 17.7061 0.0075 17.4314 0.0068 17.2633 0.0056 17.2193 0.0063
202.132941 -31.576915000000003 13 0.982 19.255 0.040999999999999995 18.475 0.0129 17.6421 0.0082 17.267 0.0141
202.089052 -31.617171000000003 10 0.981 18.4106 0.0108 18.1069 0.0135 17.8989 0.0119 17.852 0.0195
202.146669 -31.555551 12 0.98 18.9485 0.0105 18.4772 0.011000000000000001 18.198 0.0194 18.0923 0.0325
202.162329 -31.495140000000003 24 0.9840000000000001 16.5089 0.0114 15.9448 0.0055 15.6108 0.0042 15.4844 0.0048
201.817466 -31.566404 26 0.9840000000000001 17.1136 0.0067 16.2101 0.0075 15.2525 0.0065 14.8868 0.0057
201.796379 -31.477885999999998 26 0.983 16.5673 0.0075 16.1266 0.0072 15.8481 0.0047 15.7481 0.0054
202.139368 -31.569585999999997 29 0.985 14.3804 0.005 14.1272 0.0048 13.9933 0.004 13.9852 0.0058
202.159777 -31.461551 12 0.9790000000000001 19.967 0.07 18.9822 0.0191 18.059 0.0086 17.7 0.0193
201.84938 -31.603775 13 0.981 18.4367 0.008 18.2103 0.0174 17.9938 0.0093 17.9188 0.0161
202.072381 -31.356507 7 0.976 nan nan 19.238 0.0287 18.4201 0.0392 18.1203 0.0099
202.113503 -31.384446999999998 47 0.985 15.3321 0.0045 14.9878 0.0039 14.7708 0.0036 14.7149 0.0058
201.973659 -31.33472 33 0.983 17.0629 0.0114 16.7423 0.0188 16.541 0.0071 16.4851 0.0073
201.797625 -31.521913 9 0.978 nan nan 19.6655 0.0378 18.4494 0.0136 17.9224 0.0161
201.794289 -31.489029 13 0.98 20.3715 0.0145 19.3275 0.0507 18.0473 0.0131 17.5509 0.0188
202.16028799999998 -31.528586999999998 13 0.983 17.9506 0.0133 17.149 0.0077 16.5474 0.0081 16.2973 0.0075
202.165026 -31.481972999999996 32 0.983 16.9614 0.0098 16.4151 0.0195 16.0745 0.0052 15.9297 0.0047
201.872569 -31.622643 25 0.9840000000000001 15.5388 0.0077 15.2947 0.009000000000000001 15.1233 0.0053 15.0792 0.0119
201.80466299999998 -31.436428000000003 8 0.9690000000000001 nan nan 19.9001 0.0373 18.7018 0.0104 18.1888 0.0305
202.14298 -31.568358 4 0.973 nan nan nan nan 18.3551 0.0479 18.2903 0.0592
202.13949399999998 -31.410725 16 0.983 18.3088 0.0219 17.6682 0.0063 17.2669 0.0062 17.1101 0.006999999999999999
201.818783 -31.57405 11 0.983 19.9195 0.0605 19.026 0.0089 17.5334 0.0067 16.9519 0.0066
202.125661 -31.391997999999997 47 0.99 13.8292 0.004 13.5174 0.0032 13.3138 0.0043 13.2587 0.0053
201.99676499999998 -31.332497999999998 43 0.9890000000000001 13.8992 0.004 13.4884 0.0035 13.2322 0.0035 13.1478 0.0044
201.98363999999998 -31.652731 25 0.983 16.3621 0.0255 16.0179 0.0085 15.7827 0.0051 15.7184 0.0046
201.83639 -31.597094 14 0.981 18.6746 0.0321 18.2802 0.0079 17.9509 0.0182 17.8209 0.0175
201.796799 -31.532871000000004 12 0.983 18.8519 0.0343 17.9469 0.0075 17.0502 0.0081 16.7007 0.0056
201.88232 -31.354322999999997 10 0.976 19.1829 0.0111 18.7381 0.012 18.3279 0.0318 18.2288 0.0296
202.05514 -31.344884999999998 9 0.9690000000000001 19.1834 0.0346 18.7164 0.0104 18.5362 0.0074 18.395 0.076
202.0893 -31.623109999999997 15 0.9840000000000001 17.7772 0.0107 16.93 0.0183 15.9621 0.0052 15.5992 0.0098
201.92174 -31.645745 9 0.971 nan nan 19.7795 0.044000000000000004 18.5348 0.01 18.0565 0.0137
202.160131 -31.539106 9 0.968 19.4721 0.009000000000000001 19.0693 0.0084 18.7741 0.0085 18.6526 0.106
201.811227 -31.566898 11 0.973 18.2897 0.0114 18.0244 0.0265 17.8327 0.0068 17.7972 0.0215
201.887383 -31.35081 22 0.982 17.9523 0.0379 17.6699 0.0165 17.5079 0.0129 17.4806 0.0189
202.02678600000002 -31.335728999999997 39 0.981 15.7741 0.0073 15.3077 0.0116 15.0682 0.0077 14.9928 0.0086
201.894857 -31.347348999999998 19 0.983 18.9636 0.0135 18.1414 0.0063 17.3638 0.0071 17.0473 0.0069
202.111684 -31.608064000000002 12 0.981 19.3015 0.0144 18.6175 0.009000000000000001 18.121 0.0107 17.9179 0.0081
202.157064 -31.548577 22 0.9840000000000001 16.9978 0.0075 16.1222 0.0085 15.0836 0.0047 14.6761 0.0049
201.793816 -31.456637 18 0.982 17.0556 0.0253 16.7298 0.0089 16.5152 0.006999999999999999 16.4593 0.0079
201.884728 -31.632889000000002 15 0.982 17.5391 0.0105 17.2663 0.018000000000000002 17.0862 0.0064 17.0774 0.0127
201.792605 -31.459557 12 0.982 18.7972 0.013999999999999999 18.0553 0.0079 17.5993 0.0121 17.4541 0.0133
202.166298 -31.461555999999998 38 0.987 15.627 0.0055 15.2255 0.006 14.9302 0.0035 14.8236 0.0041
201.822587 -31.585007 10 0.9570000000000001 nan nan 19.9494 0.0911 18.8256 0.008 18.2522 0.0154
202.094268 -31.621876 13 0.983 17.2665 0.0105 16.7834 0.0185 16.409000000000002 0.0059 16.2561 0.0075
202.11693799999998 -31.379673999999998 31 0.982 17.3649 0.0211 17.1043 0.0095 16.9373 0.0109 16.8961 0.0105
202.076051 -31.351931 41 0.997 14.1153 0.0053 13.8721 0.0041 13.7273 0.0035 13.7087 0.0049
201.895854 -31.639044000000002 7 0.961 19.6507 0.0177 19.1482 0.023 18.8366 0.0107 18.5701 0.0159
202.16951 -31.476146999999997 21 0.983 17.8204 0.0074 17.6567 0.0149 17.5798 0.0093 17.5539 0.0218
201.855153 -31.616535 12 0.972 19.4499 0.0648 19.0266 0.0081 18.6688 0.0246 18.5576 0.0222
201.787868 -31.4867 12 0.972 19.4362 0.0089 18.9073 0.0291 18.5575 0.0236 18.4196 0.0198
201.879771 -31.631774 9 0.983 19.4335 0.0135 18.5202 0.0238 17.2478 0.0062 16.7911 0.0142
202.130197 -31.391192999999998 44 0.983 15.7558 0.0052 15.448 0.0046 15.2741 0.0033 15.2257 0.0036
202.147467 -31.413388 7 0.956 nan nan 19.7709 0.0204 18.8628 0.0154 18.458 0.0188
201.84823 -31.612191999999997 11 0.981 18.5988 0.0483 18.2329 0.0145 17.9572 0.0063 17.8873 0.0082
201.930983 -31.650959000000004 7 0.955 nan nan 19.5195 0.0148 18.7506 0.017 18.4085 0.0184
202.068892 -31.346883000000002 33 0.983 17.1607 0.0071 16.8337 0.0089 16.6098 0.0047 16.5291 0.0069
202.143886 -31.407095 11 0.9790000000000001 19.1482 0.0356 18.7204 0.0235 18.3945 0.0212 18.3011 0.0244
201.82267 -31.396472999999997 36 0.9840000000000001 17.1616 0.0089 16.6896 0.0109 16.4337 0.0055 16.3217 0.0124
202.019163 -31.331408000000003 33 0.981 17.3589 0.0255 16.9106 0.0118 16.6316 0.0086 16.5016 0.0128
202.150648 -31.567478 13 0.983 18.4045 0.016 17.7402 0.0135 17.2268 0.0081 17.02 0.0084
201.81264199999998 -31.408806 13 0.983 19.1686 0.0095 18.3158 0.0086 17.4546 0.0059 17.0723 0.0075
202.168978 -31.523234000000002 26 0.9840000000000001 15.4087 0.0048 15.1379 0.0051 14.9751 0.0048 14.9435 0.0051
201.813103 -31.576579 8 0.9690000000000001 nan nan 19.9659 0.1203 18.9308 0.0287 18.5467 0.0327
201.848543 -31.613838 6 0.9640000000000001 19.5129 0.0126 19.1498 0.0141 18.8791 0.0234 18.7764 0.0121
201.854073 -31.366263 39 0.9840000000000001 16.6766 0.0138 16.3924 0.0069 16.2257 0.0037 16.1748 0.0049
202.167505 -31.531832 31 0.987 14.6304 0.0053 14.408 0.0041 14.2884 0.0065 14.2628 0.0075
202.16921100000002 -31.459042999999998 44 0.9940000000000001 15.2161 0.0042 14.9662 0.0038 14.7954 0.0034 14.7661 0.0034
202.170205 -31.462159000000003 6 0.9570000000000001 nan nan nan nan 18.8351 0.0352 18.4188 0.0209
202.0767 -31.635716 5 0.951 nan nan 20.2592 0.0599 18.9017 0.0363 18.4621 0.0127
201.78975 -31.453176000000003 42 0.983 15.1155 0.0061 14.8358 0.0041 14.6646 0.0042 14.6247 0.0045
201.89656000000002 -31.643126000000002 6 0.97 nan nan 19.8492 0.0174 18.7214 0.0096 18.1845 0.0837
201.832801 -31.602693 15 0.983 17.8442 0.0074 17.5185 0.0059 17.2919 0.0054 17.2368 0.0064
201.97874299999998 -31.325 38 0.983 16.502 0.018000000000000002 16.3183 0.0094 16.2172 0.0053 16.2003 0.0056
202.008795 -31.326559999999997 27 0.983 17.2159 0.0066 16.7343 0.0077 16.4159 0.0067 16.3079 0.0091
201.87271299999998 -31.351384000000003 6 0.9640000000000001 20.1028 0.0121 19.2733 0.0392 18.7364 0.0108 18.4591 0.0127
202.174229 -31.513453000000002 29 0.983 17.1103 0.0097 16.7356 0.0053 16.4532 0.0064 16.348 0.0116
201.987023 -31.324678999999996 20 0.983 19.0619 0.0194 18.1278 0.0061 17.2362 0.0057 16.8758 0.0081
202.175465 -31.480959999999996 24 0.983 18.4995 0.0112 17.6084 0.0058 16.7626 0.0076 16.4163 0.0052
201.915607 -31.333437 19 0.968 18.1217 0.0073 17.8543 0.0073 17.6976 0.0101 17.6258 0.0132
202.17537 -31.505196999999995 29 0.983 17.5697 0.0145 17.0156 0.0164 16.6513 0.008 16.5119 0.0077
202.170331 -31.452510999999998 41 0.992 15.196 0.0055 14.4932 0.0045 13.9916 0.005 13.8038 0.0051
202.10775800000002 -31.619497999999997 14 0.9840000000000001 18.4867 0.0086 18.1075 0.0104 17.8259 0.0146 17.7267 0.0102
202.098876 -31.358684000000004 10 0.97 19.7624 0.0102 19.0754 0.0094 18.623 0.0162 18.4878 0.0155
202.175374 -31.474891999999997 44 0.98 16.1821 0.0088 16.0274 0.0102 15.9424 0.0093 15.954 0.0059
201.786519 -31.454877000000003 43 0.9840000000000001 15.3632 0.0058 14.8977 0.0041 14.5905 0.0034 14.4795 0.0061
202.030808 -31.329321999999998 21 0.98 17.9992 0.0071 17.3807 0.0063 16.9601 0.0106 16.7971 0.0182
201.79832 -31.423605 8 0.9520000000000001 nan nan 19.6364 0.0692 18.8163 0.0106 18.5747 0.0133
201.946833 -31.325583 15 0.9640000000000001 20.3926 0.0157 19.4816 0.0132 17.8038 0.0154 17.1954 0.0115
202.170897 -31.449732 14 0.982 18.0337 0.0102 17.6541 0.0162 17.4467 0.0123 17.3596 0.0178
202.072817 -31.64123 12 0.981 18.6752 0.0124 18.0498 0.0116 17.6862 0.0055 17.4974 0.02
201.979295 -31.661323 13 0.9840000000000001 18.5962 0.0122 17.8648 0.0101 17.3264 0.0123 17.1397 0.0077
201.824851 -31.386007 36 0.987 16.847 0.0056 15.975999999999999 0.0076 15.2046 0.0048 14.91 0.006
202.09757 -31.356319 5 0.951 nan nan 19.637999999999998 0.0146 19.1179 0.0219 18.7864 0.015
202.111771 -31.366084999999998 17 0.983 19.354 0.0115 18.4311 0.0086 17.2303 0.009000000000000001 16.748 0.0082
201.836746 -31.610745 26 0.9840000000000001 16.8345 0.0074 16.5531 0.012 16.3933 0.0094 16.3457 0.0052
201.869721 -31.634259000000004 15 0.992 14.3017 0.0105 14.1262 0.0061 13.9891 0.0047 13.9813 0.0061
201.822357 -31.387103000000003 28 0.982 17.3798 0.0184 16.9334 0.0062 16.6536 0.0092 16.5427 0.0134
201.815876 -31.590435 15 0.982 17.9901 0.0083 17.3959 0.0114 17.0122 0.0083 16.8287 0.0087
201.902944 -31.649964 7 0.963 19.6444 0.0261 19.4269 0.0636 18.836 0.0262 18.5891 0.022000000000000002
202.165478 -31.554812 9 0.9590000000000001 19.3015 0.0707 18.9915 0.0087 18.831 0.0431 18.7562 0.0192
202.178094 -31.512029 14 0.976 19.8042 0.0125 19.0502 0.0302 18.2594 0.02 17.9303 0.0215
202.1279 -31.377762 16 0.981 19.1137 0.0267 18.3634 0.0101 17.7828 0.0101 17.545 0.0104
201.91 -31.331742 18 0.973 18.0332 0.0229 17.6725 0.0115 17.4301 0.0146 17.3204 0.0154
201.923724 -31.656562 17 0.983 19.3173 0.0291 18.3712 0.0077 17.1046 0.0083 16.6428 0.0111
202.174215 -31.452014000000002 13 0.982 18.8377 0.0107 18.1487 0.0189 17.645 0.0115 17.4385 0.0106
202.147184 -31.585976000000002 7 0.95 nan nan nan nan 18.9519 0.0455 18.3865 0.0351
202.133317 -31.602051 5 0.9590000000000001 nan nan nan nan 18.7554 0.031 18.0451 0.0474
201.831103 -31.376399 10 0.963 19.5716 0.0135 19.1327 0.0087 18.8012 0.0489 18.8089 0.0133
202.18030900000002 -31.485262 13 0.9740000000000001 20.3854 0.0256 19.3702 0.0093 18.5597 0.0195 18.2541 0.0393
201.908727 -31.653227 14 0.978 19.8332 0.0246 19.0375 0.0101 18.3199 0.0142 18.0167 0.0121
202.180413 -31.503254 50 0.988 14.1884 0.0056 14.027999999999999 0.0044 13.9648 0.008 13.9609 0.0063
202.160232 -31.416473999999997 27 0.9940000000000001 14.6491 0.006 14.3111 0.0052 14.1093 0.0062 14.065999999999999 0.006
201.77894799999999 -31.470986 36 0.983 16.6012 0.0061 16.3041 0.0054 16.1089 0.004 16.0627 0.009000000000000001
201.78264099999998 -31.453120000000002 40 0.9840000000000001 16.3829 0.0193 16.117 0.0084 15.9805 0.0048 15.956 0.0045
202.019569 -31.323565000000002 16 0.983 18.0473 0.0126 17.6526 0.0096 17.4206 0.0072 17.3475 0.0112
201.814969 -31.391702000000002 8 0.975 nan nan 20.0205 0.0262 18.418 0.0094 17.8407 0.0251
202.08518600000002 -31.639148 19 0.983 16.6335 0.0079 16.3547 0.0112 16.1956 0.0046 16.1453 0.0083
202.018252 -31.322668 18 0.982 18.0263 0.0111 17.7697 0.0197 17.5999 0.0091 17.5239 0.0213
202.134973 -31.602915999999997 13 0.981 19.3293 0.0109 18.5231 0.0339 17.7454 0.016 17.4333 0.0099
202.039298 -31.326898 12 0.963 18.6499 0.0074 18.4035 0.0099 18.2156 0.0303 18.214000000000002 0.0259
202.160524 -31.414209999999997 27 0.997 13.3831 0.0083 13.100999999999999 0.005 12.9438 0.004 12.9124 0.0052
201.86443899999998 -31.635309000000003 6 0.982 nan nan 18.6414 0.0139 17.8915 0.0099 17.6326 0.0242
201.791801 -31.42512 13 0.982 19.2397 0.0254 18.3825 0.0133 17.422 0.0085 17.041 0.0182
202.176694 -31.533877 7 0.9640000000000001 nan nan 19.9361 0.1019 18.8457 0.0163 18.3664 0.0119
201.834869 -31.615028999999996 8 0.96 19.2716 0.0188 19.0617 0.0131 18.8141 0.0238 18.692999999999998 0.0159
201.778125 -31.521673 22 0.983 17.5086 0.0101 17.276 0.0078 17.1309 0.0049 17.1037 0.0081
201.845655 -31.360627 23 0.981 18.0083 0.0126 17.7545 0.0221 17.5527 0.0077 17.5225 0.0154
201.92785 -31.660865 24 0.983 17.2249 0.0108 16.3745 0.0064 15.6975 0.0059 15.4429 0.0062
201.90715600000001 -31.655389000000003 14 0.978 19.0401 0.0249 18.5099 0.0078 18.1611 0.0135 18.0182 0.0269
202.181701 -31.467578999999997 49 0.9840000000000001 15.628 0.0064 15.4731 0.0057 15.4235 0.0056 15.4286 0.0047
201.868029 -31.638840999999996 10 0.986 nan nan 15.7745 0.0115 15.4108 0.0055 15.2793 0.0066
201.778932 -31.456082000000002 13 0.98 nan nan 19.904 0.0334 18.0699 0.0119 17.2943 0.016
201.774756 -31.503936 9 0.9520000000000001 20.1524 0.044000000000000004 19.5332 0.0104 18.9255 0.0155 18.65 0.031
201.996139 -31.317804 14 0.982 18.1905 0.009000000000000001 18.0118 0.0063 17.8981 0.0071 17.8847 0.0086
202.11040400000002 -31.357384999999997 39 0.9840000000000001 16.1582 0.0122 15.856 0.0051 15.6866 0.0039 15.6424 0.0051
201.77523200000002 -31.517481 27 0.983 17.5475 0.01 17.3202 0.0049 17.1497 0.0068 17.1304 0.0198
202.150548 -31.394534999999998 8 0.976 nan nan 19.5351 0.0218 18.3994 0.0194 17.8966 0.0141
201.77643799999998 -31.458512 24 0.983 17.8895 0.0237 17.6043 0.0061 17.4284 0.0076 17.3481 0.0216
201.978824 -31.315960999999998 36 0.983 16.438 0.0108 16.1503 0.0055 15.968 0.0056 15.9176 0.0066
201.810877 -31.389733000000003 11 0.995 13.4004 0.0096 13.0603 0.0104 12.8777 0.0086 12.8277 0.0084
202.086291 -31.643389000000003 12 0.982 18.3398 0.0115 17.85 0.008 17.5125 0.0169 17.4315 0.0098
201.786946 -31.426314 2 0.9690000000000001 nan nan nan nan 18.9515 0.018000000000000002 18.5301 0.0114
202.175035 -31.434562 18 0.981 18.3192 0.0181 17.9676 0.0095 17.6946 0.0095 17.6213 0.0148
201.796114 -31.409299 8 0.963 19.5463 0.0093 19.1892 0.05 18.8859 0.0157 18.8204 0.017
201.789587 -31.564217 14 0.981 18.5285 0.0103 18.1261 0.0104 17.9041 0.0075 17.8078 0.0234
202.186484 -31.499237 11 0.98 18.6992 0.0082 18.4161 0.0081 18.2649 0.0222 18.1496 0.0374
201.845312 -31.357091999999998 9 0.963 19.9401 0.0713 19.2307 0.0115 18.7873 0.013000000000000001 18.6219 0.0304
201.810054 -31.389576 20 0.985 13.2553 0.0991 12.8101 0.0715 12.6792 0.0733 12.5837 0.0747
202.184127 -31.463928999999997 22 0.983 17.7345 0.0111 17.4198 0.0094 17.1833 0.0052 17.1031 0.0079
202.115841 -31.625684999999997 13 0.982 17.9769 0.0193 17.5844 0.0061 17.3037 0.0065 17.1662 0.0064
201.986495 -31.669303999999997 18 0.983 17.1964 0.0105 16.2964 0.0234 15.3744 0.0043 15.0219 0.0064
201.96441299999998 -31.315379999999998 10 0.96 19.3007 0.0428 18.6543 0.0086 18.2804 0.0069 18.0778 0.022000000000000002
201.809245 -31.389442 9 0.9890000000000001 13.0922 0.0103 12.5969 0.0105 12.3192 0.0086 12.2232 0.0082
201.82795900000002 -31.614663 36 0.985 14.2189 0.0047 13.8913 0.0037 13.7067 0.0036 13.6619 0.004
202.168956 -31.418639000000002 12 0.9740000000000001 19.1254 0.0352 18.7556 0.0087 18.4414 0.0075 18.3353 0.0098
202.185995 -31.518715000000004 5 0.9840000000000001 nan nan 16.0042 0.0217 nan nan 15.638 0.0118
202.005382 -31.315265000000004 30 0.9840000000000001 17.6337 0.0096 16.7154 0.012 15.6091 0.0046 15.171 0.0047
201.785134 -31.425363 37 0.983 16.7459 0.0165 16.4277 0.0065 16.2272 0.0047 16.1654 0.0051
201.809597 -31.597337 11 0.977 19.5505 0.0248 18.8164 0.0087 18.1256 0.0128 17.875 0.0142
201.975 -31.671006 10 0.9620000000000001 18.8925 0.0112 18.6026 0.0094 18.4653 0.0077 18.3386 0.0239
202.188278 -31.478284000000002 24 0.983 18.9805 0.0206 17.9913 0.0126 16.4304 0.0063 15.8086 0.0039
202.187876 -31.518110999999998 42 0.9840000000000001 14.1865 0.0137 13.825999999999999 0.0102 13.642999999999999 0.0175 13.561 0.0131
201.780224 -31.432378999999997 16 0.981 18.3741 0.0074 18.0945 0.0112 17.916 0.0107 17.8442 0.0194
202.18077 -31.546825 15 0.981 19.2322 0.013000000000000001 18.5626 0.0079 18.0533 0.0298 17.8689 0.0261
202.059762 -31.325453000000003 18 0.97 19.0734 0.0588 18.1886 0.0078 16.9721 0.0096 16.5441 0.0202
202.167952 -31.574165999999998 37 0.983 16.3311 0.0166 16.0253 0.005 15.8721 0.0044 15.8415 0.0062
201.85596999999999 -31.345304 39 0.9840000000000001 15.7424 0.0066 15.4073 0.0047 15.2272 0.0038 15.1938 0.0051
201.77252099999998 -31.532653000000003 24 0.986 17.4631 0.0069 16.8599 0.0079 16.4651 0.0097 16.3276 0.0102
201.85526000000002 -31.639328000000003 10 0.983 19.2567 0.0124 18.2985 0.0078 17.1115 0.0096 16.683 0.0079
202.15366 -31.388590999999998 18 0.9990000000000001 11.289000000000001 0.0065 10.9204 0.0053 10.7019 0.0111 10.6372 0.0187
202.126408 -31.623291 14 0.983 17.9836 0.0074 17.7215 0.0067 17.534000000000002 0.0055 17.5285 0.0149
202.177831 -31.427296000000002 10 0.9640000000000001 19.7587 0.0142 19.1909 0.0187 18.7459 0.0138 18.6237 0.0259
202.129357 -31.620991999999998 15 0.983 17.4417 0.0077 16.8878 0.0107 16.5056 0.0067 16.3656 0.0067
201.77821200000002 -31.552397999999997 9 0.96 19.4005 0.055999999999999994 19.1147 0.0115 18.8506 0.0177 18.8552 0.0269
201.774686 -31.4415 2 0.9670000000000001 nan nan nan nan 18.9175 0.0251 18.8677 0.0299
202.191174 -31.473951 10 0.963 19.144000000000002 0.0097 18.9145 0.0236 18.8034 0.0328 18.6595 0.0313
202.191711 -31.478972 1 0.951 nan nan nan nan nan nan 18.1568 0.0144
201.868642 -31.336394 35 0.987 13.922 0.0047 13.5386 0.0037 13.3094 0.004 13.232000000000001 0.004
201.79 -31.577957 13 0.9740000000000001 19.3053 0.0254 18.7379 0.0086 18.3381 0.0151 18.1881 0.032
201.773132 -31.442387 37 0.983 17.0597 0.0303 16.7587 0.01 16.4977 0.0087 16.4103 0.006999999999999999
201.899826 -31.662263 10 0.9690000000000001 nan nan 19.9734 0.0122 18.6232 0.0196 18.1154 0.032
201.974102 -31.309129 20 0.983 16.8715 0.0079 16.5612 0.0114 16.3747 0.0071 16.3319 0.0079
202.189588 -31.455165 11 0.971 19.0611 0.0235 18.7343 0.0067 18.5347 0.0255 18.3986 0.0251
201.793343 -31.399983000000002 11 0.973 19.299 0.0135 18.9262 0.0137 18.6463 0.0235 18.5017 0.0173
202.151714 -31.60243 11 0.982 18.1171 0.0121 17.6658 0.0182 17.3514 0.0128 17.2258 0.0102
202.081384 -31.330382 23 0.981 17.3469 0.008 17.0351 0.0149 16.8321 0.0053 16.8116 0.0094
202.035627 -31.670049 7 0.976 19.0381 0.0119 18.7137 0.0116 18.542 0.01 18.5208 0.0131
201.763504 -31.506635 21 0.983 18.609 0.0242 17.8667 0.0078 17.351 0.0099 17.1208 0.0095
201.84216999999998 -31.635170000000002 9 0.981 19.6003 0.0155 18.5852 0.0091 17.7508 0.0117 17.4214 0.0197
201.836748 -31.631409 23 0.9840000000000001 16.1437 0.0081 15.8664 0.0059 15.6767 0.0045 15.6364 0.0049
201.958401 -31.308411 34 0.982 17.0829 0.0079 16.6082 0.006999999999999999 16.227999999999998 0.0153 16.0863 0.0046
201.780572 -31.566028000000003 36 0.983 16.6064 0.0157 16.4158 0.0185 16.2957 0.0132 16.2999 0.0064
202.156993 -31.597890000000003 8 0.983 18.2053 0.0125 17.8764 0.0105 17.6291 0.0092 17.5844 0.0107
202.159619 -31.389878000000003 10 0.982 17.7642 0.0105 17.1993 0.0199 16.6908 0.0099 16.4975 0.0054
202.038577 -31.670164 11 0.981 18.2631 0.0737 17.93 0.0109 17.768 0.0177 17.7576 0.0203
202.077272 -31.327140999999997 22 0.9840000000000001 17.3144 0.0081 16.4097 0.0092 15.3986 0.0051 15.0143 0.0052
202.186975 -31.438532000000002 12 0.9690000000000001 18.4658 0.0126 18.2209 0.0222 18.0863 0.0137 17.9726 0.0294
202.133847 -31.622384999999998 10 0.966 18.9692 0.0114 18.7911 0.0117 18.6399 0.0293 18.6627 0.02
201.83006699999999 -31.357518 39 0.9840000000000001 16.4842 0.0108 16.2857 0.0077 16.1487 0.0139 16.1387 0.0038
202.11337 -31.63813 14 0.983 17.4669 0.0515 17.1812 0.0085 17.0167 0.0056 16.9663 0.0103
201.933861 -31.310771000000003 19 0.982 18.7844 0.0099 18.0784 0.0086 17.5733 0.0108 17.3403 0.0097
201.763237 -31.46922 19 0.973 18.6323 0.0087 17.8943 0.018000000000000002 17.3373 0.0142 17.1191 0.0115
202.195933 -31.474203999999997 9 0.972 nan nan 19.2505 0.0188 18.5232 0.0269 18.3654 0.0282
202.197027 -31.495519 34 1.0 9.9232 0.0086 9.7468 0.0064 9.6717 0.0058 9.6793 0.0071
202.000074 -31.307173 45 0.986 15.5917 0.005 15.3527 0.0039 15.2135 0.0033 15.1875 0.004
202.150957 -31.377581 10 0.976 18.9327 0.009000000000000001 18.6283 0.012 18.3785 0.0367 18.3921 0.0741
202.07157800000002 -31.323596999999996 9 0.973 18.7613 0.011000000000000001 18.5759 0.0092 18.4894 0.0156 18.5128 0.0122
202.14492099999998 -31.37112 28 0.9990000000000001 14.5361 0.0048 14.3134 0.0053 14.2063 0.0043 14.189 0.0043
201.98422 -31.306053000000002 13 0.98 18.9441 0.0624 18.4824 0.0067 18.1452 0.0079 18.1306 0.0088
201.84860700000002 -31.642477000000003 11 0.98 19.1755 0.012 18.4587 0.0083 17.864 0.0067 17.6672 0.0122
202.171836 -31.581926 36 0.983 16.6581 0.0187 16.3624 0.0048 16.1985 0.0043 16.1664 0.0069
202.19638899999998 -31.4655 13 0.9670000000000001 19.4637 0.0362 18.7219 0.0191 18.2008 0.0114 17.9611 0.0085
201.907443 -31.669215 9 0.978 nan nan nan nan 18.3668 0.0078 17.7447 0.0126
201.988564 -31.679588 23 0.9840000000000001 16.6291 0.0476 16.3161 0.0201 16.1742 0.0047 16.1448 0.0048
202.10888899999998 -31.340745000000002 27 0.983 17.3658 0.0063 16.8437 0.0049 16.5205 0.0111 16.397000000000002 0.0067
202.145473 -31.615284999999997 9 0.983 17.8411 0.0105 17.5567 0.0106 17.3777 0.0078 17.3015 0.0081
201.896301 -31.66627 17 0.982 18.3276 0.0128 18.0175 0.0163 17.8075 0.0085 17.7521 0.0277
202.083896 -31.326891999999997 29 0.982 16.9225 0.0138 16.5876 0.0087 16.4216 0.0065 16.3836 0.0094
201.889713 -31.664244 13 0.98 17.7416 0.4848 17.6667 0.2241 17.9052 0.0215 17.9419 0.0328
202.199655 -31.500221000000003 24 0.981 16.567999999999998 0.0226 16.3049 0.0062 16.1207 0.0232 16.055 0.0134
202.08523300000002 -31.657478 15 0.983 19.2608 0.0133 18.298 0.0159 16.7898 0.0086 16.2378 0.0099
202.190713 -31.547117 9 0.95 19.9158 0.0151 19.2576 0.0106 18.9312 0.0378 18.6774 0.0245
201.910878 -31.671674 32 0.9840000000000001 15.6182 0.0059 15.2537 0.006999999999999999 15.0538 0.0059 15.0004 0.0053
202.107767 -31.338719 40 0.983 15.9722 0.005 15.5736 0.0056 15.3398 0.0039 15.2597 0.0041
201.761992 -31.528794 29 0.983 16.1072 0.0069 15.8082 0.0046 15.6462 0.006 15.6133 0.0057
201.794632 -31.596579 13 0.982 19.1274 0.0381 18.3037 0.0166 17.5705 0.0085 17.2771 0.0253
202.12797 -31.632138 19 0.985 15.5035 0.0078 14.8185 0.0055 14.3471 0.0047 14.1669 0.0052
202.041795 -31.311021999999998 22 0.983 19.1491 0.0378 18.2165 0.0071 16.9503 0.0074 16.46 0.0068
202.060318 -31.316212 20 0.9840000000000001 19.19 0.0099 18.3294 0.0091 17.5592 0.0148 17.2802 0.0061
201.76474299999998 -31.541533 41 0.9840000000000001 16.0058 0.0175 15.6962 0.0088 15.5082 0.0053 15.4624 0.0054
202.1965 -31.531539000000002 34 0.9840000000000001 15.5188 0.0047 15.2372 0.004 15.0874 0.0056 15.052 0.006999999999999999
201.907847 -31.672056 8 0.978 nan nan 18.4668 0.0133 18.208 0.0189 18.0386 0.0249
201.788531 -31.590598999999997 12 0.97 19.1456 0.016 18.8997 0.0172 18.6797 0.0147 18.5824 0.0126
201.817159 -31.623287 19 0.9840000000000001 17.8953 0.0108 17.224 0.0109 16.7627 0.0074 16.6002 0.0136
202.196502 -31.448905 42 0.983 16.5913 0.0132 16.3876 0.0056 16.2684 0.0052 16.2676 0.0091
201.755868 -31.493357 23 0.982 18.2383 0.0081 17.765 0.016 17.4447 0.0083 17.3419 0.0145
202.15383500000002 -31.373151 28 0.991 14.0079 0.0047 13.687000000000001 0.0043 13.498 0.0043 13.4427 0.0064
201.803879 -31.611199 24 0.9840000000000001 15.6198 0.0446 15.0872 0.0295 14.6622 0.0064 14.5206 0.0109
201.75559099999998 -31.506446999999998 35 0.9840000000000001 17.3287 0.0181 17.0688 0.0148 16.8147 0.0052 16.7505 0.0155
202.010226 -31.681558000000003 28 0.9840000000000001 16.4477 0.0139 16.1128 0.0056 15.8906 0.0041 15.8379 0.0052
201.981293 -31.683434000000002 10 0.975 19.9091 0.016 19.0755 0.0172 18.1253 0.0155 17.7207 0.0153
202.202376 -31.516751 15 0.981 19.1914 0.0268 18.3377 0.0085 17.5914 0.0218 17.2537 0.0069
201.76633999999999 -31.429972999999997 18 0.981 20.3296 0.0512 19.3758 0.0089 17.7421 0.0143 17.0805 0.0185
201.754451 -31.480843 16 0.9790000000000001 19.3475 0.0362 18.6681 0.0115 18.1851 0.019 17.9681 0.0165
202.053238 -31.673540999999997 28 0.9840000000000001 16.2752 0.0104 16.0101 0.0187 15.8467 0.0055 15.8152 0.0109
202.118697 -31.642982 22 0.986 14.0557 0.009000000000000001 13.8609 0.0053 13.7699 0.0041 13.7726 0.0058
201.769946 -31.563678000000003 48 0.99 13.475999999999999 0.0038 13.1468 0.0034 12.9486 0.0036 12.9039 0.0033
202.132858 -31.632895 10 0.982 18.2124 0.0127 17.8872 0.0074 17.6502 0.0112 17.5682 0.0251
202.005665 -31.300993 41 0.9840000000000001 15.564 0.0052 15.2696 0.0042 15.0867 0.0039 15.04 0.005
202.161058 -31.377824 4 0.961 nan nan 19.9227 0.0216 19.0074 0.0603 18.7813 0.0299
202.149374 -31.365207 11 0.977 18.4528 0.0114 18.1087 0.008 17.8836 0.0131 17.7844 0.0075
202.011873 -31.683228000000003 2 0.963 nan nan nan nan 18.8711 0.0184 18.7748 0.0241
202.205871 -31.492713000000002 8 0.971 19.2672 0.01 18.9778 0.0104 18.7306 0.0155 nan nan
202.051932 -31.676021000000002 9 0.976 nan nan nan nan 18.4031 0.0101 17.8693 0.0148
201.933878 -31.302120000000002 13 0.981 18.6822 0.0088 18.1839 0.0081 17.8733 0.0127 17.816 0.0118
201.889305 -31.670533000000002 17 0.983 19.9067 0.0106 18.86 0.0122 16.7694 0.0122 15.9854 0.0123
202.04052099999998 -31.679191999999997 6 0.966 nan nan 19.6631 0.0162 18.7285 0.0079 18.3334 0.0096
202.119027 -31.339071 18 0.9790000000000001 18.0053 0.0097 17.6222 0.0097 17.3559 0.0097 17.2802 0.008
202.13103600000002 -31.347607 12 0.966 nan nan 19.4719 0.0295 18.6077 0.0101 18.2022 0.0136
202.141785 -31.356354999999997 12 0.963 19.7168 0.0177 19.057000000000002 0.0105 18.6396 0.0145 18.4374 0.0582
201.993162 -31.298139000000003 16 0.9790000000000001 19.5919 0.0112 18.7399 0.0233 17.9768 0.0191 17.6901 0.0213
201.785798 -31.595602000000003 9 0.977 18.9231 0.0084 18.6701 0.0093 18.4126 0.009000000000000001 18.3595 0.0354
202.15620900000002 -31.615084999999997 10 0.987 17.3656 0.0105 16.983 0.0105 16.7079 0.0103 16.6299 0.0097
201.753672 -31.462231 15 0.981 18.7738 0.0521 18.2945 0.0414 17.947 0.0111 17.8509 0.02
202.145982 -31.625252000000003 11 0.977 19.0467 0.0489 18.6559 0.0076 18.3734 0.0089 18.291 0.0268
201.902161 -31.308896 26 0.9840000000000001 18.2858 0.0084 17.343 0.0111 16.4459 0.0093 16.1243 0.0085
201.750441 -31.487887 27 0.982 17.7937 0.0091 17.5528 0.0107 17.392 0.0098 17.3622 0.012
202.00615200000001 -31.298417999999998 3 0.976 nan nan nan nan 18.5813 0.0255 18.5991 0.0173
202.068128 -31.672121 14 0.982 18.3218 0.0118 17.8027 0.0076 17.4492 0.0138 17.3315 0.0168
202.123578 -31.340727 25 0.98 17.5457 0.006 17.3044 0.0116 17.1397 0.0115 17.0981 0.0114
