ra dec ngood class_star g_psf e_g_psf r_psf e_r_psf i_psf e_i_psf z_psf e_z_psf
157.505135 -35.345382 13 0.977 20.121 0.013000000000000001 19.2456 0.0229 18.5713 0.0077 18.3369 0.0212
157.502354 -35.347894000000004 37 0.983 17.4127 0.01 16.9182 0.0079 16.6394 0.0078 16.5223 0.0083
157.497489 -35.318571 52 0.975 16.4185 0.006 16.1194 0.0182 15.8957 0.0102 15.8124 0.0082
157.509494 -35.346934000000005 17 0.9790000000000001 18.6942 0.0078 18.3431 0.0114 18.1552 0.0142 18.1136 0.0219
157.475322 -35.331891999999996 13 0.978 19.5607 0.0108 19.0942 0.0196 18.7629 0.0107 18.6767 0.0097
157.475569 -35.339209999999994 13 0.9620000000000001 19.389 0.009000000000000001 19.1234 0.0388 18.9699 0.0101 18.969 0.0126
157.494894 -35.312816999999995 18 0.966 19.6197 0.0314 18.7211 0.028999999999999998 18.0272 0.0167 17.8021 0.0099
157.52168 -35.346423 15 0.9670000000000001 19.4855 0.015 18.9211 0.0084 18.504 0.0216 18.3535 0.0329
157.473834 -35.325081 64 0.991 14.7234 0.0036 14.4653 0.0041 14.3108 0.0035 14.2853 0.0032
157.52813799999998 -35.329134 32 0.987 17.156 0.01 16.4593 0.0071 15.9579 0.0057 15.7688 0.0059
157.524711 -35.315529999999995 49 0.983 16.6717 0.006 16.2062 0.0099 15.9032 0.0036 15.7786 0.004
157.48586 -35.308617 49 0.986 16.307000000000002 0.0042 15.8966 0.0041 15.6487 0.0044 15.5522 0.0055
157.481133 -35.310547 23 0.983 18.8719 0.0075 17.9368 0.009000000000000001 17.0574 0.0052 16.7391 0.01
157.481659 -35.357333000000004 55 0.9990000000000001 12.2874 0.0043 12.0598 0.0047 11.9501 0.004 11.948 0.0034
157.465169 -35.339784 31 0.981 18.3874 0.006999999999999999 17.7137 0.0173 17.2212 0.0166 16.9966 0.0107
157.46396000000001 -35.329182 59 0.986 15.1601 0.0041 14.855 0.0044 14.6451 0.0051 14.5736 0.0038
157.48551899999998 -35.362348 31 0.983 18.1538 0.0061 17.4965 0.0161 17.0508 0.0118 16.8582 0.0145
157.524835 -35.309191999999996 11 0.95 20.0709 0.0269 19.461 0.0183 18.9868 0.0159 18.8516 0.0193
157.52173 -35.307056 18 0.98 18.8865 0.009000000000000001 18.3877 0.0126 18.1005 0.0159 17.9371 0.0173
157.53903300000002 -35.330841 23 0.99 18.5485 0.0146 17.7379 0.0161 17.1211 0.0095 16.868 0.0119
157.481602 -35.304173999999996 45 0.9840000000000001 16.5688 0.0088 16.1848 0.0155 15.9682 0.0066 15.9093 0.004
157.535782 -35.314862 40 0.988 16.4546 0.0073 16.1199 0.0085 15.925 0.0052 15.8626 0.0064
157.534009 -35.35438 13 0.98 19.9306 0.0234 18.9287 0.0092 17.8434 0.0121 17.4092 0.0061
157.515817 -35.365713 12 0.971 19.5091 0.0115 18.9469 0.0072 18.5764 0.0078 18.4352 0.0293
157.518848 -35.36593 23 0.981 19.6129 0.0093 18.7345 0.0113 17.7776 0.0071 17.4246 0.0122
157.49132 -35.36906 14 0.9740000000000001 19.4363 0.0079 18.9854 0.0089 18.578 0.0104 18.5215 0.0308
157.46588799999998 -35.357374 60 0.993 14.2205 0.004 14.0613 0.0054 14.0089 0.0037 14.0249 0.0032
157.45388 -35.337113 13 0.958 19.1459 0.0086 18.7755 0.0101 18.5712 0.0288 18.4386 0.0374
157.526694 -35.365134000000005 19 0.981 19.517 0.0096 18.6601 0.0111 17.8936 0.0108 17.6125 0.0115
157.47042 -35.303142 53 0.988 15.6423 0.0066 15.3262 0.0081 15.1226 0.0045 15.0743 0.0041
157.47496 -35.299994 45 0.9840000000000001 17.0178 0.0088 16.663 0.0123 16.4352 0.0077 16.3546 0.0053
157.518825 -35.370228000000004 24 0.981 18.8067 0.0127 18.1395 0.0095 17.6829 0.0074 17.4772 0.0075
157.540564 -35.309779 15 0.978 19.1954 0.09699999999999999 18.5438 0.0297 18.081 0.013999999999999999 17.9343 0.0138
157.46264 -35.360981 20 0.981 18.3199 0.006999999999999999 17.9606 0.0087 17.6823 0.0138 17.6001 0.006
157.465361 -35.363779 18 0.991 19.023 0.0077 18.2976 0.0191 17.8602 0.024 17.6971 0.0107
157.519405 -35.373621 53 0.985 16.1638 0.0064 15.9641 0.0068 15.8443 0.0046 15.8352 0.0084
157.521827 -35.373923 26 0.982 18.1892 0.0063 17.7163 0.0245 17.4061 0.0082 17.2701 0.0109
157.545804 -35.308842 9 0.96 19.7467 0.011000000000000001 19.1797 0.0352 18.8078 0.0138 18.6332 0.0191
157.554168 -35.325515 13 0.976 19.4361 0.0236 18.8572 0.018000000000000002 18.4708 0.0159 18.3126 0.0087
157.538773 -35.299517 24 0.982 18.4254 0.012 17.6687 0.0078 17.146 0.0063 16.952 0.0112
157.451267 -35.309328 52 0.988 15.987 0.0043 15.5676 0.0067 15.3205 0.0048 15.2323 0.0036
157.531743 -35.372656 25 0.982 18.3899 0.0195 17.7235 0.0205 17.3112 0.009000000000000001 17.0719 0.0114
157.551088 -35.355561 10 0.98 nan nan nan nan 18.1153 0.0085 17.4082 0.0097
157.54941000000002 -35.358088 54 0.9990000000000001 13.7383 0.004 13.5095 0.0061 13.3896 0.0035 13.3801 0.0036
157.502382 -35.380774 58 0.9990000000000001 12.4137 0.0054 12.0401 0.0044 11.8275 0.004 11.7689 0.0036
157.558351 -35.32833 41 0.983 17.0492 0.0055 16.7439 0.013000000000000001 16.545 0.0056 16.5057 0.0045
157.511477 -35.381078 15 0.9740000000000001 19.8741 0.0378 19.1027 0.0101 18.5558 0.0128 18.2747 0.0238
157.541207 -35.368821000000004 54 1.0 14.1232 0.0038 13.5805 0.004 13.213 0.0035 13.0519 0.0037
157.446071 -35.356466 47 0.9840000000000001 16.7461 0.0157 16.2415 0.0056 15.8664 0.0062 15.7159 0.0047
157.459367 -35.370841999999996 31 0.983 17.9434 0.0068 17.3993 0.0058 17.0752 0.0093 16.9459 0.0082
157.550011 -35.363069 53 0.993 14.7131 0.0042 14.3753 0.004 14.1681 0.0038 14.0959 0.0036
157.536155 -35.291789 7 0.97 20.4731 0.015 nan nan 18.7881 0.0392 18.4758 0.0114
157.484951 -35.383016999999995 30 0.982 18.1317 0.0059 17.7858 0.0064 17.5532 0.0107 17.493 0.0144
157.49338400000002 -35.384703 28 0.982 18.3672 0.0089 17.5985 0.0116 17.0825 0.0044 16.8548 0.009000000000000001
157.455159 -35.369881 42 0.986 16.2364 0.0043 15.8011 0.0044 15.4888 0.0043 15.3694 0.0041
157.445878 -35.306325 17 0.958 19.2356 0.0068 18.7334 0.0074 18.3934 0.0105 18.2007 0.0219
157.43645700000002 -35.32592 20 0.981 18.5286 0.006999999999999999 18.073 0.0064 17.7599 0.0157 17.6181 0.0088
157.546046 -35.36988 53 0.996 14.9156 0.0039 14.6425 0.004 14.4649 0.0035 14.4213 0.0045
157.539186 -35.291667 42 0.983 16.1563 0.0061 15.8336 0.0044 15.627 0.0036 15.5663 0.0038
157.532331 -35.379211 41 0.985 16.072 0.013000000000000001 15.5824 0.0055 15.2523 0.0038 15.1152 0.0038
157.446722 -35.303058 50 0.9840000000000001 16.3577 0.0042 16.0049 0.0055 15.7734 0.0052 15.7004 0.0055
157.521602 -35.384205 36 0.982 17.8733 0.0141 17.5554 0.0052 17.3492 0.0064 17.2877 0.0107
157.435642 -35.346775 19 0.978 20.5099 0.0372 19.6174 0.0328 18.0532 0.0105 17.4871 0.01
157.462195 -35.287486 18 0.9790000000000001 18.6085 0.0089 18.3217 0.0165 18.1654 0.0109 18.1315 0.0079
157.526594 -35.282394000000004 41 0.981 17.5459 0.0082 17.2262 0.0064 17.0468 0.006 16.9886 0.0055
157.471886 -35.282940999999994 34 0.987 18.0934 0.0071 17.2014 0.0056 16.48 0.0073 16.1916 0.0064
157.449696 -35.295796 53 0.9840000000000001 16.2328 0.0061 15.9855 0.0051 15.8522 0.0033 15.8367 0.0042
157.551863 -35.370598 43 0.987 16.2202 0.0051 15.5611 0.005 15.1255 0.0034 14.9531 0.0033
157.474759 -35.280251 10 0.9570000000000001 21.2588 0.027000000000000003 20.3344 0.0362 18.9466 0.0122 18.4365 0.0462
157.50018799999998 -35.390366 40 0.9840000000000001 17.1222 0.0098 16.3671 0.0043 15.7795 0.0039 15.5195 0.006999999999999999
157.52643700000002 -35.386907 14 0.973 18.8772 0.0086 18.5001 0.0436 18.3438 0.016 18.2546 0.0667
157.56382299999999 -35.358470000000004 46 0.9840000000000001 16.9553 0.0064 16.5331 0.0124 16.2587 0.0059 16.1546 0.0052
157.45517900000002 -35.288271 15 0.977 19.1393 0.0091 18.6709 0.0073 18.3538 0.0153 18.2485 0.0085
157.55676100000002 -35.369754 25 0.983 19.327 0.0141 18.3832 0.0142 17.1968 0.0067 16.7832 0.011000000000000001
157.523166 -35.277425 15 0.9670000000000001 20.5657 0.0239 19.5251 0.0414 18.4561 0.0126 18.0172 0.0219
157.431579 -35.311243 31 0.983 17.9117 0.0061 17.428 0.0151 17.1594 0.0128 17.0313 0.0104
157.493065 -35.393259 17 0.98 18.7371 0.0182 18.2942 0.0102 17.9488 0.0075 17.8557 0.0062
157.52945 -35.388778 37 0.981 17.5782 0.0237 17.2173 0.006999999999999999 17.0355 0.0126 16.9717 0.0057
157.546459 -35.285876 8 0.963 19.9186 0.0168 19.1259 0.0586 18.5548 0.0081 18.336 0.0102
157.573459 -35.345689 18 0.981 19.0564 0.0089 18.3566 0.0079 17.8436 0.011000000000000001 17.6479 0.0067
157.52146299999998 -35.274535 47 0.983 16.9835 0.0116 16.5002 0.0074 16.1779 0.0037 16.0758 0.006999999999999999
157.477582 -35.392099 64 0.9890000000000001 15.2988 0.0047 14.9707 0.0077 14.7526 0.0048 14.6806 0.0033
157.535079 -35.278511 21 0.981 18.9623 0.0106 18.2009 0.011000000000000001 17.6115 0.0153 17.3774 0.0099
157.54055400000001 -35.385645000000004 52 0.996 14.3553 0.0038 13.866 0.0043 13.5764 0.0035 13.4639 0.0037
157.432052 -35.362044 42 0.985 16.7775 0.008 16.3048 0.0103 15.998 0.0038 15.8862 0.0053
157.547071 -35.382914 22 0.983 18.3122 0.0082 17.8133 0.0074 17.4614 0.0175 17.3137 0.017
157.45586200000002 -35.281227 33 0.985 18.072 0.0071 17.7393 0.0135 17.5211 0.0153 17.4468 0.0113
157.568178 -35.363976 12 0.9740000000000001 19.9546 0.0132 19.3396 0.0151 18.8114 0.0077 18.6496 0.0418
157.499068 -35.269674 14 0.9740000000000001 19.4832 0.0066 19.1362 0.0238 18.8785 0.0316 18.9203 0.0214
157.462291 -35.277390999999994 15 0.978 20.4582 0.0181 19.6895 0.0446 18.3047 0.0188 17.7772 0.0074
157.537821 -35.389732 10 0.975 19.0484 0.0246 18.8587 0.0583 18.5802 0.0142 18.4995 0.0122
157.545389 -35.385923999999996 7 0.96 19.4104 0.0206 19.2532 0.0227 18.6702 0.0077 18.6619 0.0153
157.569331 -35.301852000000004 24 0.983 18.8086 0.0139 17.8986 0.0072 17.0773 0.0077 16.7529 0.0046
157.420411 -35.338652 29 0.981 18.3997 0.0127 17.8921 0.0204 17.5404 0.0114 17.4368 0.0133
157.48628200000002 -35.268982 10 0.958 21.076999999999998 0.0255 20.1367 0.0337 18.8704 0.0135 18.3972 0.0103
157.425835 -35.307572 18 0.975 19.2631 0.0131 18.6595 0.0089 18.2028 0.0088 18.0312 0.0219
157.449161 -35.384646000000004 41 0.9840000000000001 17.5898 0.0067 17.2616 0.0089 17.0526 0.0077 16.9988 0.0095
157.521826 -35.396943 27 0.983 18.972 0.0108 17.9801 0.0151 17.0223 0.0093 16.6616 0.0072
157.424605 -35.357659999999996 13 0.978 20.3877 0.0125 19.4401 0.0236 18.0148 0.0066 17.4624 0.0056
157.499979 -35.399716 14 0.977 19.1979 0.0078 18.849 0.0084 18.6618 0.0275 18.5488 0.0384
157.582569 -35.332307 15 0.975 18.7978 0.0068 18.3112 0.0075 18.0208 0.0071 17.8548 0.0068
157.510894 -35.400985 13 0.973 19.8477 0.016 19.1682 0.0085 18.7038 0.0207 18.5191 0.0459
157.58384099999998 -35.336731 32 0.987 18.0785 0.009000000000000001 17.5616 0.0097 17.2226 0.0101 17.0763 0.0159
157.572655 -35.367724 23 0.982 18.3563 0.0102 17.9454 0.0064 17.6644 0.0097 17.5793 0.0111
157.575539 -35.302861 14 0.971 19.4921 0.0181 19.1424 0.0153 18.9232 0.0179 18.8042 0.0438
157.518316 -35.400529999999996 31 0.988 17.8496 0.0061 17.1252 0.0063 16.6164 0.0038 16.4182 0.0061
157.584205 -35.339059000000006 12 0.97 20.7899 0.0322 19.8813 0.017 18.5112 0.0089 17.9377 0.0074
157.58426799999998 -35.326298 43 0.983 17.4537 0.0093 17.0605 0.0065 16.7787 0.0055 16.7111 0.0105
157.428658 -35.295578000000006 15 0.978 20.5741 0.012 19.6432 0.0099 18.2691 0.0122 17.7204 0.013999999999999999
157.495074 -35.263824 12 0.963 19.8856 0.0083 19.3585 0.0497 18.9468 0.0213 18.6965 0.012
157.418164 -35.312977000000004 47 0.9840000000000001 16.5491 0.0076 16.2026 0.0091 15.9828 0.0052 15.9369 0.0045
157.56236299999998 -35.285278999999996 12 0.956 20.4689 0.0621 19.5178 0.0085 18.5137 0.0096 18.151 0.0097
157.41458 -35.325114 0 0.965 nan nan nan nan nan nan nan nan
157.479656 -35.401665 19 0.976 18.8917 0.0153 18.4612 0.0263 18.2214 0.0126 18.1395 0.0129
157.586353 -35.330697 24 0.981 19.2224 0.0092 18.3213 0.026000000000000002 17.5493 0.0063 17.2352 0.0089
157.413731 -35.328556 61 0.996 14.1445 0.0057 13.6603 0.0043 13.3662 0.0036 13.2421 0.0032
157.456696 -35.272238 43 0.983 17.1436 0.0134 16.8122 0.0079 16.6236 0.0083 16.564 0.0047
157.43771999999998 -35.382371 13 0.966 20.7686 0.0682 19.8025 0.046 18.5897 0.01 18.1059 0.0089
157.533173 -35.268104 17 0.981 18.5499 0.0071 18.096 0.0075 17.7955 0.0077 17.7431 0.0079
157.502625 -35.404082 52 0.9940000000000001 15.797 0.0063 15.2845 0.0045 14.9641 0.0037 14.8368 0.0035
157.562773 -35.383199 21 0.981 18.3727 0.0093 18.0064 0.0172 17.7612 0.0153 17.6689 0.0189
157.478116 -35.402743 31 0.98 17.9997 0.0163 17.8851 0.0218 17.8285 0.0129 17.9036 0.0239
157.433895 -35.380615 30 0.983 17.9086 0.006 17.294 0.0086 16.9101 0.0058 16.7578 0.0049
157.457223 -35.396559 11 0.971 19.5271 0.0085 19.2464 0.01 19.0797 0.0152 18.9954 0.024
157.42451699999998 -35.372652 22 0.981 18.3537 0.0131 17.9338 0.0124 17.6465 0.0116 17.5493 0.0163
157.498275 -35.259859000000006 19 0.977 18.739 0.0161 18.2825 0.0088 17.9677 0.0095 17.8227 0.0213
157.502189 -35.259825 13 0.953 19.3018 0.0193 18.9713 0.015 18.7551 0.0079 18.7276 0.0166
157.461019 -35.26698 28 0.981 18.0699 0.0058 17.8084 0.0102 17.6715 0.0079 17.6599 0.0221
157.520025 -35.261148 64 0.996 15.3499 0.0036 15.0515 0.0049 14.8776 0.0039 14.8235 0.0038
157.559028 -35.276742 26 0.983 18.0416 0.006 17.5658 0.0075 17.214000000000002 0.0052 17.087 0.0169
157.510515 -35.259166 17 0.976 19.9349 0.0191 19.1355 0.022000000000000002 18.33 0.0064 17.9774 0.0089
157.421476 -35.294654 17 0.982 18.9145 0.0111 18.2987 0.0074 17.8171 0.0064 17.6194 0.0064
157.41823200000002 -35.298953999999995 13 0.97 nan nan 20.1918 0.0192 18.6353 0.0084 17.9626 0.022000000000000002
157.527994 -35.261753999999996 13 0.971 19.8972 0.026000000000000002 19.0732 0.071 18.4662 0.0104 18.19 0.008
157.591857 -35.343746 10 0.965 19.7829 0.015 19.4491 0.0089 19.1794 0.0265 19.074 0.0181
157.590765 -35.317211 16 0.98 18.5586 0.0138 18.1066 0.0158 17.8752 0.0088 17.8075 0.0065
157.418952 -35.370553 12 0.951 20.4139 0.0339 19.6223 0.01 19.0473 0.0167 18.8354 0.0192
157.556512 -35.393789 41 0.9840000000000001 17.2016 0.0062 16.8814 0.0074 16.6998 0.0041 16.6722 0.006
157.471971 -35.406249 65 0.992 14.4194 0.0043 13.9609 0.0038 13.6463 0.004 13.5268 0.0032
157.450783 -35.268325 30 0.983 17.805999999999997 0.0088 17.3502 0.0072 17.0658 0.008 16.9525 0.0088
157.439382 -35.391908 65 0.998 14.4443 0.0039 14.1667 0.0038 14.0156 0.0038 13.9943 0.0033
157.579098 -35.375144 60 0.998 14.5737 0.0038 14.0432 0.0038 13.6789 0.0039 13.5223 0.0034
157.40738100000002 -35.348444 67 0.992 14.6516 0.0074 14.3907 0.0083 14.2576 0.006 14.2369 0.0052
157.435137 -35.277111 12 0.9570000000000001 20.2 0.0377 19.3355 0.0114 18.6351 0.0163 18.4585 0.0337
157.482821 -35.257115999999996 21 0.9790000000000001 18.6761 0.01 18.2243 0.0097 17.9513 0.0063 17.8279 0.009000000000000001
157.406754 -35.348806 20 0.987 14.9463 0.0198 14.7053 0.0136 14.5584 0.0059 14.5381 0.0051
157.488926 -35.410496 25 0.982 18.6823 0.0156 17.9076 0.0063 17.3245 0.0047 17.0702 0.0078
157.454222 -35.265213 32 0.986 17.9827 0.0064 17.5964 0.0149 17.3815 0.0092 17.3183 0.0053
157.560196 -35.273126 17 0.976 19.3595 0.0203 18.6682 0.0078 18.2486 0.0139 18.0908 0.0237
157.55463500000002 -35.268867 44 0.9840000000000001 16.5748 0.0061 16.2405 0.0065 16.0449 0.0066 15.9886 0.004
157.55109299999998 -35.39992 48 0.985 15.7027 0.0044 15.3769 0.0053 15.1571 0.0055 15.0961 0.0036
157.561453 -35.394696 24 0.982 18.0418 0.0064 17.697 0.0142 17.4745 0.0067 17.4173 0.0091
157.491242 -35.412296000000005 9 0.978 nan nan nan nan 18.0054 0.0123 17.6559 0.0111
157.441026 -35.39705 15 0.9790000000000001 19.1735 0.0149 18.5363 0.0082 18.0759 0.019 17.8943 0.0113
157.46795 -35.257835 26 0.983 19.4104 0.012 18.5047 0.006999999999999999 17.1372 0.0053 16.6568 0.0079
157.48968 -35.413052 48 0.983 16.7216 0.0103 16.4088 0.0052 16.1964 0.0054 16.1516 0.0044
157.598361 -35.330808000000005 53 0.9990000000000001 13.7323 0.004 13.1771 0.005 12.8005 0.0035 12.6388 0.0035
157.541685 -35.259923 12 0.975 19.2175 0.0098 18.6896 0.0521 18.3368 0.0078 18.1762 0.0138
157.470811 -35.255918 38 0.983 17.1121 0.0058 16.7823 0.0063 16.6112 0.0085 16.5593 0.0053
157.43211000000002 -35.392678000000004 13 0.953 19.9742 0.0102 19.5561 0.0325 19.1544 0.0272 19.0614 0.0461
157.599123 -35.341413 10 0.976 19.3224 0.0107 18.9724 0.0271 18.8521 0.0152 18.6983 0.0627
157.598571 -35.320949 10 0.9790000000000001 19.5139 0.0083 19.062 0.0083 18.8015 0.0087 18.6735 0.0146
157.40031100000002 -35.337865 36 0.983 17.3904 0.0182 16.9744 0.0167 16.6948 0.0136 16.5598 0.009000000000000001
157.57386200000002 -35.278159 12 0.9640000000000001 20.9449 0.0846 20.0188 0.0139 18.6446 0.0075 18.0405 0.0231
157.457558 -35.407722 15 0.975 18.8967 0.0092 18.4783 0.008 18.2452 0.0168 18.1244 0.0281
157.50946000000002 -35.415364000000004 36 0.988 17.2317 0.0117 16.7687 0.0057 16.5191 0.0052 16.426 0.0043
157.40349799999998 -35.358852 34 0.993 17.6239 0.0061 17.2949 0.0169 17.0555 0.0065 16.9648 0.0109
157.55746499999998 -35.401606 14 0.973 19.5514 0.016 19.1127 0.0092 18.799 0.0133 18.605999999999998 0.0265
157.495047 -35.416509000000005 18 0.977 19.2191 0.0084 18.727999999999998 0.0151 18.398 0.011000000000000001 18.2498 0.0166
157.413426 -35.288225 39 0.982 17.6166 0.0097 17.3107 0.0078 17.1515 0.0065 17.1152 0.0049
157.52848799999998 -35.25266 13 0.98 18.5875 0.0094 18.1877 0.0171 17.8864 0.0071 17.7972 0.0062
157.463428 -35.411854999999996 49 0.986 16.1117 0.0049 15.7458 0.0039 15.5251 0.0046 15.4599 0.0041
157.57048 -35.271772999999996 19 0.981 18.4651 0.0076 18.0755 0.0068 17.8377 0.0062 17.761 0.0184
157.45694 -35.41035 15 0.978 19.4875 0.0089 18.676 0.0229 18.049 0.0099 17.8405 0.0133
157.60235500000002 -35.316032 9 0.9590000000000001 20.1748 0.0293 19.3922 0.0091 18.6194 0.0098 18.233 0.0174
157.589268 -35.288227 38 0.9840000000000001 17.2012 0.0064 16.5674 0.0083 16.1517 0.0045 15.9848 0.0043
157.505641 -35.247725 32 0.982 17.8405 0.0058 17.4464 0.0057 17.1688 0.0107 17.098 0.0094
157.42332199999998 -35.274633 46 0.983 17.3572 0.0128 17.0315 0.0064 16.8264 0.006999999999999999 16.7865 0.0063
157.45441200000002 -35.410762 38 0.983 17.3119 0.006 16.9467 0.0051 16.7418 0.0089 16.6616 0.0087
157.486234 -35.247904999999996 19 0.978 18.7387 0.0109 18.180999999999997 0.0091 17.8109 0.0067 17.6991 0.0115
157.485201 -35.418898999999996 15 0.973 20.01 0.0167 19.113 0.0086 18.3474 0.0137 18.0424 0.0358
157.438628 -35.262693 29 0.982 18.0533 0.0084 17.7664 0.009000000000000001 17.5807 0.0085 17.5474 0.0104
157.593147 -35.291056 34 0.983 17.7529 0.0076 17.1268 0.0058 16.7362 0.0075 16.5641 0.0044
157.606617 -35.335538 11 0.972 19.3898 0.0092 19.0462 0.0183 18.7995 0.0248 18.7053 0.0322
157.594973 -35.293421 13 0.977 19.4022 0.0134 18.9106 0.0086 18.5519 0.0085 18.3825 0.0118
157.576656 -35.272622 33 0.983 17.9111 0.0134 17.4905 0.0052 17.2405 0.0121 17.159000000000002 0.0099
157.48701200000002 -35.420126 17 0.976 19.4726 0.0178 18.7578 0.0095 18.2033 0.0114 17.9964 0.022000000000000002
157.587271 -35.282534999999996 55 0.985 16.0326 0.0055 15.761 0.0039 15.6123 0.0036 15.5798 0.0036
157.590849 -35.379867 29 0.983 18.1201 0.0078 17.4343 0.0051 16.9515 0.006 16.7507 0.0076
157.600546 -35.3654 31 0.986 16.9731 0.0103 16.3724 0.0103 15.9987 0.0065 15.8716 0.0061
157.436028 -35.404486999999996 13 0.9740000000000001 20.2394 0.0126 19.3569 0.0151 18.3981 0.0111 18.0052 0.0087
157.60755 -35.344209 13 0.982 18.6789 0.0188 18.3208 0.0152 18.0907 0.0083 18.0288 0.0134
157.564667 -35.262064 50 0.986 15.5838 0.0045 15.0629 0.004 14.7095 0.004 14.5517 0.0038
157.396747 -35.362402 41 0.987 16.6555 0.0087 16.1682 0.0102 15.8065 0.0077 15.655 0.004
157.604848 -35.307726 39 0.9840000000000001 15.7395 0.0062 15.3887 0.0052 15.1532 0.0042 15.0881 0.0048
157.415819 -35.276142 36 0.982 17.8761 0.0138 17.526 0.0091 17.3115 0.0146 17.255 0.0049
157.543733 -35.415787 10 0.966 19.6832 0.039 19.0957 0.0086 18.7068 0.0121 18.4956 0.0636
157.595052 -35.287814000000004 14 0.975 20.8345 0.0434 19.8006 0.0277 18.4157 0.0069 17.8905 0.0193
157.501285 -35.423363 22 0.982 20.4159 0.0177 19.4114 0.0129 17.6528 0.0149 16.9643 0.0056
157.515185 -35.243935 13 0.9670000000000001 20.5581 0.0317 19.6624 0.0484 18.72 0.0088 18.2961 0.0151
157.535848 -35.247906 14 0.978 18.7675 0.0098 18.3692 0.0225 18.0715 0.0144 17.9956 0.01
157.415066 -35.274315 12 0.9670000000000001 19.2648 0.0098 18.8167 0.0088 18.5404 0.0129 18.5072 0.0306
157.61076200000002 -35.345175 21 0.982 18.2075 0.0101 17.8588 0.0089 17.63 0.0061 17.5638 0.0152
157.397872 -35.295964 27 0.983 18.0012 0.0216 17.5403 0.023 17.1475 0.008 17.0075 0.006999999999999999
157.585016 -35.392821999999995 15 0.976 19.9864 0.0097 19.0875 0.0231 18.3668 0.0063 18.101 0.0127
157.60000300000002 -35.291557 15 0.98 20.109 0.0919 19.2964 0.012 18.158 0.0107 17.7142 0.0101
157.433908 -35.258989 21 0.982 19.2835 0.0195 18.4418 0.0073 17.6642 0.0115 17.3498 0.0114
157.486247 -35.424513 62 0.986 15.845999999999998 0.0052 15.5734 0.0091 15.4066 0.0032 15.3778 0.0043
157.45092 -35.250616 27 0.983 19.1083 0.013000000000000001 18.1526 0.0083 16.5635 0.0094 15.95 0.0067
157.38780500000001 -35.324077 10 0.966 19.4241 0.0493 19.1976 0.023 19.0432 0.0197 18.9029 0.0206
157.568645 -35.260303 56 0.9990000000000001 13.2825 0.0038 12.8181 0.0062 12.4935 0.0038 12.3597 0.0033
157.44529599999998 -35.252790000000005 12 0.951 19.8737 0.0113 19.3092 0.0184 18.9325 0.0347 18.7902 0.0164
157.61113600000002 -35.317029999999995 23 0.983 17.9666 0.0071 17.5397 0.0084 17.2716 0.0121 17.1669 0.0071
157.48103799999998 -35.242490999999994 47 0.981 16.9671 0.0044 16.5331 0.0101 16.2301 0.0069 16.1304 0.0042
157.610659 -35.312016 14 0.981 19.7803 0.0076 18.8099 0.0074 17.815 0.0069 17.4341 0.0105
157.600911 -35.376659000000004 39 0.985 15.7541 0.0046 15.3723 0.0044 15.1378 0.0043 15.0644 0.004
157.455423 -35.41912 62 0.973 15.1718 0.0048 14.8681 0.0075 14.6915 0.005 14.6523 0.0054
157.388767 -35.354717 15 0.976 18.7633 0.0087 18.4998 0.0166 18.2985 0.0091 18.2105 0.0218
157.449261 -35.24948 35 0.983 17.9732 0.0112 17.6618 0.0152 17.484 0.009000000000000001 17.4505 0.0136
157.386252 -35.347495 24 0.982 18.1955 0.0193 17.8984 0.0283 17.6807 0.0185 17.6465 0.0243
157.431182 -35.40876 23 0.98 18.7478 0.0077 18.2448 0.0088 17.8901 0.0122 17.7451 0.0154
157.466011 -35.243495 11 0.951 20.3426 0.0431 19.5041 0.0111 18.9617 0.0119 18.7692 0.012
157.614522 -35.322267 17 0.98 18.4122 0.0063 18.0875 0.0067 17.8645 0.0128 17.7318 0.0372
157.577339 -35.403332 23 0.983 19.2021 0.0123 18.2545 0.0096 17.5247 0.0095 17.2528 0.011000000000000001
157.491471 -35.427425 14 0.9670000000000001 19.7891 0.0449 19.2507 0.0099 18.8576 0.0304 18.6392 0.0286
157.550165 -35.418421 18 0.981 19.2574 0.0083 18.424 0.0152 17.7967 0.015 17.5663 0.0132
157.451628 -35.246904 20 0.9640000000000001 19.1651 0.0084 18.4075 0.0151 17.8274 0.0105 17.6 0.0076
157.51945 -35.427128 16 0.966 19.3235 0.0143 18.7963 0.0089 18.4355 0.0146 18.352999999999998 0.0144
157.487322 -35.428457 13 0.963 20.4905 0.0224 19.4886 0.0153 18.5354 0.0236 18.1926 0.0139
157.58037 -35.263653000000005 57 0.986 15.8434 0.0039 15.4742 0.0047 15.2532 0.0044 15.1798 0.0033
157.570294 -35.410160999999995 25 0.9840000000000001 18.6941 0.0173 17.8011 0.008 16.3458 0.0085 15.7871 0.0042
157.610555 -35.300426 23 0.982 17.971 0.0064 17.6618 0.0068 17.4686 0.0104 17.4227 0.0193
157.399001 -35.283934 24 0.983 17.9376 0.0087 17.4202 0.0083 17.1227 0.0129 17.0526 0.017
157.466576 -35.240898 41 0.983 16.9808 0.0065 16.6159 0.0045 16.4008 0.0081 16.3337 0.0056
157.475498 -35.238973 43 0.9840000000000001 16.6555 0.0043 16.2768 0.0047 16.0519 0.0047 15.9982 0.0038
157.604691 -35.378346 47 0.99 15.1298 0.004 14.8786 0.0048 14.7393 0.0039 14.7163 0.0037
157.507204 -35.429916999999996 29 0.982 18.021 0.0053 17.5936 0.006 17.3093 0.0123 17.2213 0.0051
157.60429 -35.286572 11 0.9690000000000001 20.7758 0.0555 19.8005 0.0542 18.4261 0.0245 17.9127 0.0073
157.555422 -35.247345 42 0.985 17.1159 0.0096 16.7141 0.0064 16.4179 0.0089 16.3051 0.0077
157.583851 -35.264223 42 0.983 17.2871 0.0049 16.9834 0.0118 16.7673 0.0042 16.7263 0.009000000000000001
157.379872 -35.338284 8 0.9570000000000001 20.2751 0.0146 19.4296 0.0134 18.8513 0.02 18.6349 0.0348
157.38002 -35.324878999999996 53 0.9940000000000001 13.9314 0.0047 13.7027 0.0056 13.5983 0.0037 13.5883 0.0035
157.595069 -35.39415 14 0.971 18.95 0.0087 18.56 0.0094 18.3174 0.009000000000000001 18.2026 0.0205
157.38228999999998 -35.310906 10 0.9790000000000001 20.0742 0.0179 19.1591 0.0394 18.0598 0.0134 17.6355 0.0084
157.589295 -35.266753 55 0.998 15.2871 0.0046 14.4126 0.0039 13.6907 0.0032 13.4101 0.0032
157.41951699999998 -35.259151 38 0.983 17.9047 0.0307 17.5346 0.0118 17.2928 0.0133 17.2266 0.0094
157.52137 -35.235721999999996 48 0.992 15.9588 0.0038 15.0408 0.0043 14.1373 0.0044 13.7962 0.0034
157.503224 -35.234201 42 0.983 17.1177 0.0086 16.6918 0.0107 16.3995 0.0049 16.2972 0.0061
157.52901799999998 -35.429649 28 0.986 17.2374 0.0145 16.6136 0.005 16.23 0.0049 16.0694 0.0053
157.573437 -35.412596 11 0.968 20.395 0.0388 19.602 0.0102 18.8134 0.0133 18.4446 0.0381
157.400797 -35.275677 36 0.985 17.048 0.0056 16.6547 0.0138 16.3749 0.004 16.274 0.0082
157.545195 -35.425653999999994 41 0.9840000000000001 15.9947 0.0065 15.2931 0.0074 14.7726 0.0102 14.5334 0.0119
157.621985 -35.328749 17 0.977 18.7964 0.0132 18.4298 0.0154 18.1383 0.0188 18.0301 0.0095
157.388253 -35.293113 17 0.9790000000000001 18.5384 0.0202 18.2501 0.0212 18.0949 0.0153 17.9714 0.0271
157.451201 -35.241946 24 0.976 18.8692 0.0071 18.2235 0.0077 17.7794 0.0179 17.5774 0.0154
157.622609 -35.330177 37 0.985 17.1403 0.0146 16.783 0.0069 16.5828 0.0041 16.5361 0.0072
157.501565 -35.433514 13 0.961 19.5708 0.0131 19.2295 0.0076 19.0537 0.0075 19.0487 0.0202
157.5824 -35.408041 22 0.981 18.7389 0.0083 18.0714 0.0085 17.6185 0.0065 17.4789 0.009000000000000001
157.543681 -35.427307 32 0.981 17.4938 0.0193 17.2108 0.0134 17.0319 0.0081 16.988 0.0138
157.477936 -35.432286 26 0.982 18.2358 0.019 17.8162 0.0105 17.5252 0.0163 17.4223 0.0078
157.376876 -35.339775 25 0.983 18.8529 0.0682 17.9113 0.0068 16.5585 0.0113 16.027 0.005
157.440696 -35.24465 12 0.97 19.5986 0.0201 19.2875 0.0178 19.1507 0.0142 19.0466 0.0111
157.616282 -35.298002000000004 11 0.9590000000000001 19.3642 0.0083 18.8438 0.0137 18.4685 0.0199 18.3416 0.0293
157.588312 -35.40503 16 0.977 19.6979 0.0104 18.9232 0.0271 18.3087 0.0146 18.0594 0.021
157.514937 -35.23223 32 0.983 18.1009 0.0069 17.6297 0.0207 17.3251 0.0246 17.1642 0.0085
157.378659 -35.309340999999996 16 0.98 18.8011 0.0098 18.2164 0.01 17.867 0.0084 17.7179 0.0097
157.457025 -35.237483000000005 20 0.982 18.805 0.0095 18.2103 0.0093 17.7991 0.0067 17.6302 0.0065
157.563404 -35.421715 12 0.971 19.7776 0.0132 19.3057 0.0088 18.9629 0.0191 18.9195 0.0221
157.462199 -35.431143 25 0.983 19.0804 0.0082 18.1479 0.0123 16.7782 0.0108 16.2373 0.0056
157.59868 -35.269518 18 0.981 19.8094 0.0225 18.8457 0.0087 17.6967 0.0177 17.2551 0.0125
157.513638 -35.435595 22 0.9790000000000001 18.9596 0.0239 18.3486 0.0089 17.8749 0.0208 17.6838 0.0071
157.500498 -35.230284000000005 71 0.997 14.1562 0.0046 13.8934 0.0049 13.75 0.0037 13.7248 0.0032
157.405082 -35.401778 38 0.983 17.2668 0.0292 16.9907 0.0073 16.7855 0.0096 16.7184 0.0078
157.470922 -35.231953000000004 43 0.983 16.9598 0.0045 16.4785 0.0163 16.1201 0.0089 15.9971 0.0062
157.488707 -35.437342 21 0.977 20.3621 0.0428 19.4367 0.0123 17.896 0.0289 17.3267 0.0079
157.56798999999998 -35.24487 12 0.9640000000000001 19.6946 0.0106 19.1764 0.0089 18.7898 0.0125 18.6483 0.0508
157.427238 -35.247103 49 0.985 16.1859 0.0068 15.8431 0.0074 15.6308 0.0043 15.5649 0.0078
157.51529399999998 -35.229003999999996 17 0.98 20.3893 0.0475 19.4482 0.0087 18.1465 0.0064 17.6634 0.0098
157.429204 -35.245538 58 0.993 14.4357 0.0041 14.0683 0.0055 13.8263 0.004 13.7516 0.004
157.52303600000002 -35.436944 30 0.981 18.0687 0.0104 17.7396 0.0084 17.5158 0.0085 17.4836 0.0113
157.420415 -35.416332000000004 15 0.9620000000000001 20.1176 0.0147 nan nan 18.2602 0.012 17.8952 0.0188
157.62782099999998 -35.317844 28 0.983 18.6013 0.0209 17.805 0.0113 17.2458 0.0071 17.042 0.008
157.398955 -35.399225 25 0.983 18.4249 0.006999999999999999 17.5737 0.0126 16.8641 0.0045 16.5935 0.0154
157.380685 -35.292651 15 0.981 18.5044 0.0091 18.0068 0.0249 17.6847 0.0054 17.5619 0.0064
157.39011100000002 -35.277303 46 0.993 15.8681 0.0064 15.4956 0.0075 15.296 0.0039 15.2532 0.0079
157.37935900000002 -35.372167 25 0.982 18.4493 0.0158 17.9513 0.0266 17.6087 0.0092 17.4521 0.0204
157.597298 -35.262657 12 0.9790000000000001 20.5279 0.0157 19.5731 0.027000000000000003 18.2125 0.0078 17.7196 0.012
157.443496 -35.237351000000004 22 0.981 19.6155 0.0207 18.722 0.0153 17.7676 0.006 17.4184 0.0136
157.420627 -35.248549 26 0.988 18.2979 0.0152 17.6612 0.0086 17.2528 0.0181 17.0498 0.0126
157.57265900000002 -35.422242 46 0.986 16.0568 0.0052 15.7152 0.0071 15.5179 0.0039 15.4705 0.0037
157.40651 -35.258309999999994 12 0.953 19.7736 0.0189 19.4481 0.0189 19.1947 0.0175 19.1882 0.0183
157.608151 -35.393992 31 0.982 17.4347 0.0055 17.1633 0.0074 16.996 0.0048 16.9495 0.0148
157.63038799999998 -35.353078000000004 13 0.973 20.8094 0.0318 19.8084 0.0606 18.4857 0.0086 18.0029 0.0121
157.603607 -35.265822 24 0.9840000000000001 17.4346 0.0089 16.6825 0.0058 16.1762 0.0053 15.9592 0.0046
157.620872 -35.379071 39 0.983 16.5493 0.0092 16.1965 0.0084 15.9807 0.0073 15.9197 0.0043
157.36646100000002 -35.336724 22 0.98 18.3976 0.008 18.1237 0.0103 17.9384 0.0131 17.8519 0.0157
157.501448 -35.443176 44 0.9840000000000001 17.455 0.0072 17.1033 0.0107 16.8996 0.0092 16.8472 0.0109
157.632895 -35.315484000000005 63 0.9940000000000001 13.6719 0.0047 13.1156 0.0049 12.7289 0.0035 12.5603 0.0032
157.498339 -35.223408 50 0.988 16.0393 0.0037 15.7487 0.0046 15.5785 0.005 15.5598 0.0056
157.413649 -35.248841999999996 18 0.978 18.9876 0.0092 18.5362 0.0123 18.1847 0.0172 18.0953 0.0178
157.576843 -35.242713 25 0.981 18.3469 0.0082 18.02 0.01 17.8033 0.0059 17.7423 0.0068
157.40044699999999 -35.258864 14 0.9570000000000001 18.8994 0.0304 18.5082 0.0179 18.2237 0.0182 18.1448 0.0173
157.43669599999998 -35.235735999999996 17 0.973 20.3362 0.0249 19.2785 0.0076 18.0926 0.0116 17.6186 0.0181
157.38828 -35.396368 24 0.983 18.8069 0.0083 17.9778 0.021 17.3492 0.0164 17.0757 0.0155
157.371509 -35.370360999999995 39 0.982 17.7638 0.0232 17.4736 0.0131 17.3095 0.0055 17.2898 0.0115
157.635228 -35.319378 13 0.976 20.3365 0.0159 19.3527 0.0136 18.4121 0.0094 18.0574 0.0135
157.636138 -35.325445 16 0.978 20.3112 0.044000000000000004 19.2899 0.0076 18.1451 0.0072 17.7368 0.0195
157.491635 -35.444488 24 0.982 18.6165 0.0062 17.992 0.0216 17.5772 0.0062 17.4016 0.0059
157.601775 -35.407598 36 0.9840000000000001 16.3064 0.0045 15.9345 0.0074 15.7432 0.006999999999999999 15.6915 0.0043
157.415514 -35.420858 50 0.9840000000000001 16.5391 0.0041 16.2244 0.0116 16.0318 0.006 15.9896 0.0068
157.439569 -35.233331 22 0.981 19.0729 0.0179 18.3129 0.0059 17.7868 0.013999999999999999 17.5612 0.0073
157.38943999999998 -35.398998 1 0.983 17.7757 0.1768 nan nan nan nan nan nan
157.611334 -35.268440999999996 8 0.966 19.8455 0.0412 19.4116 0.008 19.2038 0.0271 19.0405 0.0169
157.363457 -35.324543 48 0.985 16.8487 0.0108 16.4995 0.0137 16.2938 0.0036 16.2559 0.0077
157.424009 -35.240285 13 0.961 20.4174 0.0165 19.6392 0.0342 18.7527 0.0073 18.4243 0.0261
157.55629199999998 -35.435491999999996 14 0.975 19.1933 0.0284 18.9227 0.0072 18.722 0.0109 18.6348 0.0212
157.629381 -35.371385 57 0.995 15.5568 0.0035 15.155 0.0041 14.8702 0.0034 14.7769 0.0033
157.510781 -35.445431 14 0.976 19.127 0.0103 18.7559 0.0134 18.5628 0.0116 18.4424 0.0178
157.611595 -35.266962 13 0.9790000000000001 20.0356 0.0102 19.1421 0.0086 18.0036 0.006999999999999999 17.6101 0.0123
157.549199 -35.227975 21 0.981 18.1257 0.0074 17.8264 0.0087 17.6689 0.0062 17.6029 0.0147
157.496072 -35.220546 32 0.983 17.515 0.0135 16.5537 0.0089 15.6332 0.0075 15.2794 0.0045
157.45674499999998 -35.440789 32 0.982 17.9279 0.006999999999999999 17.658 0.0121 17.4682 0.0069 17.4236 0.0081
157.363335 -35.311352 17 0.9790000000000001 20.4132 0.0105 19.4116 0.0133 18.0392 0.0103 17.5069 0.0086
157.543796 -35.442115 19 0.98 19.6275 0.0309 18.6937 0.0154 17.7732 0.0085 17.4136 0.016
157.562746 -35.436069 12 0.963 20.3946 0.0164 19.5825 0.0262 18.7243 0.0196 18.4021 0.0196
157.37157 -35.286547 37 0.982 17.814 0.0164 16.9295 0.0106 16.1595 0.0062 15.8305 0.0067
157.587782 -35.423102 47 0.983 17.5269 0.0212 17.2041 0.0095 16.9853 0.0095 16.9165 0.0117
157.403335 -35.416823 10 0.956 19.5475 0.009000000000000001 19.3286 0.0101 19.2511 0.0203 19.0673 0.0233
157.504842 -35.448170000000005 26 0.982 18.673 0.0071 17.9968 0.0052 17.5257 0.0068 17.3352 0.008
157.507473 -35.44809 45 0.983 17.5987 0.0143 17.3783 0.0154 17.2554 0.0049 17.2422 0.0096
157.57800600000002 -35.237072 13 0.961 19.7922 0.0316 19.3224 0.02 19.0601 0.0368 18.8801 0.0225
157.48109499999998 -35.218841999999995 54 0.981 15.4084 0.0073 14.9134 0.0049 14.6331 0.0058 14.5146 0.0048
157.618721 -35.270382 40 0.983 16.4805 0.012 16.1342 0.0048 15.9072 0.0047 15.8544 0.0071
157.362187 -35.30415 28 0.9790000000000001 18.4232 0.0092 17.8098 0.009000000000000001 17.4193 0.0268 17.2974 0.0072
157.566889 -35.230712 43 0.987 16.2844 0.0059 15.8107 0.0062 15.5412 0.0054 15.443 0.0048
157.44194099999999 -35.22695 41 0.986 16.8635 0.0075 15.9724 0.0069 15.2373 0.0049 14.9479 0.0047
157.517461 -35.449059999999996 26 0.9840000000000001 18.4275 0.0075 17.4873 0.0064 16.4995 0.0057 16.1099 0.0064
157.476279 -35.448392999999996 31 0.982 17.9418 0.0089 17.6213 0.0058 17.4287 0.0139 17.3787 0.0137
157.62254099999998 -35.27171 33 0.987 17.0874 0.0045 16.3848 0.0051 15.9439 0.0069 15.772 0.0076
157.38820900000002 -35.407742999999996 37 0.983 17.01 0.0052 16.7266 0.0142 16.5011 0.0048 16.4549 0.006999999999999999
157.64398400000002 -35.323813 13 0.977 19.0017 0.0233 18.5221 0.0074 18.1863 0.0068 18.0747 0.0142
157.582883 -35.42991 15 0.98 19.0474 0.0229 18.7073 0.0101 18.4665 0.0144 18.4249 0.0101
157.532116 -35.448553000000004 9 0.9690000000000001 19.7205 0.0388 19.2289 0.0798 19.0033 0.0119 18.9502 0.0173
157.631426 -35.383277 16 0.978 19.2693 0.0078 18.5799 0.0103 18.1179 0.0166 17.9814 0.0099
157.59754099999998 -35.420933000000005 20 0.983 19.1751 0.0233 18.2702 0.008 17.429000000000002 0.0148 17.0966 0.0076
157.461398 -35.447414 22 0.982 19.2652 0.0214 18.3355 0.0077 17.4745 0.0084 17.1293 0.0066
157.56514099999998 -35.439627 24 0.981 18.3127 0.006 17.9988 0.0094 17.7941 0.012 17.7367 0.0127
157.360799 -35.297847999999995 28 0.983 18.9465 0.0085 18.0211 0.0289 16.5316 0.0068 15.9765 0.0064
157.400183 -35.420321 10 0.971 19.3861 0.0203 19.1115 0.0398 18.8732 0.0292 18.7045 0.0576
157.35438 -35.342571 40 0.987 17.3889 0.0153 16.8371 0.0053 16.4836 0.0074 16.3317 0.0057
157.49996000000002 -35.214101 57 0.987 16.095 0.0045 15.7231 0.0042 15.4928 0.0069 15.4246 0.004
157.36955600000002 -35.387234 21 0.98 18.5398 0.0167 18.0837 0.0073 17.8113 0.0151 17.6586 0.0219
157.47044 -35.450373 32 0.983 17.6598 0.006999999999999999 17.1181 0.0077 16.7462 0.0099 16.6016 0.0042
157.646582 -35.339526 12 0.961 20.1375 0.0441 19.3982 0.0119 18.8747 0.0256 18.5568 0.0246
157.642371 -35.303622999999995 12 0.971 21.1304 0.03 20.1038 0.0166 18.5743 0.0212 17.9974 0.0085
157.57732099999998 -35.231338 28 0.9840000000000001 19.0671 0.0126 18.1219 0.0122 16.6086 0.0107 16.0188 0.006999999999999999
157.629741 -35.276937 25 0.983 19.2412 0.009000000000000001 18.2768 0.0115 17.2375 0.0103 16.8435 0.0072
157.597166 -35.243190999999996 10 0.958 20.2843 0.018000000000000002 19.5435 0.0087 19.0654 0.0311 18.9171 0.0395
157.609466 -35.252753000000006 10 0.951 20.4794 0.0141 19.5786 0.0192 18.7056 0.0169 18.4566 0.0245
157.602059 -35.420252000000005 10 0.977 19.4258 0.0221 19.0305 0.0085 18.7822 0.0118 18.7563 0.0225
157.432324 -35.225915 25 0.991 17.9373 0.008 17.5403 0.0056 17.2933 0.0068 17.2079 0.0103
157.455512 -35.448656 29 0.985 17.8509 0.0075 17.0525 0.0059 16.4534 0.0062 16.2006 0.0042
157.62713 -35.395676 62 0.987 15.1459 0.0049 14.7902 0.0037 14.595 0.0034 14.5439 0.0032
157.36576200000002 -35.280582 19 0.98 19.0698 0.0161 18.429000000000002 0.0094 17.9729 0.0106 17.8064 0.0118
157.36318 -35.284524 12 0.951 19.4626 0.0305 19.0013 0.0354 18.7296 0.0211 18.584 0.0204
157.38683400000002 -35.412958 27 0.982 18.4174 0.0113 17.7676 0.0175 17.2722 0.0152 17.0486 0.0093
157.54681200000002 -35.217521999999995 20 0.983 17.9075 0.0081 17.4352 0.0115 17.0937 0.0075 16.9893 0.009000000000000001
157.56620700000002 -35.442752 15 0.972 19.701 0.0101 18.8767 0.0277 18.2741 0.0126 18.1201 0.0185
157.648351 -35.350698 33 0.983 17.4377 0.0077 16.6566 0.0129 16.0734 0.0063 15.8531 0.0066
157.459163 -35.450989 30 0.9840000000000001 18.4637 0.0066 17.5532 0.0125 16.4861 0.0065 16.0943 0.0068
157.350823 -35.345644 18 0.98 20.574 0.0281 19.5973 0.0127 17.937 0.0158 17.3366 0.0113
157.433353 -35.2235 61 0.9890000000000001 14.966 0.0054 14.6764 0.0087 14.5019 0.005 14.4701 0.0043
157.64299599999998 -35.371435999999996 60 0.985 15.8598 0.0042 15.743 0.0055 15.7352 0.0036 15.7649 0.0082
157.595407 -35.238396 55 0.986 15.3515 0.0038 15.119000000000002 0.004 14.9896 0.0042 14.9843 0.0048
157.626939 -35.399415000000005 61 0.986 15.0863 0.0051 14.8143 0.0038 14.6492 0.0044 14.6107 0.0035
157.379177 -35.259928 49 0.977 15.6592 0.0436 15.2161 0.0437 14.7777 0.0446 14.5903 0.0517
157.36903999999998 -35.394472 11 0.955 19.6562 0.0465 19.0287 0.0193 18.5823 0.0149 18.3702 0.0187
157.450798 -35.216837 59 0.99 14.5662 0.0037 14.3401 0.004 14.2355 0.0051 14.2228 0.0033
157.554577 -35.448603000000006 25 0.99 18.3976 0.006 18.1287 0.0073 17.9651 0.0165 17.9212 0.0119
157.414723 -35.435697999999995 38 0.983 17.4004 0.0174 16.9305 0.004 16.6088 0.0039 16.4957 0.0069
157.348292 -35.337959000000005 11 0.968 nan nan 20.3177 0.016 18.6099 0.017 17.9845 0.0276
157.348967 -35.320818 56 0.986 15.7395 0.0083 15.3869 0.0069 15.1899 0.0059 15.1306 0.0031
157.386804 -35.4161 16 0.981 18.5593 0.008 18.1167 0.008 17.7792 0.0076 17.6481 0.0087
157.61119 -35.248867 29 0.983 17.6893 0.008 17.3122 0.0143 17.0564 0.0064 16.996 0.0074
157.640385 -35.381128000000004 17 0.98 20.322 0.0431 19.3631 0.01 17.9021 0.0079 17.3341 0.0085
157.517069 -35.209827000000004 76 0.986 15.34 0.0031 15.0274 0.0038 14.8342 0.005 14.7935 0.0035
157.398403 -35.42603 41 0.983 17.1526 0.0126 16.8154 0.0107 16.5453 0.005 16.4744 0.0112
157.651478 -35.3186 16 0.9790000000000001 18.8803 0.0076 18.3527 0.0176 17.9972 0.0066 17.8183 0.0213
157.402251 -35.429111 36 0.983 17.3495 0.0082 16.8983 0.0083 16.5797 0.0066 16.4884 0.0131
157.62708999999998 -35.402678 66 0.988 15.0099 0.0034 14.7351 0.0041 14.5843 0.0039 14.5629 0.0032
157.43146000000002 -35.221777 39 0.982 17.1204 0.0047 16.8102 0.005 16.6308 0.0068 16.5824 0.0081
157.631775 -35.269942 32 0.9840000000000001 17.5272 0.0054 17.0133 0.0085 16.7088 0.0053 16.5845 0.0076
157.445517 -35.45002 18 0.9790000000000001 18.9715 0.0098 18.3797 0.0074 17.9759 0.0111 17.7835 0.0214
157.646619 -35.3694 22 0.983 18.2834 0.0088 17.7739 0.0084 17.4726 0.0059 17.3724 0.0091
157.584623 -35.228961 9 0.956 19.9715 0.0324 19.6915 0.0237 19.4879 0.0595 19.2974 0.0162
157.364668 -35.274189 47 0.985 16.4515 0.0056 16.0444 0.0082 15.8172 0.0071 15.7531 0.0049
157.348276 -35.314051 37 0.98 17.8124 0.0264 17.394000000000002 0.0138 17.1384 0.0104 17.055999999999997 0.0132
157.61581999999999 -35.415684000000006 9 0.976 19.349 0.0078 18.622 0.0077 18.1119 0.0084 17.9037 0.0108
157.354997 -35.37475 19 0.978 19.6373 0.0096 18.849 0.0168 18.2458 0.0119 17.9804 0.0296
157.5692 -35.22144 40 0.9990000000000001 11.2212 0.0067 11.0305 0.0054 10.9781 0.0053 10.9898 0.0043
157.568322 -35.445734 20 0.981 19.9142 0.0148 18.9685 0.0193 17.813 0.0095 17.3893 0.0127
157.648832 -35.301629 48 0.983 16.826 0.0068 16.5468 0.0052 16.3703 0.0083 16.3265 0.0093
157.45866999999998 -35.212407 11 0.955 19.9783 0.0101 19.6266 0.0252 19.3594 0.0469 19.1899 0.0325
157.651112 -35.308749 60 0.99 15.1786 0.0042 14.9294 0.0044 14.7904 0.0035 14.7763 0.0035
157.627795 -35.263056 14 0.968 20.0442 0.0092 19.2339 0.0127 18.6012 0.0076 18.3261 0.0233
157.438106 -35.217338 13 0.971 20.215999999999998 0.0341 19.2836 0.0291 18.6225 0.0108 18.305999999999997 0.0149
157.46526 -35.209595 37 0.9840000000000001 17.706 0.0058 17.1731 0.0064 16.8255 0.0075 16.7168 0.0115
157.450108 -35.453675 43 0.983 17.3637 0.012 17.0576 0.0079 16.8572 0.0044 16.8054 0.0069
157.52867 -35.207738 21 0.977 19.8275 0.0124 18.849 0.0111 17.9087 0.0154 17.5395 0.0087
157.650357 -35.369448999999996 50 0.992 16.4967 0.0049 16.1659 0.0045 15.9572 0.0051 15.8951 0.0042
157.417532 -35.224614 32 0.982 18.0071 0.0062 17.59 0.0053 17.3236 0.0146 17.2287 0.0095
157.641515 -35.277975 14 0.977 20.6362 0.0138 19.6715 0.0184 18.5531 0.0149 18.1044 0.0221
157.403291 -35.232332 7 0.977 18.3906 0.0193 17.9554 0.0333 nan nan nan nan
157.57388400000002 -35.446835 44 0.985 17.0887 0.0074 16.7596 0.0088 16.5408 0.0041 16.4776 0.0051
157.474411 -35.206406 36 0.9840000000000001 18.4711 0.0132 17.4872 0.0105 15.8486 0.0039 15.2032 0.0069
157.612906 -35.42326 21 0.982 18.9752 0.0191 18.1285 0.0125 17.3752 0.028999999999999998 17.0882 0.0127
157.402348 -35.231901 27 0.977 18.5476 0.124 17.6895 0.0175 16.8667 0.0214 16.548 0.0252
157.495425 -35.20438 38 0.985 18.4267 0.0077 17.4863 0.0083 16.4957 0.0084 16.1013 0.0072
157.345459 -35.30317 48 0.986 16.5423 0.0053 16.2155 0.0073 16.0081 0.0052 15.9603 0.0069
157.641379 -35.273056 8 0.98 nan nan nan nan 18.721 0.0261 18.4513 0.0116
157.626326 -35.253788 39 0.983 17.2606 0.0053 17.008 0.0062 16.8438 0.0067 16.8187 0.0045
157.650317 -35.2895 13 0.96 19.615 0.0202 19.342 0.0099 19.1612 0.0149 19.1251 0.0477
157.343425 -35.30775 30 0.983 18.699 0.0224 17.7808 0.0076 16.602 0.0039 16.1444 0.0061
157.657787 -35.354822 47 0.986 16.1032 0.0067 15.3428 0.0075 14.8292 0.0041 14.615 0.0036
157.64781100000002 -35.283134999999994 5 0.981 nan nan nan nan 18.0419 0.016 17.9287 0.0092
157.384227 -35.243103999999995 9 0.973 19.5338 0.0301 19.1465 0.0098 18.8814 0.0097 18.877 0.0106
157.64268 -35.392794 53 0.988 15.8972 0.0075 15.4591 0.0039 15.2068 0.0034 15.1199 0.0034
157.473466 -35.462227 37 0.9840000000000001 17.2779 0.0071 16.749000000000002 0.008 16.386 0.0049 16.2437 0.0057
157.648402 -35.284103 46 0.982 17.3151 0.0167 17.0714 0.0158 16.8553 0.0138 16.8075 0.0086
157.440154 -35.212077 29 0.982 18.4019 0.0083 17.8836 0.0144 17.5517 0.0076 17.4624 0.0142
157.45637 -35.207487 14 0.95 20.8419 0.0235 19.8861 0.0282 19.0633 0.0089 18.7756 0.0404
157.366815 -35.260355 56 0.9940000000000001 15.6956 0.0059 15.3581 0.0076 15.1697 0.0046 15.1038 0.0039
157.459654 -35.46032 35 0.983 17.4743 0.0102 16.9684 0.0072 16.6194 0.0047 16.4706 0.0104
157.550025 -35.208673 11 0.968 19.9846 0.0101 19.483 0.0585 19.1261 0.0126 18.8843 0.0504
157.53991399999998 -35.460733000000005 10 0.9690000000000001 19.2677 0.0175 18.8146 0.0375 18.5374 0.0093 18.3705 0.0101
157.588743 -35.443331 45 0.986 17.2256 0.0059 16.9325 0.008 16.753 0.0081 16.7179 0.0056
157.64343300000002 -35.272935 45 0.986 16.9425 0.0045 16.593 0.0046 16.3676 0.0061 16.3037 0.0056
157.646882 -35.278076 15 0.975 19.4963 0.0083 18.8484 0.0222 18.4253 0.0176 18.2377 0.0149
157.36971499999999 -35.411936 45 1.0 10.7353 0.006 10.1821 0.0073 9.8302 0.0054 9.6793 0.0072
157.411485 -35.222595 21 0.981 18.8886 0.0077 18.3286 0.0094 18.0031 0.0108 17.8437 0.0099
157.414275 -35.445778999999995 27 0.982 18.1667 0.0057 17.6926 0.0182 17.352 0.0116 17.1762 0.019
157.448646 -35.207505 24 0.98 18.4491 0.0125 18.051 0.0174 17.8592 0.0078 17.766 0.0062
157.658521 -35.303604 18 0.98 18.7212 0.0124 18.239 0.0165 17.9252 0.0076 17.8283 0.0081
157.653221 -35.378334 51 0.986 16.1299 0.004 15.8323 0.0063 15.6456 0.0037 15.6032 0.0045
157.4323 -35.454147999999996 10 0.963 19.9315 0.0114 19.3158 0.0136 18.9158 0.0288 18.7366 0.0229
157.54503799999998 -35.205622999999996 24 0.982 19.3097 0.0096 18.375999999999998 0.0207 17.1438 0.0115 16.7152 0.0059
157.42975 -35.213031 66 0.99 15.0864 0.0069 14.7313 0.0038 14.5308 0.0063 14.4789 0.0042
157.495959 -35.199801 17 0.9740000000000001 19.2634 0.0104 18.7889 0.0066 18.4945 0.0074 18.3675 0.0093
157.54244 -35.203908 21 0.958 19.0967 0.0063 18.5397 0.0068 18.1218 0.0095 17.9361 0.0163
157.358468 -35.264753999999996 12 0.975 19.2718 0.0509 18.828 0.0237 18.5871 0.0159 18.5312 0.0105
157.337634 -35.356804 11 0.971 19.7243 0.0121 19.1214 0.034 18.7841 0.0097 18.6345 0.0081
157.494097 -35.467921999999994 16 0.963 18.8932 0.0104 18.6792 0.0071 18.5454 0.0288 18.4969 0.0388
157.659629 -35.298734 32 0.9840000000000001 17.6841 0.0053 17.1869 0.0152 16.9076 0.0051 16.7957 0.006999999999999999
157.345258 -35.286196000000004 21 0.981 18.6128 0.0144 18.0586 0.0154 17.6768 0.0066 17.5225 0.0107
157.33498600000001 -35.323996 56 0.997 12.9036 0.0044 12.5808 0.0043 12.4073 0.0039 12.3706 0.0034
157.663713 -35.312926000000004 25 0.982 19.1317 0.0318 18.1248 0.02 17.0574 0.0053 16.6221 0.0062
157.663035 -35.358622 31 0.981 17.8394 0.0084 17.503 0.0084 17.2959 0.0087 17.2366 0.0081
157.41331100000002 -35.217837 59 0.986 15.1536 0.0038 14.8911 0.0045 14.7586 0.0045 14.7383 0.0047
157.54802800000002 -35.203548 16 0.98 19.4022 0.0081 18.5825 0.0239 17.8692 0.0166 17.555 0.0126
157.437526 -35.207679 20 0.9740000000000001 19.1955 0.0175 18.767 0.0125 18.3848 0.0234 18.2461 0.0125
157.631217 -35.250112 58 0.9840000000000001 15.4564 0.0036 15.183 0.0038 15.0307 0.0035 14.9967 0.0034
157.33534699999998 -35.314585 18 0.978 18.5799 0.0108 18.2209 0.0111 17.9193 0.0175 17.8402 0.0161
157.569137 -35.209858000000004 37 0.982 17.9061 0.0094 17.5787 0.0069 17.378 0.0072 17.3227 0.0132
157.60648799999998 -35.22855 33 0.983 17.6039 0.0113 17.2885 0.0165 17.0853 0.0115 17.0162 0.0051
157.586155 -35.216728 22 0.982 18.2672 0.0108 17.8285 0.0122 17.5961 0.0152 17.4758 0.0078
157.62111399999998 -35.239598 9 0.975 19.988 0.0139 19.3078 0.0136 18.7 0.1595 18.5545 0.0468
157.338854 -35.36934 48 0.985 16.7663 0.0081 16.4499 0.0132 16.2602 0.0055 16.2172 0.0072
157.378633 -35.239672 18 0.982 20.4177 0.0165 19.4312 0.0136 17.649 0.0138 16.9526 0.0099
157.583576 -35.215076 39 0.9840000000000001 17.526 0.0054 17.1206 0.0052 16.8597 0.0099 16.7753 0.0054
157.334551 -35.311865000000004 20 0.9840000000000001 19.0774 0.0152 18.1616 0.0178 17.1595 0.0052 16.7677 0.0048
157.424545 -35.455416 37 0.983 17.3865 0.0125 16.9092 0.0065 16.619 0.0054 16.5181 0.0038
157.509273 -35.196183000000005 39 0.983 17.3995 0.0048 16.9301 0.0069 16.6484 0.0054 16.5407 0.0082
157.660698 -35.291097 48 0.997 16.4734 0.0053 16.0461 0.006 15.7473 0.0037 15.6395 0.0037
157.589618 -35.216417 7 0.972 nan nan nan nan 18.6483 0.0181 18.2945 0.0105
157.45916100000002 -35.46731 16 0.98 18.5119 0.0069 18.2311 0.0072 18.0466 0.0075 17.9674 0.006999999999999999
157.652237 -35.394236 20 0.981 18.4519 0.0078 18.0093 0.0081 17.7308 0.0087 17.6 0.0071
157.490791 -35.194989 19 0.978 19.4712 0.0126 18.7545 0.0061 18.2772 0.0209 18.0612 0.0115
157.330499 -35.343837 27 0.983 17.6403 0.0204 16.9548 0.008 16.541 0.0052 16.3763 0.0065
157.514294 -35.194873 37 0.982 18.1053 0.0065 17.6168 0.0047 17.2737 0.0124 17.1705 0.0131
157.590422 -35.215387 28 0.982 18.4678 0.0233 17.7473 0.0085 17.1486 0.0064 16.9294 0.0087
157.40573999999998 -35.44941 20 0.98 18.9453 0.027000000000000003 18.3286 0.0084 17.9374 0.0071 17.7949 0.0127
157.636845 -35.249826 27 0.991 18.1158 0.0131 17.7298 0.0149 17.4779 0.0059 17.3998 0.0051
157.434384 -35.462145 13 0.976 19.3599 0.0086 18.8131 0.0096 18.5136 0.0066 18.3417 0.0404
157.669905 -35.350584999999995 47 0.9890000000000001 14.7265 0.0073 14.4224 0.004 14.24 0.0037 14.1843 0.0043
157.333363 -35.301368 56 0.993 13.2855 0.0059 12.9034 0.0058 12.6609 0.0067 12.5791 0.006999999999999999
157.524008 -35.47181 23 0.982 18.7457 0.0123 17.9404 0.0137 17.346 0.009000000000000001 17.1001 0.0053
157.346305 -35.395408 5 0.98 nan nan nan nan 17.0856 0.0235 17.0155 0.0096
157.489936 -35.473002 23 0.981 18.4048 0.0076 18.0178 0.0084 17.7787 0.008 17.6947 0.0219
157.500355 -35.193039 16 0.978 19.029 0.0168 18.7172 0.008 18.4698 0.0083 18.4426 0.0198
157.330292 -35.310358 16 0.982 19.351 0.0105 18.4326 0.0104 17.4973 0.005 17.1344 0.0143
157.512727 -35.193312 50 0.982 17.736 0.0065 17.3533 0.0047 17.1303 0.0115 17.0648 0.0137
157.328992 -35.316967 21 0.982 19.6196 0.0106 18.6753 0.0223 17.0562 0.0059 16.3958 0.0058
157.401475 -35.448627 11 0.9570000000000001 20.6619 0.0205 19.6736 0.0162 18.6177 0.0181 18.1343 0.016
157.331022 -35.305338 14 0.9790000000000001 18.6401 0.0186 18.1555 0.013000000000000001 17.8099 0.006 17.6998 0.0129
157.33881200000002 -35.383503999999995 23 0.982 18.5918 0.0243 17.8237 0.0135 17.1616 0.0088 16.8867 0.013999999999999999
157.408275 -35.452593 23 0.982 18.471 0.0124 18.0048 0.0146 17.6626 0.0116 17.5459 0.0141
157.538079 -35.470682000000004 48 0.997 13.4313 0.0037 12.9732 0.0043 12.6708 0.004 12.5498 0.0037
157.662777 -35.286477000000005 44 0.983 17.3719 0.0121 17.0265 0.006999999999999999 16.8215 0.0055 16.7428 0.0065
157.37051499999998 -35.240194 21 0.982 19.6066 0.0237 18.7277 0.0338 17.5023 0.0183 17.0369 0.0055
157.328123 -35.349181 23 0.983 18.665 0.0132 17.8851 0.0239 17.215999999999998 0.0126 16.9624 0.0098
157.3445 -35.395742999999996 8 0.9840000000000001 nan nan 16.2493 0.0134 16.043 0.0136 15.9861 0.0132
157.643213 -35.413059000000004 12 0.958 20.7472 0.0744 20.0443 0.0982 18.7545 0.0197 18.3045 0.0186
157.493071 -35.474796999999995 46 0.9840000000000001 16.4381 0.0043 15.9258 0.0079 15.5727 0.0043 15.4261 0.004
157.573426 -35.204963 40 0.988 17.774 0.0051 17.2074 0.0092 16.8771 0.0142 16.7436 0.0086
157.349133 -35.263158000000004 49 0.986 16.1702 0.0065 15.7364 0.0107 15.3969 0.0036 15.2754 0.0054
157.617933 -35.437462 2 0.953 nan nan 19.7494 0.0394 19.0208 0.0368 nan nan
157.670096 -35.362814 28 0.982 17.2003 0.0181 16.7929 0.0094 16.53 0.0065 16.4381 0.0062
157.33603300000001 -35.381602 65 0.996 14.2322 0.0075 13.9961 0.004 13.8849 0.0042 13.867 0.0031
157.558723 -35.199333 35 0.983 17.9149 0.0065 17.5682 0.0089 17.3619 0.0127 17.3353 0.0072
157.638623 -35.246835 13 0.975 19.4319 0.0128 18.779 0.009000000000000001 18.3173 0.0106 18.1302 0.0069
157.399949 -35.450205 17 0.98 18.4768 0.0147 18.1935 0.012 17.9992 0.0214 17.975 0.0085
157.343618 -35.397059000000006 70 0.971 14.2127 0.0138 13.9277 0.0175 13.7766 0.0184 13.7607 0.0202
157.448432 -35.196993 56 0.9840000000000001 16.3616 0.0042 16.0593 0.0042 15.8958 0.0042 15.8365 0.0045
157.358468 -35.417541 54 0.985 16.1097 0.0057 15.7848 0.0039 15.5958 0.0034 15.5471 0.0036
157.671942 -35.362675 31 0.986 16.5128 0.0123 15.9752 0.0054 15.634 0.0056 15.4737 0.0078
157.53462 -35.19285 34 0.983 17.8373 0.0061 17.3236 0.0091 17.011 0.0094 16.8818 0.011000000000000001
157.626964 -35.432439 16 0.978 19.0254 0.0079 18.6508 0.0314 18.4105 0.0113 18.3552 0.0268
157.411807 -35.209346999999994 24 0.983 19.1319 0.0111 18.2138 0.0065 17.1222 0.0059 16.7127 0.0066
157.333526 -35.2872 42 0.9840000000000001 17.0263 0.0252 16.6303 0.0065 16.3604 0.0046 16.2746 0.0047
157.461177 -35.193249 46 0.983 16.8457 0.0068 16.4258 0.0078 16.1342 0.0038 16.0271 0.0065
157.50072600000001 -35.189471000000005 27 0.98 18.6704 0.0096 18.1724 0.0069 17.8857 0.0141 17.7572 0.0183
157.355299 -35.415701 15 0.9740000000000001 19.7904 0.0744 19.0352 0.0839 18.3929 0.0117 18.2014 0.0118
157.674498 -35.312424 22 0.983 17.8787 0.0301 17.4101 0.0122 17.0775 0.0053 16.9464 0.0055
157.327086 -35.304891999999995 10 0.963 19.0972 0.0107 18.7886 0.0214 18.5334 0.025 18.5797 0.0449
157.44326999999998 -35.469814 21 0.9790000000000001 18.6084 0.015 18.2248 0.032 17.9821 0.0069 17.8745 0.0075
157.654608 -35.403898 46 0.988 17.0437 0.0046 16.7222 0.0044 16.5079 0.0051 16.4383 0.0092
157.64476499999998 -35.249871999999996 37 0.9840000000000001 17.3614 0.0046 16.9109 0.0152 16.6377 0.0115 16.5325 0.0056
157.677349 -35.328745 30 0.985 17.2778 0.0065 16.8457 0.0051 16.5822 0.0076 16.4947 0.0065
157.435892 -35.468354999999995 13 0.975 19.0127 0.0138 18.7545 0.0154 18.5417 0.0075 18.4997 0.0133
157.541845 -35.47426 16 0.981 18.7283 0.021 18.1963 0.0073 17.802 0.013000000000000001 17.6673 0.0115
157.43999499999998 -35.19683 58 0.986 16.3803 0.0061 16.0074 0.0037 15.7911 0.0064 15.7193 0.0065
157.664764 -35.278503 14 0.9620000000000001 21.1613 0.0229 20.1884 0.0654 18.7318 0.0104 18.1522 0.0198
157.322009 -35.336721999999995 39 0.9840000000000001 16.015 0.0095 15.6925 0.0109 15.5016 0.0041 15.4625 0.0079
157.666232 -35.281058 13 0.9690000000000001 19.4517 0.0069 19.0041 0.0107 18.7701 0.0151 18.6594 0.0132
157.47476699999999 -35.477340000000005 43 0.985 15.7916 0.0047 15.4275 0.0051 15.2115 0.0042 15.1582 0.0062
157.424752 -35.201359000000004 77 0.9940000000000001 14.489 0.0186 14.2139 0.0112 14.0757 0.0074 14.0641 0.0069
157.388964 -35.447509000000004 25 0.987 18.8802 0.0079 17.9112 0.0164 16.4655 0.011000000000000001 15.9181 0.0093
157.33061899999998 -35.379847 16 0.9790000000000001 19.2 0.0184 18.4992 0.0114 18.0286 0.0062 17.8549 0.0062
157.425835 -35.200719 18 0.986 15.8495 0.0176 15.5673 0.0191 15.4075 0.0139 15.3645 0.0074
157.442352 -35.195336 56 0.985 16.2571 0.0044 15.8588 0.0042 15.6188 0.0047 15.5405 0.006999999999999999
157.618987 -35.442626000000004 39 0.983 16.7783 0.0089 16.3362 0.0089 16.0422 0.0043 15.9445 0.004
157.622305 -35.226509 51 0.9940000000000001 13.9642 0.0053 13.7171 0.004 13.5864 0.0038 13.5695 0.0035
157.53348300000002 -35.189643 12 0.968 19.4632 0.0091 19.0435 0.0115 18.7299 0.0317 18.5838 0.0105
157.509094 -35.479577 13 0.966 19.4187 0.0076 18.9736 0.012 18.7464 0.0232 18.685 0.0556
157.523897 -35.478983 34 0.988 17.1031 0.0051 16.5047 0.0046 16.0615 0.0106 15.8804 0.0067
157.474651 -35.478932 59 0.991 15.0036 0.0045 14.7361 0.0053 14.5846 0.0049 14.5615 0.0043
157.319873 -35.326767 20 0.98 18.956 0.0126 18.2312 0.0094 17.7801 0.0104 17.5597 0.0414
157.676401 -35.302645 49 0.986 15.543 0.0053 15.2167 0.0068 15.0368 0.0035 14.9889 0.0077
157.376926 -35.441134999999996 11 0.955 19.4401 0.0081 19.0782 0.0424 18.8057 0.021 18.7694 0.0123
157.680355 -35.341522 18 0.981 18.7516 0.0079 18.1709 0.0075 17.7711 0.0095 17.6462 0.0072
157.504411 -35.480717999999996 28 0.982 18.493 0.0143 17.7388 0.01 17.215 0.0097 17.0237 0.0049
157.653402 -35.411412 63 0.99 14.7996 0.0048 14.5534 0.0036 14.4239 0.0035 14.4093 0.0033
157.325804 -35.373077 21 0.986 18.7733 0.0107 17.9497 0.0129 17.3451 0.0085 17.1209 0.0277
157.665022 -35.272381 17 0.98 20.065 0.011000000000000001 19.180999999999997 0.0086 18.1378 0.0246 17.7063 0.0101
157.50238000000002 -35.481408 52 0.9890000000000001 16.8301 0.0106 16.5078 0.0079 16.3269 0.012 16.2853 0.005
157.421004 -35.466698 12 0.958 nan nan 20.8617 0.1135 18.9076 0.0148 18.1064 0.0182
157.59463300000002 -35.460043 43 0.985 16.0901 0.005 15.7016 0.0041 15.4637 0.004 15.3891 0.0049
157.331587 -35.389527 44 0.985 16.0742 0.008 15.6852 0.0079 15.4534 0.0033 15.3888 0.0032
157.637179 -35.430884000000006 48 0.9520000000000001 17.3214 0.0122 16.8294 0.0165 16.5405 0.0104 16.4319 0.013999999999999999
157.652656 -35.252606 39 0.983 17.8291 0.0092 17.458 0.0067 17.2001 0.0068 17.1398 0.0085
157.412264 -35.463527 16 0.973 20.0696 0.012 19.2861 0.0135 18.6327 0.0245 18.3492 0.0415
157.593593 -35.205846 15 0.9690000000000001 20.9158 0.021 19.8927 0.0367 18.4733 0.0087 17.9586 0.0183
157.66269499999999 -35.266104999999996 13 0.97 19.247 0.0132 18.8365 0.0182 18.5997 0.0136 18.4674 0.0241
157.682381 -35.328526000000004 10 0.958 nan nan 20.5621 0.0559 18.8345 0.0164 18.0667 0.0296
157.538112 -35.187738 32 0.9840000000000001 17.7449 0.0057 17.3376 0.012 17.0876 0.0078 17.0141 0.0087
157.466431 -35.186766999999996 32 1.0 10.4154 0.0057 9.5457 0.0105 nan nan nan nan
157.33410700000002 -35.396551 12 0.97 nan nan 20.5608 0.021 18.7287 0.0163 17.9568 0.02
157.653636 -35.414691 12 0.958 19.6058 0.0116 19.2933 0.0088 19.1477 0.0111 18.9884 0.0232
157.619892 -35.220453000000006 12 0.982 18.6142 0.0091 18.1337 0.0076 17.8536 0.0165 17.7231 0.0159
157.332986 -35.272079 10 0.9620000000000001 19.7157 0.011000000000000001 19.2714 0.0296 19.035 0.0269 18.9202 0.013999999999999999
157.66902199999998 -35.274387 9 0.95 20.2965 0.0147 19.774 0.0091 19.5555 0.0247 19.2501 0.0241
157.447554 -35.189527000000005 37 0.982 17.8875 0.0125 17.5586 0.0073 17.3736 0.0081 17.3292 0.0049
157.438822 -35.475105 25 0.982 18.7496 0.0112 17.9968 0.0181 17.4452 0.0048 17.2441 0.0107
157.38751299999998 -35.452436999999996 11 0.965 19.0325 0.0113 18.7189 0.0084 18.5033 0.0171 18.4277 0.0127
157.59764199999998 -35.205745 27 0.9790000000000001 19.0409 0.0123 18.1894 0.0209 17.3293 0.0195 17.0618 0.0236
157.507875 -35.48365 29 0.987 17.9414 0.0113 17.5812 0.0057 17.3476 0.0088 17.2827 0.0084
157.563592 -35.192082 46 0.986 16.7246 0.0063 16.3723 0.0039 16.1568 0.0042 16.1138 0.0076
157.4958 -35.182651 17 0.98 19.0029 0.0121 18.6472 0.0146 18.432000000000002 0.0089 18.3338 0.0119
157.315132 -35.329395 23 0.982 17.8945 0.0282 17.4704 0.013999999999999999 17.1833 0.0058 17.0814 0.0084
157.677497 -35.376042 11 0.958 20.2263 0.0135 19.5772 0.0224 19.1072 0.0144 18.9107 0.0541
157.543076 -35.186381 11 0.9520000000000001 19.8422 0.0275 19.3454 0.0196 18.9494 0.0118 18.9373 0.0353
157.570441 -35.193569000000004 50 0.983 16.6443 0.0064 16.3043 0.0048 16.1069 0.0049 16.0608 0.006
157.555568 -35.47775 37 0.983 17.8305 0.021 17.4111 0.0134 17.1557 0.0105 17.1045 0.009000000000000001
157.46123300000002 -35.185264000000004 61 0.995 13.8595 0.0032 13.5468 0.0034 13.3527 0.0049 13.3054 0.0049
157.324355 -35.284385 52 0.988 14.9922 0.0076 14.6214 0.0043 14.4228 0.0037 14.3552 0.0037
157.444692 -35.188621999999995 12 0.968 20.8893 0.0482 19.8625 0.0104 18.5628 0.021 18.0392 0.0091
157.55366999999998 -35.188056 12 0.971 20.184 0.0104 19.4046 0.0279 18.8498 0.0146 18.6144 0.0259
157.480821 -35.484598 47 0.992 16.9278 0.0099 16.4785 0.0078 16.2136 0.005 16.1229 0.0047
157.452354 -35.480667 10 0.9590000000000001 nan nan 20.3918 0.0296 18.8752 0.0265 18.2716 0.0159
157.66065700000001 -35.411265 15 0.975 19.5191 0.0233 18.8964 0.0069 18.5169 0.0066 18.3242 0.0317
157.34926299999998 -35.423708000000005 46 0.9840000000000001 16.4224 0.0059 15.9487 0.0085 15.6304 0.0035 15.4898 0.0033
157.669088 -35.26783 23 0.981 18.2043 0.0061 17.9435 0.0067 17.7942 0.0061 17.7471 0.0097
157.484451 -35.180909 22 0.981 18.6566 0.0112 18.3394 0.015 18.097 0.0158 18.0378 0.0187
157.38016100000002 -35.451196 17 0.981 19.1483 0.0129 18.4012 0.0093 17.8844 0.0059 17.7227 0.0202
157.617623 -35.452859000000004 37 0.9840000000000001 16.7018 0.0126 16.4352 0.0115 16.2395 0.0075 16.1834 0.011000000000000001
157.455 -35.48217 17 0.98 18.643 0.0063 18.2843 0.0071 18.0342 0.0114 17.9287 0.0127
157.677786 -35.383258000000005 44 0.9990000000000001 15.2983 0.0048 14.799000000000001 0.0051 14.437999999999999 0.0037 14.2872 0.0037
157.393374 -35.207011 34 0.983 17.1121 0.0059 16.7546 0.0161 16.4911 0.0074 16.4144 0.0041
157.67601000000002 -35.387543 1 0.988 nan nan 17.9758 0.1307 nan nan nan nan
157.679193 -35.380092 10 0.958 19.9215 0.0084 19.2198 0.0216 18.6995 0.0193 18.4563 0.0107
157.54614899999999 -35.183801 31 0.985 16.8332 0.0059 16.4804 0.0154 16.282 0.0081 16.2249 0.0054
157.535516 -35.485034999999996 53 0.987 15.4852 0.0047 15.2849 0.0041 15.1713 0.0036 15.165999999999999 0.0038
157.330899 -35.263838 25 0.976 18.1648 0.0184 17.992 0.0174 17.9204 0.0113 17.8878 0.0144
157.323125 -35.278042 18 0.982 19.0702 0.0106 18.1137 0.0178 17.2771 0.0054 16.9629 0.0148
157.42518 -35.191159999999996 23 0.978 18.9673 0.0061 18.4702 0.0067 18.1889 0.0204 17.9996 0.015
157.68836100000001 -35.353054 18 0.982 18.2203 0.0436 17.6483 0.0074 17.3179 0.0069 17.18 0.0057
157.44493799999998 -35.184951 20 0.975 19.8482 0.0159 19.0122 0.0078 18.2874 0.0121 18.0098 0.0164
157.46478000000002 -35.48579 16 0.978 20.2024 0.0512 19.2742 0.0305 18.2774 0.0209 17.8658 0.0161
157.569492 -35.188842 29 0.987 18.3077 0.0077 17.747 0.0057 17.3833 0.008 17.2236 0.0087
157.326539 -35.269467999999996 25 0.9840000000000001 17.4566 0.01 16.574 0.0044 15.8188 0.0045 15.5526 0.0044
157.429182 -35.189129 17 0.965 19.993 0.0128 19.2436 0.0064 18.7711 0.0136 18.5891 0.0348
157.413562 -35.47181 42 0.983 17.4127 0.0061 17.0933 0.0165 16.843 0.0058 16.7788 0.0094
157.441451 -35.185352 46 0.983 17.1694 0.0074 16.8222 0.0055 16.6506 0.0045 16.616 0.0095
157.649897 -35.237193 16 0.978 18.8651 0.0071 18.4261 0.0099 18.1575 0.0159 18.0826 0.0064
157.45733 -35.181666 17 0.973 18.8792 0.0074 18.5142 0.0081 18.2919 0.0277 18.2251 0.0321
157.381372 -35.455329 16 0.981 18.8964 0.0127 18.2458 0.0083 17.8045 0.0146 17.6108 0.0184
157.68988000000002 -35.352114 11 0.975 18.9884 0.0096 18.5817 0.0173 18.3657 0.0083 18.2685 0.0148
157.509509 -35.489308 66 0.995 14.1493 0.0049 13.8403 0.0041 13.6797 0.0032 13.6502 0.0032
157.315663 -35.291031 4 0.9570000000000001 19.9663 0.0123 19.6592 0.0183 19.3873 0.0394 nan nan
157.534719 -35.487047 10 0.9740000000000001 nan nan 18.4642 0.0233 17.9967 0.0094 17.7797 0.0176
157.40006100000002 -35.199956 25 0.983 18.0183 0.0116 17.4748 0.0125 17.0776 0.0096 16.9112 0.0115
157.487295 -35.17708 36 0.985 17.4754 0.0087 16.9134 0.0072 16.5487 0.0042 16.4234 0.0115
157.359594 -35.44031 53 0.983 16.5041 0.0108 16.2222 0.0082 16.0601 0.006 16.0007 0.0044
157.68807900000002 -35.301301 12 0.971 19.6107 0.040999999999999995 19.2096 0.0389 18.8907 0.0091 18.8469 0.0279
157.505474 -35.490092 13 0.972 20.2729 0.0165 nan nan 18.3028 0.0221 17.9043 0.0102
157.686876 -35.370435 37 0.986 16.9725 0.0065 16.6254 0.0058 16.4093 0.0041 16.3578 0.005
157.39147 -35.463460999999995 24 0.982 18.2044 0.0166 17.8118 0.0101 17.5337 0.0088 17.4739 0.0169
157.445415 -35.48427 15 0.978 21.2797 0.0318 20.1978 0.0379 18.0959 0.0067 17.3007 0.0111
157.543798 -35.180064 15 0.973 20.3106 0.0258 19.3546 0.0134 18.3005 0.0238 17.8824 0.0131
157.393181 -35.464760999999996 30 0.9840000000000001 17.8761 0.0165 17.5736 0.018000000000000002 17.4114 0.0138 17.3655 0.0083
157.334376 -35.252032 33 0.9840000000000001 17.3004 0.0213 16.5646 0.0052 16.0096 0.0079 15.7757 0.0045
157.31323700000002 -35.374926 25 0.987 17.4296 0.0145 16.6848 0.0073 16.1647 0.0059 15.9532 0.0043
157.34813300000002 -35.235428999999996 43 0.983 16.9963 0.0065 16.5924 0.0054 16.3891 0.0096 16.3011 0.0057
157.584164 -35.190989 42 0.983 17.4209 0.0069 16.8344 0.0061 16.4685 0.0053 16.3205 0.0058
157.306967 -35.347322 24 0.983 18.4366 0.023 17.539 0.0218 16.6481 0.0067 16.2854 0.0094
157.676527 -35.268085 12 0.971 19.4853 0.0079 19.0477 0.0177 18.834 0.034 18.6792 0.0285
157.312957 -35.291746999999994 33 0.99 16.6868 0.0124 16.313 0.0079 16.1231 0.0049 16.0681 0.0056
157.459555 -35.488102000000005 40 0.983 17.3297 0.006999999999999999 17.0 0.0116 16.7989 0.006 16.7473 0.0108
157.59816899999998 -35.469881 35 0.983 17.3753 0.0058 17.0702 0.006999999999999999 16.8232 0.0074 16.7471 0.0051
157.316789 -35.279665 48 0.997 14.1264 0.0054 13.6046 0.0054 13.2751 0.0036 13.1394 0.0035
157.33619099999999 -35.419661 40 0.983 17.0052 0.0099 16.685 0.0057 16.4985 0.0102 16.4227 0.0054
157.622469 -35.457138 28 0.983 18.1733 0.006999999999999999 17.72 0.0113 17.4291 0.0114 17.3205 0.0174
157.695073 -35.32888 11 0.956 20.3417 0.043 19.6398 0.0098 19.0733 0.0093 18.8454 0.0099
157.304843 -35.32928 55 0.996 12.8836 0.0043 12.6848 0.0056 12.5975 0.0036 12.6058 0.0034
157.388114 -35.202781 29 0.983 17.8436 0.0088 17.2934 0.0063 16.8845 0.0125 16.722 0.0053
157.645138 -35.440649 16 0.978 18.8082 0.0073 18.3091 0.0071 17.9832 0.0067 17.8692 0.0088
157.591048 -35.474796000000005 35 0.9840000000000001 17.2457 0.0097 16.7173 0.0046 16.3838 0.0041 16.2571 0.0059
157.428055 -35.184723999999996 47 0.9840000000000001 16.8219 0.0093 16.4639 0.0078 16.2678 0.0057 16.2276 0.0057
157.69575 -35.339711 16 0.9790000000000001 18.7845 0.0219 18.4719 0.0065 18.25 0.0075 18.1926 0.0294
157.687823 -35.379222999999996 12 0.971 19.7588 0.02 19.1297 0.0356 18.7397 0.04 18.4861 0.0123
157.401708 -35.194953999999996 29 0.983 17.9502 0.0068 17.6087 0.0192 17.3704 0.0114 17.2878 0.0131
157.470404 -35.491578999999994 28 0.983 17.4706 0.0052 16.8402 0.0078 16.4264 0.0041 16.2437 0.0046
157.464548 -35.490796 16 0.9790000000000001 20.9734 0.0342 20.0532 0.0119 18.4406 0.0133 17.8679 0.0095
157.304871 -35.351719 23 0.981 18.2949 0.0138 17.8923 0.0218 17.6208 0.0113 17.5153 0.017
157.675622 -35.405413 20 0.9590000000000001 18.6041 0.0086 18.1156 0.0266 17.7542 0.0227 17.5989 0.0338
157.378448 -35.207390000000004 39 0.983 17.4795 0.0161 16.7397 0.0071 16.2291 0.0076 16.0331 0.006
157.45060800000002 -35.488563 26 0.981 18.2015 0.0074 17.8738 0.0136 17.7372 0.0075 17.6796 0.0146
157.67382 -35.408575 11 0.968 19.683 0.0464 19.1194 0.0093 18.6498 0.0145 18.488 0.0217
157.529178 -35.174546 16 0.978 20.5263 0.0533 19.5745 0.0144 18.1868 0.0292 17.6371 0.0152
157.307647 -35.367801 22 0.982 18.1219 0.038 17.7588 0.0179 17.4669 0.0082 17.3428 0.011000000000000001
157.329731 -35.252532 18 0.98 18.8332 0.0105 18.1894 0.0382 17.7579 0.0197 17.6299 0.0148
157.45310700000002 -35.489616999999996 19 0.977 19.8003 0.0203 18.9824 0.0094 18.3038 0.011000000000000001 18.0341 0.0322
157.338681 -35.426275 46 0.983 17.0567 0.0089 16.6679 0.0051 16.445 0.0061 16.3542 0.0112
157.513927 -35.172619 20 0.966 20.3136 0.0181 19.4026 0.019 18.6241 0.0156 18.2687 0.0245
157.39219599999998 -35.198369 10 0.977 19.2182 0.0096 18.8692 0.0185 18.6317 0.0312 18.5202 0.0093
157.304796 -35.358652 21 0.978 20.0061 0.0166 19.0084 0.10300000000000001 17.9245 0.0144 17.486 0.0109
157.69773999999998 -35.333675 19 0.98 18.7891 0.0225 18.2598 0.0068 17.9236 0.0089 17.7755 0.0138
157.697742 -35.327179 11 0.963 20.726999999999997 0.0205 19.8029 0.0396 18.8865 0.0139 18.6045 0.0113
157.345139 -35.232908 1 0.958 nan nan nan nan nan nan 17.7608 0.0976
157.589147 -35.477686 11 0.961 19.0567 0.0083 18.7632 0.0084 18.5973 0.0084 18.5433 0.0141
157.30203799999998 -35.341057 20 0.9790000000000001 18.6921 0.0663 18.3982 0.0506 18.1036 0.0138 18.0785 0.0284
157.406702 -35.476146 33 0.982 18.160999999999998 0.0064 17.9099 0.0221 17.7 0.016 17.6424 0.0137
157.66771599999998 -35.420308 49 0.998 13.795 0.0041 13.5959 0.004 13.4822 0.0043 13.4782 0.0037
157.533415 -35.173491 24 0.9840000000000001 18.8171 0.0092 17.8994 0.0056 17.067999999999998 0.0047 16.7074 0.0053
157.601866 -35.472756 6 0.9570000000000001 20.0376 0.0325 19.6582 0.0284 19.4648 0.0748 nan nan
157.69894399999998 -35.322732 51 0.9890000000000001 16.1904 0.0056 15.8468 0.0055 15.6258 0.0043 15.5699 0.0053
157.310246 -35.383959000000004 27 0.983 17.9006 0.0293 17.5108 0.0275 17.2935 0.0131 17.2358 0.0099
157.61437 -35.199773 30 0.982 17.8615 0.0101 17.4794 0.017 17.3007 0.011000000000000001 17.2378 0.0092
157.33768999999998 -35.238182 21 0.981 19.176 0.0295 18.3204 0.0205 17.7399 0.0063 17.5185 0.017
157.576115 -35.182468 22 0.981 18.5513 0.0066 18.0061 0.0058 17.683 0.0055 17.5586 0.0091
157.453944 -35.492191999999996 11 0.9520000000000001 20.8576 0.0212 19.9095 0.0266 18.8201 0.0307 18.4216 0.0354
157.605514 -35.194484 13 0.972 18.9982 0.0065 18.6319 0.0076 18.4087 0.0155 18.3855 0.0084
157.31131299999998 -35.388562 28 0.996 17.2107 0.0088 16.4714 0.0121 15.9559 0.0044 15.7549 0.0047
157.302153 -35.307117 37 0.982 16.0041 0.008 15.690999999999999 0.0061 15.4881 0.0096 15.4217 0.009000000000000001
157.699967 -35.34622 18 0.9790000000000001 18.7192 0.0095 18.4205 0.0143 18.2233 0.0061 18.1477 0.0341
157.30053999999998 -35.314751 31 1.0 10.1711 0.004 9.3039 0.0107 nan nan nan nan
157.50954 -35.169623 22 0.9790000000000001 19.4121 0.0137 18.6949 0.0122 18.1062 0.011000000000000001 17.8631 0.0093
157.568224 -35.487774 15 0.973 19.2558 0.009000000000000001 18.6968 0.0111 18.2398 0.0078 18.0705 0.0124
157.638003 -35.452865 13 0.976 19.5747 0.0091 19.0178 0.0204 18.6402 0.0125 18.5075 0.0091
157.381341 -35.466084 45 0.99 16.4131 0.0067 16.1354 0.0091 15.9423 0.0055 15.897 0.0064
157.298522 -35.334604999999996 14 0.9740000000000001 18.8968 0.0108 18.6164 0.0291 18.4391 0.0092 18.4783 0.0183
157.566568 -35.17796 35 0.983 17.6539 0.006 17.2512 0.0042 17.041 0.013000000000000001 16.9295 0.0108
157.66096100000001 -35.233816999999995 65 0.997 14.3243 0.0044 13.8364 0.0037 13.5248 0.0035 13.4006 0.003
157.327899 -35.420072999999995 20 0.981 18.8295 0.0555 18.1024 0.0154 17.4558 0.0152 17.1834 0.0131
157.665224 -35.237969 20 0.982 19.3302 0.0121 18.3656 0.0095 17.5562 0.0062 17.2312 0.0085
157.670401 -35.243852000000004 50 0.995 14.1595 0.0043 13.9127 0.004 13.7869 0.0043 13.7794 0.0036
157.369341 -35.206909 37 0.983 18.3004 0.0061 17.4947 0.0051 16.8861 0.0103 16.6283 0.0058
157.604949 -35.191787 50 0.987 15.3473 0.0037 15.0902 0.0038 14.9649 0.0061 14.9456 0.0052
157.40901200000002 -35.481263 15 0.9790000000000001 19.1554 0.0132 18.7742 0.0248 18.4916 0.021 18.4267 0.0151
157.356393 -35.450322 50 0.983 16.6752 0.0135 16.2386 0.016 16.0236 0.0127 15.8978 0.0188
157.689805 -35.392274 31 0.983 17.4092 0.0132 17.0126 0.011000000000000001 16.7293 0.0078 16.6391 0.0068
157.598759 -35.188531 29 0.983 18.3119 0.0057 17.6541 0.0075 17.2326 0.0208 17.0388 0.0063
157.683313 -35.261864 53 0.986 15.077 0.0057 14.7336 0.0063 14.5358 0.0043 14.4784 0.0039
157.551879 -35.493675 41 0.983 17.2099 0.0058 16.8188 0.0069 16.5249 0.0077 16.4504 0.0069
157.613118 -35.471288 36 0.9840000000000001 16.9688 0.0142 16.6073 0.0094 16.3875 0.0064 16.2996 0.0052
157.652755 -35.443002 15 0.976 20.8128 0.0177 19.8636 0.009000000000000001 18.2979 0.0135 17.7243 0.0082
157.321666 -35.413716 34 0.987 15.8828 0.0146 15.4878 0.0048 15.2948 0.006999999999999999 15.2156 0.0057
157.661393 -35.435259 40 0.9890000000000001 17.1868 0.0062 16.5551 0.0063 16.0493 0.0054 15.8258 0.0058
157.63006000000001 -35.20508 25 0.983 19.7509 0.0091 18.8515 0.0127 17.2689 0.0049 16.6892 0.0057
157.621146 -35.467417 0 0.951 nan nan nan nan nan nan nan nan
157.335522 -35.432185 42 0.983 17.518 0.0151 17.2378 0.0153 17.0578 0.0067 17.0186 0.0084
157.299824 -35.300064 21 0.981 18.8798 0.0107 18.267 0.031 17.8752 0.006999999999999999 17.6829 0.0169
157.64419099999998 -35.215264000000005 15 0.978 18.8643 0.0064 18.5442 0.0127 18.3 0.0096 18.2666 0.0086
157.32132 -35.252165000000005 17 0.98 18.4112 0.0241 18.0079 0.0247 17.8342 0.0128 17.7425 0.0213
157.679619 -35.252790000000005 13 0.976 19.1236 0.0313 19.0667 0.0358 18.9426 0.0097 18.9296 0.0133
157.4955 -35.500577 29 0.983 17.8512 0.0077 17.4024 0.0169 17.1272 0.0049 17.0538 0.0049
157.643197 -35.453521 45 0.983 17.5943 0.0123 17.2496 0.0144 16.9945 0.0106 16.8854 0.0098
157.51045200000002 -35.165983000000004 45 0.9840000000000001 17.1616 0.0055 16.8342 0.006999999999999999 16.6419 0.0067 16.5745 0.005
157.686427 -35.263114 12 0.981 19.0062 0.0097 18.3538 0.0076 17.956 0.0226 17.805999999999997 0.0088
157.31458899999998 -35.406116 33 0.983 16.7148 0.0114 16.2829 0.006 16.0398 0.0083 15.9905 0.0078
157.354306 -35.451878 48 0.983 16.1397 0.0132 15.7833 0.0043 15.5798 0.0056 15.5199 0.0043
157.299197 -35.369945 38 0.9890000000000001 17.5528 0.0222 17.1914 0.011000000000000001 17.0055 0.0072 16.9642 0.0107
157.44370800000002 -35.494768 25 0.981 18.4676 0.01 17.9879 0.0097 17.6926 0.0128 17.5929 0.0146
157.679057 -35.250667 12 0.971 19.8565 0.0159 19.3191 0.0088 18.9256 0.0181 18.8399 0.0535
157.69739099999998 -35.38126 1 0.987 nan nan nan nan nan nan 17.5882 0.0713
157.623946 -35.467621 59 0.9990000000000001 14.4624 0.005 14.1141 0.0038 13.9303 0.0034 13.885 0.0034
157.326725 -35.242246 36 0.986 17.0245 0.0118 16.699 0.0103 16.5318 0.0072 16.4899 0.0052
157.68098500000002 -35.41427 33 0.98 17.1648 0.0275 16.4312 0.0124 15.9542 0.0079 15.770999999999999 0.0097
157.302685 -35.284147 45 0.9790000000000001 16.0608 0.0109 15.5621 0.0156 15.2543 0.013000000000000001 15.1486 0.0139
157.529056 -35.166558 45 0.995 16.0807 0.0064 15.1396 0.0037 14.1556 0.0043 13.7867 0.0046
157.700808 -35.294177000000005 54 0.985 16.1392 0.0057 15.6016 0.0049 15.2186 0.0033 15.0573 0.0044
157.699644 -35.377575 19 0.982 19.7012 0.0121 18.7341 0.008 17.465 0.0061 16.9832 0.005
157.301276 -35.380649 10 0.9590000000000001 19.2489 0.011000000000000001 18.8453 0.011000000000000001 18.6332 0.0215 18.557000000000002 0.013000000000000001
157.629731 -35.201803000000005 62 0.996 14.6833 0.0039 14.1206 0.0034 13.7417 0.0035 13.5915 0.0029
157.69222 -35.270483 37 0.988 16.3964 0.0227 16.0312 0.0059 15.8247 0.0048 15.7766 0.0042
157.47571100000002 -35.165487 27 0.982 18.4802 0.0076 17.8745 0.0069 17.4744 0.0073 17.3167 0.0091
157.410666 -35.180808 9 0.9540000000000001 20.5894 0.0225 19.6624 0.0099 18.9319 0.0171 18.6564 0.0158
157.299592 -35.378366 20 0.977 19.5399 0.0125 18.7467 0.0125 18.1535 0.0165 17.9371 0.0178
157.31671599999999 -35.41344 12 0.9740000000000001 19.0432 0.0107 18.5134 0.0097 18.0706 0.0063 17.906 0.0171
157.440762 -35.496015 14 0.977 20.2632 0.0464 19.367 0.0103 18.2297 0.0137 17.8535 0.0155
157.594043 -35.484770000000005 15 0.978 18.6955 0.0066 18.3349 0.0304 18.078 0.0143 18.0195 0.0257
157.705612 -35.359821999999994 16 0.975 18.823 0.0074 18.590999999999998 0.0098 18.4434 0.0222 18.4417 0.0169
157.620608 -35.194986 50 0.9990000000000001 13.5 0.0045 13.2255 0.0046 13.107999999999999 0.0044 13.1009 0.0038
157.29184899999998 -35.327708 47 0.9840000000000001 15.9188 0.0082 15.5426 0.0056 15.3486 0.0055 15.3014 0.0033
157.371061 -35.466928 14 0.978 20.781 0.0178 19.9052 0.016 18.3628 0.022000000000000002 17.7753 0.016
157.378746 -35.471669 45 0.9840000000000001 16.6623 0.0167 16.3107 0.0149 16.0967 0.0062 16.0478 0.0065
157.45474 -35.499353 18 0.9790000000000001 19.2197 0.008 18.5623 0.0111 18.1135 0.0122 17.9033 0.0128
157.596258 -35.484243 21 0.983 18.0209 0.0066 17.5158 0.0243 17.151 0.0054 17.0355 0.0106
157.689696 -35.404208000000004 11 0.973 19.3704 0.0092 19.1293 0.0093 18.9718 0.0138 18.8946 0.0152
157.33486299999998 -35.437715000000004 16 0.976 19.135 0.0105 18.6698 0.0086 18.3228 0.0145 18.1447 0.0241
157.527293 -35.502456 49 0.986 15.6046 0.0052 15.2548 0.0045 15.0568 0.0035 14.9982 0.0055
157.708765 -35.321544 62 0.9890000000000001 15.3029 0.0038 14.9743 0.0041 14.788 0.0032 14.742 0.0033
157.688654 -35.259457 14 0.977 20.7654 0.0251 19.7362 0.0089 18.3171 0.0146 17.7661 0.0067
157.325886 -35.238403000000005 10 0.951 19.7051 0.0109 19.1703 0.0448 18.8446 0.0207 18.6947 0.0111
157.699826 -35.282102 65 0.9890000000000001 15.0815 0.0042 14.7384 0.0043 14.5368 0.0039 14.4779 0.0036
157.573079 -35.172536 34 0.985 17.1237 0.0076 16.3754 0.006 15.8834 0.0045 15.6883 0.0068
157.631215 -35.467445 16 0.972 20.1838 0.0115 19.2649 0.0177 18.2678 0.011000000000000001 17.8803 0.0114
157.41714 -35.491139000000004 61 0.995 13.7929 0.0038 13.4712 0.004 13.3019 0.0045 13.2688 0.0034
157.703265 -35.2885 27 0.981 18.2732 0.0061 17.9298 0.0108 17.6843 0.0057 17.5882 0.0096
157.44378999999998 -35.49906 20 0.978 18.6566 0.0898 18.1978 0.0511 17.727 0.0199 17.5855 0.0109
157.640599 -35.205208 36 0.982 17.8457 0.0071 17.5296 0.0125 17.3688 0.0066 17.3276 0.0112
157.323222 -35.427775 26 0.982 17.8362 0.0155 17.5023 0.0356 17.31 0.015 17.2434 0.0297
157.373596 -35.19509 66 0.9940000000000001 14.7854 0.0036 14.485999999999999 0.0047 14.3468 0.0051 14.3276 0.0047
157.708282 -35.303473 58 0.985 15.8605 0.0064 15.5764 0.0054 15.3925 0.0045 15.3459 0.0063
157.64756 -35.457322999999995 12 0.966 20.66 0.0123 19.7432 0.0111 18.6932 0.0147 18.2565 0.0266
157.711739 -35.32948 46 0.983 16.9746 0.0054 16.5216 0.0076 16.1952 0.006 16.0704 0.005
157.41499299999998 -35.492057 7 0.982 nan nan nan nan 16.7013 0.0132 16.5693 0.0077
157.301612 -35.39568 19 0.98 18.9063 0.0135 18.3473 0.013000000000000001 17.9524 0.0079 17.7889 0.0101
157.553168 -35.165234000000005 13 0.961 20.2952 0.0212 19.3578 0.0466 18.6974 0.01 18.4611 0.0197
157.50970700000002 -35.506778000000004 65 0.997 14.1853 0.0037 13.8281 0.0037 13.6379 0.0032 13.5919 0.0032
157.54929099999998 -35.502271 14 0.975 18.7045 0.0219 18.4222 0.0377 18.2034 0.0088 18.1935 0.0124
157.393333 -35.483957000000004 20 0.982 18.2962 0.0089 17.9339 0.0199 17.6263 0.0123 17.5301 0.0161
157.708178 -35.295646000000005 13 0.973 21.1104 0.083 20.0827 0.0234 18.5065 0.0098 17.8985 0.0229
157.61564199999998 -35.479689 22 0.981 18.1709 0.0087 17.8592 0.0134 17.624000000000002 0.0136 17.5798 0.0077
157.289159 -35.306325 29 0.983 17.8851 0.0145 16.9425 0.0092 16.0319 0.0068 15.6775 0.0049
157.554774 -35.164970000000004 16 0.9670000000000001 20.2376 0.0202 19.3093 0.0256 18.5663 0.0146 18.3257 0.0158
157.362454 -35.200131 14 0.958 19.7711 0.0221 19.1184 0.0095 18.6025 0.0091 18.4875 0.0367
157.611637 -35.482015000000004 11 0.9670000000000001 20.2565 0.0351 19.3992 0.0078 18.6072 0.0135 18.2524 0.0245
157.309549 -35.254213 21 0.985 18.2004 0.049 17.9373 0.0238 17.7294 0.0059 17.6716 0.0194
157.697823 -35.267132000000004 52 0.987 16.5174 0.0067 16.1993 0.0048 15.9941 0.0045 15.9433 0.0049
157.713707 -35.343140999999996 47 0.983 16.8212 0.0077 16.4844 0.0056 16.2828 0.0052 16.2003 0.0046
157.642852 -35.203112 77 0.995 14.5839 0.0051 14.0955 0.0033 13.7844 0.0032 13.6605 0.0035
157.469873 -35.160235 26 0.981 20.4288 0.0341 19.4398 0.0155 17.8317 0.0175 17.2645 0.0124
157.632349 -35.195884 48 0.9840000000000001 17.0251 0.0071 16.6278 0.0047 16.4272 0.0103 16.3571 0.0063
157.28888700000002 -35.364164 15 0.975 20.0265 0.0144 19.2288 0.0339 18.3692 0.02 18.0533 0.0109
157.712951 -35.354131 45 0.983 16.9197 0.0123 16.6238 0.0074 16.4278 0.0074 16.3511 0.0068
157.621319 -35.188949 18 0.976 19.0576 0.0063 18.6 0.0106 18.3095 0.0214 18.1945 0.0238
157.472432 -35.507194 18 0.977 18.8375 0.0062 18.4365 0.0101 18.1885 0.0252 18.1078 0.02
157.645377 -35.204242 18 0.983 nan nan 18.0595 0.0411 17.2145 0.0152 16.9041 0.0053
157.547331 -35.504472 25 0.981 18.1981 0.0131 17.9131 0.0078 17.7218 0.0143 17.6681 0.022000000000000002
157.574051 -35.168632 50 0.9840000000000001 16.038 0.004 15.6253 0.0065 15.4031 0.0047 15.3288 0.0052
157.44376599999998 -35.163917 21 0.98 19.8293 0.0081 18.848 0.0188 18.0103 0.0067 17.6399 0.0124
157.293778 -35.383594 58 0.99 14.67 0.0064 14.1973 0.0048 13.8689 0.0033 13.7395 0.0033
157.28565600000002 -35.349171999999996 41 0.98 16.9462 0.0053 16.5776 0.0133 16.3187 0.0056 16.2394 0.0078
157.296974 -35.39217 18 0.978 19.2432 0.0114 18.5603 0.0444 18.0026 0.0068 17.7836 0.0143
157.501811 -35.15756 45 0.983 17.1897 0.0177 16.7718 0.0051 16.5421 0.006999999999999999 16.4707 0.0039
157.290249 -35.374235 24 0.981 18.5972 0.0185 18.1326 0.0154 17.8657 0.0093 17.7552 0.0106
157.307904 -35.413534000000006 38 0.985 16.0442 0.0136 15.6714 0.0052 15.4522 0.005 15.3905 0.0039
157.464543 -35.507033 18 0.98 19.4093 0.0263 18.6505 0.0071 18.0584 0.013000000000000001 17.8132 0.0165
157.28416299999998 -35.331621000000005 24 0.983 19.1434 0.0122 18.1715 0.0221 16.7319 0.0107 16.2001 0.0042
157.329395 -35.441404 54 0.991 14.6612 0.0105 14.4647 0.0076 14.3798 0.0035 14.3944 0.0043
157.637688 -35.197699 48 0.9840000000000001 16.9047 0.0058 16.245 0.0047 15.7898 0.0043 15.6184 0.0064
157.310119 -35.249584000000006 45 0.987 15.2032 0.0044 14.835999999999999 0.0047 14.6347 0.0045 14.5706 0.0037
157.583558 -35.170689 59 0.987 15.6442 0.0086 15.2506 0.0045 15.0212 0.0052 14.9634 0.0035
157.660453 -35.214923999999996 45 0.9840000000000001 16.8972 0.0053 16.6194 0.0064 16.4742 0.0059 16.4664 0.0063
157.472902 -35.508617 28 0.983 18.3301 0.0145 17.7264 0.0086 17.3093 0.0103 17.1388 0.0092
157.43804599999999 -35.50269 50 0.998 11.7739 0.0047 11.436 0.0076 11.2695 0.0046 11.2252 0.0055
157.611061 -35.485304 12 0.98 19.8676 0.0208 18.9155 0.0078 18.0247 0.0064 17.6554 0.0079
157.5688 -35.165538 16 0.961 20.0627 0.0074 19.4495 0.0119 18.9758 0.0253 18.771 0.0113
157.50306 -35.156364 19 0.971 19.3381 0.01 18.6835 0.0284 18.1835 0.0073 17.975 0.0177
157.333028 -35.22035 33 0.983 17.7935 0.02 17.4327 0.0069 17.2152 0.006 17.1501 0.0048
157.64479 -35.465322 41 0.987 16.745 0.0061 15.8222 0.0059 14.7048 0.0032 14.2867 0.0035
157.40926000000002 -35.172452 16 0.9790000000000001 18.7459 0.0078 18.3273 0.0083 18.0504 0.0061 17.9757 0.0121
157.698864 -35.262322 12 0.951 nan nan 20.4864 0.0769 18.9659 0.0207 18.3793 0.0177
157.291453 -35.283374 28 0.982 17.9898 0.0141 17.5537 0.0096 17.2781 0.0047 17.1918 0.0162
157.648328 -35.463196999999994 12 0.9620000000000001 20.4748 0.0102 19.6276 0.0083 18.682000000000002 0.0257 18.3305 0.0199
157.713705 -35.368479 16 0.98 18.8409 0.0073 18.3729 0.0086 18.0981 0.0115 18.0084 0.0135
157.695192 -35.412669 19 0.981 19.3963 0.01 18.5247 0.0163 17.8231 0.0099 17.5163 0.0105
157.665284 -35.217278 14 0.96 19.334 0.02 18.9854 0.0078 18.7899 0.0103 18.7266 0.0196
157.609811 -35.17903 11 0.972 19.4975 0.0145 19.1486 0.0084 18.901 0.008 18.9756 0.0219
157.51672299999998 -35.511415 61 0.997 13.5062 0.0035 13.3532 0.0038 13.2978 0.0032 13.3262 0.0032
157.284564 -35.301446999999996 45 0.983 16.3649 0.0116 16.0382 0.0072 15.8581 0.0035 15.8001 0.0047
157.590598 -35.496032 15 0.981 18.6779 0.0119 18.4068 0.0073 18.2124 0.0142 18.2072 0.006999999999999999
157.718289 -35.349976 50 0.9840000000000001 16.6585 0.0069 16.0875 0.0043 15.7578 0.0037 15.6199 0.0065
157.35795 -35.196832 15 0.975 19.4288 0.022000000000000002 19.1007 0.0083 18.8729 0.0151 18.7897 0.0374
157.321584 -35.438127 28 0.983 17.4932 0.0204 17.2355 0.0109 17.0572 0.005 17.0212 0.0089
157.301603 -35.410606 11 0.9740000000000001 19.3841 0.0108 18.8722 0.0584 18.502 0.0107 18.354 0.0332
157.33553700000002 -35.214368 51 0.983 16.5295 0.0218 16.2691 0.0052 16.1315 0.0052 16.1141 0.0069
157.34838 -35.4634 18 0.9690000000000001 19.3941 0.040999999999999995 18.7951 0.0098 18.3296 0.0201 18.141 0.013000000000000001
157.618927 -35.484404 24 0.982 18.2295 0.0072 17.8094 0.0108 17.5148 0.0134 17.4093 0.0105
157.283357 -35.365252000000005 17 0.9790000000000001 18.7438 0.0639 18.3538 0.0141 18.052 0.0079 17.9858 0.0121
157.386411 -35.179517 29 0.988 17.2925 0.0149 16.8004 0.0122 16.4674 0.0108 16.3361 0.0094
157.50309099999998 -35.512993 13 0.977 18.7 0.0096 18.415 0.0132 18.2694 0.008 18.1594 0.0113
157.281337 -35.311408 12 0.98 18.914 0.0105 18.6501 0.0283 18.477 0.0203 18.4392 0.0086
157.313498 -35.237494 19 0.983 18.2766 0.0112 17.6826 0.0068 17.2278 0.0062 17.0568 0.0065
157.629623 -35.479029 9 0.95 21.0969 0.0461 20.1581 0.0516 18.9657 0.0083 18.436 0.0165
157.503504 -35.153249 17 0.97 19.9081 0.0311 19.1725 0.0104 18.6175 0.0085 18.4553 0.0143
157.59128 -35.169342 23 0.98 18.6176 0.0137 18.2334 0.0063 18.0277 0.006999999999999999 17.9441 0.0186
157.30321899999998 -35.251754999999996 33 0.983 16.9762 0.0089 16.5817 0.0133 16.2985 0.0046 16.1912 0.0094
157.4771 -35.154061999999996 24 0.983 17.8056 0.0384 16.8592 0.0293 16.0136 0.0073 15.7005 0.0095
157.299883 -35.409988 19 0.977 18.9511 0.0138 18.5068 0.0082 18.1302 0.0143 18.0335 0.0286
157.614449 -35.17893 17 0.982 18.7399 0.0061 18.0352 0.0069 17.5331 0.0101 17.3258 0.0112
157.289656 -35.389681 15 0.977 20.5401 0.0222 19.6255 0.0174 18.4485 0.0266 18.0331 0.0159
157.373978 -35.481932 31 0.983 18.1697 0.013999999999999999 17.4983 0.0121 17.0045 0.0067 16.823 0.0083
157.47861799999998 -35.513338 33 0.983 17.7329 0.0104 17.2135 0.005 16.9026 0.0063 16.7676 0.0067
157.704546 -35.403996 16 0.9790000000000001 19.7033 0.0189 18.8642 0.008 18.1019 0.0103 17.7986 0.015
157.713083 -35.385024 14 0.9690000000000001 19.3698 0.022000000000000002 18.9169 0.0395 18.6225 0.0097 18.4603 0.0225
157.63751000000002 -35.190931 18 0.971 20.0637 0.0489 19.2915 0.0204 18.6607 0.023 18.4195 0.0139
157.446 -35.157229 27 0.982 18.613 0.0123 17.9624 0.006 17.5364 0.0056 17.3312 0.0107
157.662726 -35.457314000000004 25 0.982 18.3343 0.008 18.0308 0.0082 17.8134 0.0071 17.7427 0.0153
157.319032 -35.439467 23 0.9840000000000001 17.777 0.0182 17.0015 0.0086 16.4824 0.0049 16.2847 0.0047
157.473988 -35.513926 27 0.983 18.0958 0.0065 17.517 0.006999999999999999 17.1388 0.0082 17.0216 0.0099
157.545204 -35.155193 18 0.977 18.5532 0.0165 18.2533 0.0092 18.0189 0.0096 17.9906 0.0191
157.646523 -35.195822 36 0.983 17.9627 0.0071 17.3757 0.0047 16.971 0.0052 16.8067 0.0058
157.293596 -35.403321000000005 38 0.985 15.6943 0.0061 15.2506 0.0051 14.9743 0.0044 14.8773 0.0037
157.39439099999998 -35.172695000000004 12 0.9740000000000001 19.1527 0.0078 18.7749 0.0104 18.4834 0.018000000000000002 18.4788 0.0283
157.41383100000002 -35.501697 32 0.982 17.9272 0.0245 17.6517 0.0153 17.4328 0.0061 17.419 0.0115
157.289739 -35.395709000000004 43 0.985 16.3698 0.0071 16.0584 0.0052 15.8714 0.0042 15.8263 0.0043
157.421703 -35.504497 57 0.99 15.6276 0.0052 15.1983 0.0064 14.8818 0.0041 14.7623 0.0042
157.723509 -35.322513 44 0.9840000000000001 16.7628 0.0068 16.1348 0.0055 15.7313 0.0061 15.5807 0.0071
157.388345 -35.17495 15 0.9740000000000001 20.1972 0.0221 19.3053 0.0176 18.4513 0.0121 18.0933 0.0218
157.41727 -35.163509000000005 44 0.983 17.0784 0.0075 16.7053 0.0045 16.4906 0.0054 16.4346 0.0057
157.282001 -35.290742 46 0.9840000000000001 16.6097 0.0177 16.2947 0.009000000000000001 16.083 0.0037 16.02 0.0071
157.698772 -35.248740999999995 34 0.9890000000000001 17.0836 0.0053 16.1317 0.0062 14.9791 0.0036 14.5459 0.0032
157.67474199999998 -35.218718 11 0.9620000000000001 19.6434 0.0214 19.0568 0.0167 18.7355 0.0142 18.5408 0.0218
157.616063 -35.176521 13 0.9740000000000001 19.5606 0.0074 19.1628 0.0077 18.9404 0.0286 18.8584 0.0495
157.482764 -35.150594 53 0.993 14.9773 0.0047 14.4574 0.0036 14.1008 0.0037 13.9534 0.0032
157.60067800000002 -35.497257 21 0.983 18.0974 0.0076 17.3748 0.0109 16.8784 0.005 16.6836 0.0069
157.36211 -35.478186 62 0.9990000000000001 13.4809 0.0035 13.1781 0.004 13.0187 0.0031 12.9844 0.0031
