ra dec ngood class_star g_psf e_g_psf r_psf e_r_psf i_psf e_i_psf z_psf e_z_psf
52.588614 -28.088915999999998 16 0.981 17.9008 0.0228 16.942 0.0128 16.0395 0.0146 15.6811 0.0057
52.613618 -28.109149 13 0.982 17.2129 0.0345 16.2756 0.0125 14.6464 0.0054 14.0207 0.0053
52.582446999999995 -28.086733000000002 25 1.0 12.7251 0.0075 12.2528 0.0053 11.9706 0.0079 11.8657 0.0048
52.588326 -28.127477000000003 22 0.9520000000000001 17.8591 0.0506 17.3487 0.0095 17.0603 0.0138 16.9811 0.0205
52.562754000000005 -28.087867 22 0.9990000000000001 13.8401 0.01 13.6001 0.0099 13.475999999999999 0.0079 13.4733 0.0048
52.61760400000001 -28.136327 22 0.977 16.839000000000002 0.0078 16.5606 0.0088 16.4037 0.0058 16.393 0.0206
52.55885 -28.123575 15 0.9740000000000001 18.0735 0.0169 17.4044 0.0096 16.4722 0.008 16.0868 0.0078
52.639419999999994 -28.130627 26 0.981 16.3883 0.0064 16.1157 0.011000000000000001 15.956 0.0055 15.9931 0.0088
52.581522 -28.045957 31 1.0 13.0307 0.0076 12.7581 0.0053 12.6392 0.0055 12.6422 0.0056
52.554942000000004 -28.046740000000003 10 0.955 nan nan nan nan 18.3302 0.0303 17.8006 0.0293
52.534420999999995 -28.147691 23 0.996 14.1237 0.0055 13.8729 0.0053 13.7815 0.005 13.7875 0.0061
52.632645 -28.173122999999997 15 0.982 16.8046 0.0366 15.9972 0.0301 15.5477 0.0084 15.3555 0.0068
52.643765 -28.169895 19 0.99 13.1808 0.0053 12.9213 0.0083 12.7797 0.0061 12.780999999999999 0.0069
52.66573199999999 -28.043512 24 1.0 13.6544 0.0053 12.8728 0.0053 12.2767 0.0043 12.0551 0.0044
52.54560600000001 -28.169538 22 0.998 13.779000000000002 0.0067 13.5594 0.0053 13.4586 0.0057 13.4638 0.0057
52.552156000000004 -28.02641 20 0.982 17.958 0.0165 17.3024 0.0667 16.9567 0.0122 16.8398 0.0126
52.56468 -28.018521999999997 13 0.966 nan nan nan nan 17.9711 0.0241 17.5293 0.0266
52.692282999999996 -28.062703000000003 14 0.978 18.428 0.0281 17.6031 0.1257 16.8495 0.0099 16.5519 0.0103
52.54501 -28.020898 8 0.9540000000000001 nan nan nan nan 18.1233 0.0068 18.1071 0.0304
52.598737 -28.003822999999997 10 0.955 nan nan nan nan 18.3324 0.0332 17.9357 0.040999999999999995
52.70906 -28.100005 24 0.9990000000000001 13.8695 0.0099 13.4875 0.0053 13.2679 0.0047 13.2255 0.0067
52.70680600000001 -28.073984000000003 24 0.978 16.7538 0.0254 16.5689 0.0298 16.4197 0.0088 16.414 0.0193
52.492348 -28.07293 25 0.9840000000000001 15.1101 0.0058 14.8086 0.0088 14.6302 0.006999999999999999 14.6062 0.005
52.495592 -28.145777000000002 19 0.981 15.9735 0.017 15.574000000000002 0.0067 15.3971 0.0065 15.274000000000001 0.0056
52.653718000000005 -28.000939000000002 28 0.9840000000000001 16.3835 0.0115 15.8813 0.013000000000000001 15.5937 0.0158 15.5013 0.0088
52.533848 -28.006842 20 1.0 11.5161 0.0089 11.3073 0.009000000000000001 11.2332 0.0062 11.2472 0.0075
52.60252 -27.988633 8 0.956 nan nan nan nan 18.2849 0.0114 17.9033 0.011000000000000001
52.725967000000004 -28.088490999999998 18 0.961 17.3226 0.0419 17.0393 0.0403 16.8391 0.0069 16.8729 0.0083
52.724706000000005 -28.134026000000002 31 0.988 14.8506 0.009000000000000001 14.4224 0.0056 14.168 0.0047 14.0884 0.006
52.502415 -28.178334999999997 15 0.985 16.8906 0.0193 16.023 0.0074 15.3537 0.0056 15.102 0.0077
52.488739 -28.035664 11 0.981 nan nan nan nan 16.8102 0.0086 16.0696 0.0172
52.57279200000001 -28.215208 19 1.0 12.8853 0.0072 12.2076 0.0102 11.7936 0.0158 11.5935 0.0114
52.627292000000004 -27.984047999999998 18 0.98 17.8568 0.0245 17.5398 0.1551 17.1601 0.0216 17.1012 0.0133
52.521398 -28.001139000000002 22 0.9990000000000001 13.0437 0.0061 12.7485 0.0077 12.6243 0.0081 12.6266 0.0048
52.662524 -28.212553000000003 19 0.996 12.1667 0.0053 11.8587 0.0079 11.6777 0.0061 11.6568 0.0082
52.472317000000004 -28.157757 17 0.985 15.698 0.0204 15.3813 0.0073 15.2438 0.0098 15.190999999999999 0.0074
52.65797 -27.982884000000002 33 0.992 14.3978 0.012 13.9782 0.0065 13.7337 0.0063 13.6778 0.0065
52.745336 -28.123328000000004 20 0.9690000000000001 18.5161 0.018000000000000002 17.6124 0.0088 16.6332 0.012 16.2747 0.013999999999999999
52.656707 -27.979489 30 0.981 16.0563 0.0144 15.7676 0.0049 15.6056 0.0127 15.5744 0.0054
52.566191 -28.229506 16 0.982 17.9284 0.111 17.0225 0.02 16.089000000000002 0.0183 15.7323 0.0088
52.483231999999994 -28.015351000000003 15 0.9790000000000001 17.986 0.0287 17.7028 0.0289 17.4218 0.0177 17.3786 0.0141
52.523316 -28.215262 14 0.981 17.0401 0.0536 16.3013 0.0159 15.9198 0.0193 15.7989 0.0184
52.754743999999995 -28.077775 32 0.982 15.2683 0.008 14.9867 0.0096 14.8794 0.0046 14.901 0.0097
52.747292 -28.155182 13 0.963 nan nan 18.2134 0.02 17.0378 0.0316 16.5945 0.0187
52.759648 -28.113735 18 0.972 17.8855 0.0396 17.0989 0.028999999999999998 16.635 0.0113 16.4039 0.0076
52.663605000000004 -27.967048 13 0.976 18.3292 0.0832 17.8361 0.0157 17.768 0.022000000000000002 17.6116 0.0116
52.445668999999995 -28.051771000000002 24 0.9990000000000001 13.1165 0.0053 12.7855 0.0053 12.6247 0.0047 12.6012 0.0047
52.575276 -28.242865999999996 15 0.977 16.8885 0.008 16.6378 0.0085 16.4696 0.0147 16.4651 0.0185
52.74292 -28.027364000000002 16 0.98 nan nan 17.8568 0.0479 16.5593 0.0054 16.1142 0.0161
52.434785999999995 -28.114209999999996 13 0.98 16.1458 0.0102 15.7487 0.0096 15.5817 0.0067 15.5143 0.0071
52.433379 -28.086101 22 0.982 16.1781 0.0185 15.9097 0.0099 15.7437 0.0045 15.7238 0.0056
52.757932 -28.050958 23 0.986 17.0004 0.0235 16.0733 0.0222 15.0389 0.0059 14.654000000000002 0.0055
52.465962 -28.189348 18 0.981 15.7969 0.0084 15.5114 0.0065 15.3659 0.0099 15.3001 0.0081
52.694889 -27.977349 28 0.998 13.8922 0.0069 13.495999999999999 0.0075 13.2611 0.0073 13.2072 0.0078
52.54166899999999 -27.958763 15 0.978 18.2281 0.0436 17.2848 0.015 16.3425 0.0088 15.9752 0.0104
52.724008 -27.996920000000003 24 0.978 17.458 0.0318 16.6613 0.0296 16.0289 0.0066 15.804 0.0124
52.552859999999995 -27.954602 13 0.982 17.8891 0.0238 17.1115 0.0138 16.0731 0.0068 15.6708 0.0114
52.715129000000005 -28.212119 20 0.983 15.8421 0.0128 15.3411 0.0055 15.0192 0.0105 14.9093 0.0066
52.46775600000001 -28.003219 22 0.9840000000000001 14.8151 0.0157 14.5545 0.0065 14.417 0.0048 14.415999999999999 0.0068
52.58641899999999 -28.252338 19 0.9840000000000001 15.3193 0.0169 14.8992 0.0063 14.6858 0.0061 14.6336 0.0071
52.751704000000004 -28.174097999999997 28 0.981 15.8082 0.0072 15.6085 0.0067 15.4812 0.0054 15.4957 0.0063
52.703201 -28.223413 20 0.995 14.227 0.0053 14.0026 0.0062 13.894 0.0053 13.9091 0.0053
52.771601000000004 -28.127039 35 0.985 14.8387 0.0087 14.4347 0.0106 14.2129 0.0059 14.1705 0.0058
52.440495 -28.034606 30 0.9890000000000001 14.7292 0.005 14.4785 0.0053 14.3524 0.0043 14.3697 0.0043
52.77669100000001 -28.098221999999996 29 0.998 14.1127 0.006999999999999999 13.7613 0.0065 13.595999999999998 0.0043 13.5617 0.0049
52.694667 -28.236098 13 0.972 17.7128 0.0104 17.243 0.0159 16.8837 0.0101 16.774 0.0134
52.476353 -27.983403999999997 5 0.9640000000000001 nan nan nan nan 18.1821 0.0128 17.9722 0.0413
52.464918000000004 -28.209206 7 0.953 nan nan 17.9955 0.0123 17.2385 0.0083 16.9092 0.0224
52.572945 -27.939089000000003 10 0.9620000000000001 nan nan nan nan 18.097 0.0102 17.7144 0.0145
52.419557 -28.065633000000002 13 0.9840000000000001 nan nan 17.8125 0.0381 16.3581 0.0116 15.7648 0.0097
52.504911 -27.959926 9 0.9890000000000001 nan nan nan nan 14.3269 0.0144 14.3416 0.0113
52.503826000000004 -27.959896999999998 18 0.99 14.2929 0.0601 13.9707 0.0826 13.6565 0.0173 13.6051 0.0177
52.784652 -28.07957 26 0.9990000000000001 12.126 0.0092 11.5803 0.0074 11.2625 0.0047 11.1466 0.0056
52.675718 -27.947532 9 0.9790000000000001 nan nan nan nan 17.3336 0.0113 16.8508 0.01
52.709293 -28.236690000000003 20 0.9990000000000001 13.3959 0.0065 13.1504 0.0061 13.0571 0.0053 13.077 0.0053
52.754748 -28.199826 23 0.981 17.4416 0.011000000000000001 16.5809 0.0107 15.8476 0.0051 15.5655 0.0064
52.53132900000001 -27.940339 23 1.0 12.6539 0.0061 12.4354 0.0058 12.3495 0.0053 12.3676 0.0047
52.43099 -28.184003999999998 19 0.981 16.1778 0.0139 15.6794 0.0139 15.3804 0.0096 15.2585 0.0069
52.417999 -28.039046000000003 6 0.966 nan nan nan nan 18.4264 0.0293 18.3645 0.0279
52.434208 -28.190434999999997 7 0.951 nan nan nan nan 17.1275 0.0148 16.6351 0.0182
52.468798 -27.969569 14 0.983 17.0725 0.0229 16.7878 0.0168 16.7006 0.0053 16.669 0.0075
52.738542 -28.225305 16 0.998 15.4464 0.0158 14.7135 0.0122 14.1121 0.0063 13.9046 0.0053
52.432832999999995 -28.195068 22 0.978 16.5163 0.0181 16.0336 0.0071 15.7867 0.0173 15.7003 0.0055
52.399685999999996 -28.126236 27 0.9990000000000001 12.4014 0.0055 11.9548 0.0072 11.7109 0.0056 11.6439 0.006999999999999999
52.786753000000004 -28.029790000000002 17 0.98 nan nan 17.6575 0.024 16.8902 0.0116 16.5682 0.0091
52.70865799999999 -28.252768 15 0.975 17.2784 0.0479 17.0796 0.0173 16.962 0.02 16.9703 0.0224
52.795832 -28.045711999999998 12 0.975 nan nan 17.8418 0.0125 17.4875 0.0115 17.285 0.0106
52.72586999999999 -27.95345 14 0.981 nan nan nan nan 17.3953 0.0076 16.6948 0.0308
52.504543000000005 -27.93435 12 0.982 18.0155 0.0517 17.6728 0.0319 17.2041 0.0095 17.0614 0.0119
52.530421 -28.276911 4 0.9540000000000001 nan nan nan nan 17.5556 0.0203 17.279 0.0289
52.794839 -28.025106 16 0.976 nan nan 18.256 0.0209 16.9148 0.0193 16.3193 0.0065
52.767316 -28.215984000000002 17 0.955 17.6341 0.0107 17.2356 0.0493 16.924 0.0352 16.8167 0.0404
52.66806700000001 -27.92158 5 1.0 nan nan nan nan nan nan nan nan
52.531636 -28.278614 9 0.972 nan nan 18.2058 0.0432 17.165 0.0183 16.8377 0.0205
52.397873 -28.037649 12 0.981 nan nan nan nan 16.5232 0.0088 15.975 0.0085
52.512588 -28.272638 4 0.9670000000000001 nan nan nan nan 17.4757 0.0095 16.8953 0.01
52.816913 -28.089634999999998 13 0.961 18.4515 0.017 17.6017 0.0435 16.5236 0.0249 16.0817 0.0136
52.381803000000005 -28.097389 21 0.9940000000000001 13.995 0.0064 13.7605 0.006999999999999999 13.6635 0.0054 13.6719 0.0053
52.614674 -27.906715000000002 16 0.968 17.912 0.086 17.5806 0.017 17.3288 0.0113 17.2934 0.0161
52.473729000000006 -27.940640000000002 7 0.976 nan nan nan nan 18.0482 0.0287 17.4792 0.042
52.481469999999995 -27.935156 11 0.9790000000000001 18.0512 0.0943 17.4442 0.0113 17.0075 0.0077 16.9093 0.016
52.46841800000001 -27.942217 18 0.982 17.0121 0.0624 16.9064 0.0194 16.7291 0.0057 16.7626 0.0168
52.734044999999995 -28.257524 16 0.976 16.8915 0.0175 16.6475 0.0152 16.5657 0.0283 16.5634 0.0184
52.614273 -28.296768 12 0.983 16.7007 0.0076 16.2209 0.035 15.9174 0.0063 15.7916 0.0065
52.562532 -28.294463 7 0.976 nan nan 18.0776 0.0404 17.1232 0.0082 16.7618 0.0142
52.732702 -27.940091 12 0.98 nan nan nan nan 17.6083 0.0137 16.9199 0.013000000000000001
52.392205 -28.024071000000003 12 0.981 nan nan nan nan 17.2711 0.0186 16.7934 0.0093
52.787667000000006 -27.989326000000002 33 0.998 13.7414 0.0063 13.4637 0.0078 13.3286 0.0072 13.308 0.0073
52.46325600000001 -27.940526000000002 14 0.983 17.491 0.0092 16.555 0.0096 15.6509 0.0066 15.3387 0.0115
52.374691 -28.065948 20 0.982 16.9931 0.0433 16.699 0.0337 16.6443 0.0141 16.6551 0.0161
52.406746999999996 -27.9916 16 0.9990000000000001 11.7355 0.0061 11.3506 0.0077 11.095 0.0088 11.048 0.0096
52.665738 -27.905431 20 0.9990000000000001 nan nan nan nan 12.9548 0.0076 12.7773 0.0046
52.75812 -28.248542999999998 12 0.975 17.1466 0.0131 16.9634 0.02 16.8293 0.0095 16.8146 0.0063
52.746276 -27.942007 12 0.975 18.2568 0.0184 18.0497 0.0233 17.8834 0.0073 17.8953 0.0388
52.733799 -27.932594 33 0.987 14.77 0.0086 14.470999999999998 0.0077 14.329 0.0049 14.3279 0.0059
52.50604499999999 -27.911949 18 0.982 17.3532 0.0114 17.0852 0.0109 16.9948 0.0089 16.9337 0.0148
52.487508 -28.281264 18 0.995 11.1444 0.0053 10.8565 0.0053 10.7273 0.0061 10.7229 0.0061
52.463370999999995 -28.268836 10 0.982 16.7294 0.0161 16.4172 0.0095 16.3174 0.0287 16.2654 0.009000000000000001
52.671156999999994 -28.297828000000003 14 0.9790000000000001 17.8207 0.0551 17.2521 0.0097 16.9102 0.0135 16.7338 0.016
52.535739 -27.899927 17 0.9670000000000001 17.5849 0.0196 17.2653 0.0836 17.219 0.0061 17.2457 0.0358
52.61640500000001 -27.892516999999998 20 0.981 17.3149 0.0404 17.073 0.0477 16.875 0.0062 16.8927 0.02
52.610032999999994 -28.309722999999998 17 0.982 16.5307 0.0274 16.3271 0.0079 16.1893 0.0074 16.1668 0.008
52.469526 -28.275859000000004 12 0.972 17.7933 0.0545 17.3153 0.0132 17.1359 0.0163 17.0349 0.0349
52.820632999999994 -28.02083 17 0.976 nan nan 17.8539 0.0115 17.4837 0.0195 17.3321 0.0222
52.473603000000004 -28.279421000000003 16 0.983 16.2135 0.0078 15.8591 0.0089 15.6715 0.0114 15.5952 0.006
52.369459 -28.157395 17 0.961 17.1355 0.0208 16.6979 0.0109 16.4493 0.0073 16.3708 0.0087
52.424214 -27.956090000000003 18 0.983 16.5606 0.0221 15.8838 0.0174 15.4659 0.0048 15.3131 0.0089
52.817758999999995 -28.010687 22 0.982 15.7691 0.0103 15.2896 0.006 15.0252 0.0053 14.9792 0.0064
52.747974 -27.931909 29 0.981 16.9597 0.0241 16.6611 0.0187 16.4727 0.0112 16.4198 0.0092
52.396789 -27.983947999999998 21 0.9840000000000001 14.8641 0.0061 14.6267 0.0061 14.4942 0.0048 14.4909 0.0048
52.437149 -27.941672999999998 9 0.98 nan nan nan nan 17.402 0.0061 17.083 0.0186
52.823770999999994 -28.015976000000002 25 0.982 16.398 0.0197 15.9089 0.0091 15.6675 0.0083 15.5869 0.0066
52.380481 -28.193595000000002 21 0.981 16.9996 0.0256 16.5364 0.0104 16.2961 0.0078 16.2098 0.0092
52.547112 -27.888371000000003 11 0.963 18.2565 0.0302 nan nan 18.1388 0.0267 18.1368 0.0305
52.732395 -27.917123999999998 26 0.98 17.162 0.0238 16.9144 0.0262 16.776 0.0056 16.746 0.0071
52.382597 -28.204508 15 0.9790000000000001 17.8662 0.0605 16.9836 0.0297 16.1114 0.0163 15.7768 0.0063
52.51339599999999 -28.305379 5 0.965 nan nan nan nan 17.3175 0.0306 17.0046 0.0156
52.351853999999996 -28.124431 17 0.976 17.0051 0.0268 16.387999999999998 0.0173 16.0097 0.0058 15.8347 0.0102
52.691914000000004 -28.306348999999997 8 0.973 nan nan nan nan 17.2576 0.0335 16.6176 0.0092
52.642155 -28.319421999999996 14 0.98 18.0016 0.0181 17.2459 0.0398 16.6187 0.0256 16.4098 0.0076
52.351539 -28.146826 22 0.982 15.7495 0.01 15.4558 0.0145 15.3185 0.006 15.2837 0.006999999999999999
52.466984 -28.291633 16 0.983 16.1122 0.0142 15.5548 0.0054 15.2283 0.0083 15.1319 0.0165
52.768345999999994 -27.931441999999997 7 0.9520000000000001 nan nan nan nan 18.3173 0.009000000000000001 17.662 0.0294
52.428268 -28.267278000000005 15 0.9840000000000001 16.0324 0.0209 15.3418 0.0066 14.8071 0.006999999999999999 14.6194 0.0055
52.820958 -27.986167 24 0.9990000000000001 11.485 0.0091 11.1848 0.0047 11.0387 0.0084 11.0285 0.0073
52.345978 -28.063011 11 0.9840000000000001 16.2687 0.0366 15.514000000000001 0.022000000000000002 14.9064 0.0079 14.6951 0.0061
52.369440000000004 -27.998015999999996 26 0.993 13.975 0.0059 13.7214 0.0058 13.5741 0.0045 13.5692 0.0047
52.727776 -27.900364 33 0.98 16.1318 0.0174 15.8879 0.0048 15.7697 0.0105 15.7341 0.0072
52.373736 -27.985181 18 0.982 17.368 0.0334 16.9754 0.0187 16.6712 0.0052 16.5746 0.0083
52.841072 -28.011083000000003 23 0.983 14.8974 0.0115 14.1204 0.0091 13.5165 0.0115 13.2859 0.006
52.535678000000004 -27.876431 24 0.992 15.1143 0.0115 14.6048 0.0076 14.3157 0.0055 14.2089 0.0047
52.853984999999994 -28.159132 20 0.98 14.5963 0.0174 14.3113 0.0116 14.184000000000001 0.0121 14.2086 0.0088
52.800567 -27.950009 15 0.9740000000000001 18.0426 0.0792 17.4065 0.0126 17.0004 0.0155 16.7961 0.0161
52.335671999999995 -28.117490000000004 13 0.981 16.8245 0.0679 16.3449 0.0123 16.0908 0.0061 16.0007 0.0073
52.399808 -27.946296000000004 21 0.988 14.8031 0.0088 14.5159 0.0115 14.3633 0.0047 14.3625 0.0048
52.769383 -27.919371 16 0.98 18.1428 0.0391 17.723 0.0608 17.495 0.0192 17.3245 0.0201
52.75404 -27.908415 14 0.981 nan nan 17.9515 0.0309 17.0494 0.0295 16.5645 0.0087
52.425746999999994 -27.921666 24 0.985 17.3162 0.0226 17.0479 0.0642 16.9036 0.0054 16.9213 0.0088
52.353493 -28.008145000000003 12 0.983 nan nan 17.8423 0.0809 16.8111 0.0061 16.4432 0.0077
52.610051 -27.86208 19 0.982 16.6675 0.0144 16.0285 0.0116 15.6387 0.0053 15.5067 0.0091
52.477227 -28.313652 20 0.995 12.5734 0.0053 12.4041 0.0053 12.3507 0.0053 12.3866 0.0053
52.867367 -28.142043 25 0.986 14.3696 0.0093 14.1851 0.0087 14.0855 0.0055 14.1109 0.0049
52.384465000000006 -28.247958 19 0.983 14.8866 0.0061 14.645999999999999 0.0076 14.5176 0.0065 14.509 0.0072
52.591043000000006 -27.859149 20 0.981 17.3858 0.0084 16.877 0.028999999999999998 16.6607 0.0093 16.5574 0.0164
52.508838 -28.32726 8 0.982 17.4738 0.0137 16.805999999999997 0.011000000000000001 16.4008 0.009000000000000001 16.2451 0.0126
52.78311600000001 -28.27915 15 0.986 14.2572 0.0064 14.0356 0.0079 13.8861 0.0061 13.8685 0.0078
52.326190999999994 -28.125441 26 0.986 14.5958 0.0107 14.1729 0.0053 13.9144 0.0054 13.8257 0.0063
52.67270799999999 -28.334618 21 0.9940000000000001 13.2898 0.0053 12.925999999999998 0.0067 12.7328 0.0053 12.6904 0.0053
52.337965000000004 -28.17642 13 0.966 18.141 0.0377 17.29 0.0351 16.8072 0.0137 16.5539 0.0194
52.760757 -27.901752000000002 19 0.981 18.022000000000002 0.0277 17.1611 0.0158 16.5019 0.0074 16.2527 0.0157
52.70490699999999 -27.873960999999998 5 0.965 nan nan nan nan 18.1253 0.0172 18.0171 0.0152
52.678449 -28.335308 20 0.985 15.0129 0.0078 14.7676 0.0061 14.6625 0.0064 14.6658 0.0054
52.839771999999996 -28.228232000000002 17 0.991 12.7806 0.0064 12.3958 0.0066 12.1362 0.0061 12.0573 0.0061
52.322472 -28.063327 12 0.98 nan nan 17.7942 0.0377 17.4545 0.0183 17.3378 0.0141
52.618669999999995 -28.347276 10 0.978 nan nan 17.8632 0.0581 17.0772 0.0116 16.7579 0.012
52.406839 -27.920182 12 0.977 17.6966 0.0198 17.3532 0.0244 17.3455 0.0061 17.3155 0.0164
52.318833000000005 -28.099697999999997 12 0.9790000000000001 17.1125 0.0154 16.7073 0.0069 16.2857 0.0109 16.1481 0.0133
52.373818 -27.951452000000003 22 0.982 16.2214 0.0079 16.0183 0.0068 15.8727 0.0056 15.889000000000001 0.0144
52.323759 -28.048306 8 0.9690000000000001 18.4289 0.0484 nan nan 18.1821 0.0111 18.2352 0.0414
52.334140000000005 -28.014183000000003 24 0.983 15.9319 0.0109 15.6307 0.0098 15.4663 0.008 15.4559 0.0048
52.719601000000004 -28.326736 18 0.9840000000000001 15.7563 0.0063 15.4124 0.0074 15.2064 0.0071 15.1606 0.0063
52.880469999999995 -28.142499 28 0.981 15.9177 0.013000000000000001 15.6792 0.0066 15.5876 0.0065 15.6018 0.0106
52.344758 -28.21327 20 0.98 17.0536 0.0205 16.2371 0.019 15.5774 0.0129 15.3351 0.0211
52.646273 -27.851025 33 0.988 15.932 0.0109 15.7396 0.0137 15.6626 0.0092 15.6691 0.0045
52.447644999999994 -28.314047 11 0.9840000000000001 16.5327 0.0088 15.7348 0.0073 15.0707 0.0065 14.8146 0.0062
52.488456000000006 -27.866633 13 0.983 18.0655 0.1361 17.267 0.0513 16.6651 0.0137 16.4776 0.0123
52.886256 -28.079622999999998 11 0.9670000000000001 18.2887 0.0219 17.4017 0.013000000000000001 16.6475 0.0102 16.3781 0.008
52.615338 -28.354028000000003 11 0.981 18.6042 0.0214 17.8239 0.0518 16.5378 0.0112 16.0776 0.0058
52.522918999999995 -28.346503000000002 10 0.983 16.3386 0.008 15.8865 0.0106 15.5989 0.0114 15.5379 0.0078
52.7937 -27.908783000000003 25 0.98 16.3232 0.0184 15.8117 0.0081 15.5768 0.0106 15.5131 0.0099
52.531115 -28.349324 9 0.982 17.0367 0.0101 16.6287 0.009000000000000001 16.3113 0.0065 16.25 0.0127
52.782949 -28.299670000000003 14 0.985 15.6789 0.013999999999999999 15.4764 0.0076 15.3334 0.0079 15.3109 0.0157
52.380432 -27.930801000000002 11 0.978 18.0239 0.0181 17.963 0.0237 17.9405 0.0091 17.965999999999998 0.0174
52.315307000000004 -28.041646999999998 23 0.9990000000000001 13.6258 0.0054 13.3328 0.0087 13.1807 0.0047 13.1731 0.0047
52.667601 -27.848426 18 0.981 18.0742 0.0692 17.4219 0.0107 16.5921 0.0079 16.2959 0.0066
52.429827 -27.888653 15 0.982 17.9028 0.0149 17.3931 0.0103 16.6616 0.0137 16.4033 0.0165
52.663355 -28.353414 12 0.956 17.5232 0.0131 17.3623 0.0416 17.2801 0.0512 17.2541 0.0281
52.48455799999999 -28.338897999999997 9 1.0 10.1235 0.0053 9.3152 0.0105 nan nan nan nan
52.781780000000005 -28.304692 6 0.9520000000000001 nan nan 18.2103 0.0202 17.2246 0.0202 16.8762 0.0149
52.403779 -27.904834 6 0.976 nan nan nan nan 17.3948 0.0262 16.9415 0.0111
52.84819 -27.956872999999998 15 0.977 nan nan 18.1933 0.1478 16.973 0.0128 16.5161 0.0164
52.306039 -28.064490999999997 22 0.998 13.3198 0.0068 13.0085 0.0102 12.8656 0.0044 12.849 0.0053
52.643446 -27.83966 36 0.996 13.5621 0.0052 13.3601 0.0061 13.2753 0.0064 13.2953 0.0037
52.8868 -28.174090000000003 22 0.9940000000000001 14.2591 0.0053 13.7498 0.0076 13.41 0.0065 13.2958 0.0047
52.389375 -28.289049 9 0.977 16.5404 0.0088 16.2377 0.0273 16.0894 0.0087 16.0361 0.0281
52.45550600000001 -28.332393 6 0.977 nan nan 17.8858 0.0294 16.9899 0.0383 16.6894 0.0073
52.855906000000004 -28.242564 9 0.955 17.7227 0.0195 17.0726 0.051 16.6097 0.0081 16.4024 0.0125
52.674403000000005 -28.359345 18 0.982 16.2706 0.0062 16.0478 0.0167 15.9205 0.0105 15.9131 0.01
52.388007 -28.292015999999997 19 0.987 12.8155 0.0053 12.5921 0.0078 12.4791 0.0061 12.4915 0.0061
52.374932 -27.919967 17 0.9840000000000001 17.7787 0.0189 17.037 0.0103 16.5857 0.0161 16.4163 0.0129
52.892912 -28.026958 15 0.9640000000000001 17.8956 0.0133 17.2681 0.0415 17.0416 0.0088 16.984 0.0232
52.399176000000004 -27.898239 6 0.9740000000000001 nan nan nan nan 18.1561 0.02 17.7998 0.0143
52.317839 -27.999260999999997 22 0.982 16.6516 0.0344 16.3446 0.0148 16.1855 0.0083 16.1625 0.0088
52.310802 -28.184642999999998 14 0.975 17.9682 0.0266 17.3303 0.0138 16.2666 0.0109 15.8691 0.0101
52.420645 -28.317472 14 0.983 16.3656 0.0214 16.0519 0.0101 15.9495 0.0102 15.9102 0.0066
52.416514 -27.884179 22 0.985 16.1866 0.0092 15.4539 0.0156 14.9129 0.0125 14.695 0.0043
52.468249 -27.856340000000003 18 0.983 15.7953 0.0081 15.345999999999998 0.0149 15.0776 0.0049 14.9999 0.0058
52.879224 -28.211705 20 0.982 15.6004 0.0061 15.1814 0.0053 14.8511 0.0058 14.7438 0.0054
52.498879 -28.355425 19 0.997 11.254000000000001 0.0053 10.8557 0.0053 10.606 0.0062 10.5228 0.0061
52.296596 -28.056834000000002 25 0.988 14.757 0.0075 14.4637 0.0171 14.2748 0.0056 14.2513 0.0049
52.669943999999994 -28.366712 14 0.983 17.184 0.0183 16.3442 0.0069 15.6701 0.0154 15.4223 0.0083
52.378031 -27.906201 24 0.993 12.272 0.0053 12.0945 0.0061 12.0449 0.0082 12.0742 0.0047
52.764448 -28.334823999999998 21 0.991 13.2852 0.0053 13.0236 0.0077 12.8715 0.0053 12.8575 0.0053
52.521234 -28.36757 11 0.982 16.5611 0.0098 16.2967 0.0084 16.1581 0.0078 16.1403 0.0138
52.688727 -27.83271 32 0.992 13.4563 0.0047 13.1589 0.0067 12.9854 0.0043 12.9631 0.0048
52.898614 -28.193407 18 0.9790000000000001 18.199 0.0458 17.3009 0.0195 16.0791 0.0148 15.637 0.009000000000000001
52.362972 -28.287782 19 0.997 11.237 0.0065 10.9416 0.0063 10.7821 0.0061 10.755999999999998 0.0061
52.28567 -28.054142 10 0.982 17.5805 0.1147 17.0211 0.0113 16.812 0.0067 16.6943 0.0081
52.501259999999995 -28.368329 14 0.982 16.9294 0.0139 16.4897 0.006999999999999999 16.1201 0.0114 15.9724 0.0193
52.386661 -27.888938 28 0.991 14.6491 0.0068 14.1457 0.0109 13.7606 0.0044 13.6223 0.0047
52.815054 -27.8892 11 0.97 nan nan 18.034000000000002 0.027999999999999997 17.6268 0.0126 17.4846 0.0132
52.374828 -27.897462 6 0.95 nan nan nan nan 18.5229 0.0341 18.2826 0.052000000000000005
52.45486700000001 -28.353960999999998 10 0.983 17.0723 0.0401 16.2209 0.0129 15.5314 0.0061 15.277000000000001 0.0078
52.923485 -28.114421000000004 0 0.9690000000000001 nan nan nan nan nan nan nan nan
52.802217000000006 -27.876919 30 0.982 16.0829 0.0073 15.887 0.0067 15.8112 0.0127 15.8035 0.0092
52.466530000000006 -28.361217 10 0.982 nan nan 17.7216 0.0377 16.4722 0.0193 16.0142 0.0075
52.635723999999996 -27.815076 12 0.977 nan nan nan nan 17.7462 0.0206 17.4116 0.0125
52.534838 -28.380962 11 0.978 18.3204 0.1059 17.4782 0.0328 16.9739 0.0087 16.8428 0.0286
52.914613 -28.027793 22 0.977 17.0468 0.0228 16.7178 0.0154 16.5531 0.0103 16.5209 0.0139
52.921352 -28.052061 18 0.983 15.8799 0.0078 15.3368 0.0057 14.9808 0.0048 14.886 0.0049
52.29853 -28.210673 25 0.9890000000000001 13.4202 0.0066 13.1667 0.0068 13.026 0.0058 13.0218 0.0059
52.458318999999996 -28.359906 6 0.978 18.0252 0.0202 17.4857 0.0147 17.0321 0.0078 16.842 0.0116
52.86745 -28.266612 12 0.978 17.1416 0.0138 16.8848 0.0112 16.6169 0.0107 16.58 0.0093
52.333076 -28.268084 14 0.982 17.1292 0.0489 16.668 0.0117 16.3377 0.0069 16.2186 0.0225
52.278541 -28.043347999999998 13 0.9840000000000001 17.5992 0.059000000000000004 17.2945 0.0322 17.0868 0.012 17.0228 0.0071
52.445189 -27.844827000000002 10 0.981 nan nan 17.8752 0.0558 17.1704 0.0087 16.8333 0.0067
52.30061 -27.976852 12 0.983 nan nan nan nan 16.8713 0.0084 16.1543 0.0072
52.496122 -28.377491999999997 19 0.983 15.9809 0.0095 15.6995 0.0087 15.5502 0.0079 15.5314 0.0054
52.272578 -28.053444 8 0.976 nan nan nan nan 17.9217 0.0139 17.5494 0.0303
52.93194200000001 -28.092014000000002 15 0.968 17.1661 0.0117 16.9397 0.0169 16.755 0.0216 16.7564 0.0118
52.772509 -27.849421000000003 16 0.981 nan nan nan nan 16.794 0.0086 16.1004 0.0086
52.741882999999994 -28.365409999999997 8 0.978 nan nan 17.747 0.1016 16.4541 0.0174 15.9566 0.0077
52.313446 -27.951358000000003 6 0.9590000000000001 nan nan nan nan 18.4166 0.0096 17.8208 0.0255
52.273765000000004 -28.162057 18 0.985 14.5026 0.0149 14.2118 0.0063 14.0861 0.0081 14.0723 0.0053
52.859956000000004 -27.913906 24 1.0 11.6647 0.0065 11.4446 0.0089 11.3679 0.0061 11.3925 0.0043
52.275034999999995 -28.028689 23 0.9840000000000001 16.1168 0.0165 15.7433 0.0076 15.5792 0.0077 15.5314 0.0049
52.920185 -28.01016 27 0.981 15.5896 0.0142 15.3844 0.0097 15.317 0.0051 15.3339 0.0089
52.37947 -27.876291 21 0.986 15.7402 0.0075 15.0881 0.0163 14.6313 0.0061 14.4861 0.0047
52.263703 -28.118104 14 0.9790000000000001 16.7139 0.0131 16.4356 0.0235 16.3117 0.0073 16.3155 0.0186
52.626054 -28.397875 12 0.983 17.2684 0.0122 16.4049 0.0119 15.9079 0.0097 15.6796 0.0063
52.779971999999994 -28.355157000000002 15 0.985 14.7822 0.0066 14.4455 0.0061 14.2366 0.0064 14.1858 0.0061
52.834056999999994 -27.880937 13 0.982 nan nan 17.7514 0.0741 16.5658 0.0142 16.1193 0.0082
52.388752000000004 -27.8634 8 0.981 nan nan nan nan 17.3006 0.0102 16.9592 0.0077
52.532426 -28.395445000000002 19 0.9990000000000001 10.6743 0.0069 10.5272 0.0053 10.4892 0.0061 10.5276 0.0061
52.596301000000004 -28.401678000000004 16 0.9840000000000001 14.7121 0.0069 14.3728 0.0066 14.2146 0.0061 14.1806 0.0061
52.626072 -27.798084000000003 15 0.982 18.078 0.1289 17.1558 0.0491 16.2163 0.0081 15.8568 0.0051
52.39728 -27.853986 18 0.9840000000000001 15.1946 0.0209 14.9384 0.0077 14.8079 0.0053 14.8046 0.0091
52.88873 -28.266847 12 0.981 18.3974 0.0239 17.5758 0.0439 16.3435 0.0055 15.8983 0.0056
52.912558999999995 -27.971215 17 0.981 17.6451 0.013999999999999999 16.8935 0.0156 16.4528 0.0086 16.3176 0.0191
52.61224 -28.404909000000004 13 0.982 18.3081 0.0598 17.2948 0.0811 16.2825 0.0078 15.8194 0.0089
52.702397999999995 -27.808605 10 0.956 nan nan nan nan 18.1455 0.0212 17.8448 0.0126
52.496660999999996 -28.391524 14 0.9790000000000001 17.0738 0.0118 16.9236 0.0294 16.7889 0.0147 16.797 0.0145
52.93827099999999 -28.167314 25 1.0 12.9802 0.0053 12.7719 0.0065 12.6498 0.0049 12.6439 0.0048
52.803416000000006 -28.35006 8 0.965 nan nan 18.5682 0.0348 17.2392 0.0205 16.612000000000002 0.0098
52.84391 -27.880113 15 1.0 10.3103 0.0055 9.5277 0.0107 8.966000000000001 0.0105 nan nan
52.378684 -27.861932 16 0.983 17.2477 0.019 16.3311 0.0112 15.2822 0.0067 14.9203 0.0048
52.542306999999994 -28.404595 12 0.983 17.9744 0.0654 17.0386 0.019 15.7972 0.0062 15.3018 0.0054
52.513056999999996 -28.399642 8 0.982 17.9992 0.0143 17.0053 0.0484 16.3042 0.0065 15.9827 0.0081
52.449225 -28.380561 6 0.972 17.812 0.0143 17.3791 0.0189 17.2054 0.0091 17.19 0.0343
52.491096999999996 -28.395440999999998 16 0.983 16.378 0.0179 16.0071 0.0069 15.7898 0.0083 15.7241 0.0079
52.640617000000006 -28.411984000000004 8 0.955 18.4199 0.0311 18.1601 0.0222 17.6903 0.0533 17.4668 0.028999999999999998
52.38155 -27.851176000000002 17 0.983 16.9492 0.0114 16.2699 0.0154 15.8389 0.0052 15.6819 0.0054
52.870466 -28.306295000000002 15 0.981 16.6263 0.0086 16.2213 0.0204 15.9639 0.0149 15.8859 0.0094
52.758256 -27.817333 0 0.9840000000000001 nan nan nan nan nan nan nan nan
52.890353000000005 -28.284964000000002 14 0.9840000000000001 17.6967 0.0435 16.7238 0.0079 15.2513 0.0074 14.7013 0.006999999999999999
52.754191000000006 -28.386315000000003 12 0.983 17.0316 0.0118 16.1768 0.0144 15.2671 0.0061 14.9282 0.0055
52.338031 -28.317172999999997 13 0.981 17.9756 0.0395 17.3095 0.0478 16.2687 0.02 15.9174 0.0184
52.607305000000004 -27.782475 28 0.981 16.325 0.0111 16.0878 0.0347 15.9675 0.0117 15.9599 0.0063
52.384462 -27.845679999999998 16 0.982 18.0912 0.0602 17.3514 0.0095 16.7552 0.0113 16.4986 0.0077
52.245027 -28.154301 19 0.9790000000000001 16.4801 0.0186 16.247 0.0114 16.125 0.0193 16.128 0.0149
52.615892 -27.782389000000002 7 0.98 nan nan nan nan 17.8799 0.0228 17.1533 0.0105
52.592968000000006 -27.782096999999997 12 0.976 nan nan nan nan 17.941 0.016 17.5891 0.018000000000000002
52.8223 -28.350884999999998 10 0.951 18.5246 0.0181 17.7219 0.0146 17.1195 0.0331 16.8661 0.0247
52.243432 -28.050935 12 0.983 nan nan 17.7658 0.0201 16.9565 0.0103 16.6549 0.0056
52.810488 -27.841488000000002 15 0.99 nan nan 17.7583 0.0102 16.7219 0.0154 16.2663 0.0125
52.772245 -27.820107 16 0.982 nan nan 18.0726 0.0429 17.0923 0.0075 16.7292 0.0147
52.956355 -28.047528000000003 24 0.995 14.5273 0.0113 13.9937 0.0065 13.6315 0.0048 13.5262 0.0048
52.493412 -28.40587 17 0.9790000000000001 16.6181 0.0193 16.261 0.0266 16.0363 0.0403 16.0081 0.0092
52.705161 -27.793684000000002 21 0.971 17.1754 0.0096 17.3705 0.0661 17.7812 0.0137 18.0016 0.0128
52.312548 -28.295663 19 0.9840000000000001 15.083 0.0075 14.7962 0.0056 14.6662 0.0061 14.6625 0.0061
52.331475 -27.884 16 0.985 16.1767 0.0097 15.4287 0.0163 14.6452 0.0052 14.3477 0.0048
52.957373 -28.040015999999998 10 0.9620000000000001 nan nan 17.8515 0.0152 17.2542 0.0105 17.0548 0.0233
52.703137 -28.409440000000004 20 0.986 14.4642 0.0073 14.1406 0.0062 13.9754 0.0053 13.9359 0.0053
52.75938000000001 -27.809153000000002 16 0.977 17.7621 0.0707 17.686 0.0381 17.6093 0.0118 17.5936 0.008
52.233859 -28.111739 21 0.9840000000000001 15.859000000000002 0.0197 15.5614 0.0199 15.3489 0.0108 15.3193 0.0131
52.315508 -27.896196000000003 7 0.961 nan nan nan nan 18.2278 0.0101 17.9244 0.0401
52.289082 -28.272239000000003 17 0.9890000000000001 14.7045 0.0154 14.467 0.0079 14.3483 0.0062 14.3444 0.0059
52.275628999999995 -27.948128000000004 17 0.996 16.0536 0.0113 15.12 0.0186 13.6695 0.0068 13.1391 0.0047
52.918939 -28.261499 9 0.9520000000000001 nan nan 17.8323 0.0156 17.1426 0.0092 16.8772 0.0141
52.231557 -28.096111999999998 21 0.983 16.3058 0.0313 16.0683 0.0287 15.9209 0.0183 15.924000000000001 0.0073
52.232203000000005 -28.077234999999998 9 0.9790000000000001 nan nan 17.7791 0.0671 17.2375 0.0078 16.9684 0.0062
52.27083 -27.952621999999998 6 0.9640000000000001 nan nan nan nan 18.1998 0.015 17.4713 0.0117
52.326788 -27.880664000000003 20 0.9990000000000001 11.1012 0.0094 10.9054 0.0061 10.8597 0.0083 10.9032 0.0061
52.581552 -27.774015000000002 23 0.983 16.6001 0.0071 16.0089 0.0326 15.585 0.0079 15.4501 0.0041
52.473591000000006 -28.407472 11 0.977 17.6578 0.0329 17.2814 0.0126 17.0076 0.0163 16.8717 0.0122
52.724436 -28.408599 18 0.99 11.9724 0.0055 11.8045 0.0053 11.7442 0.0061 11.7754 0.0061
52.765264 -28.39436 19 0.983 16.1681 0.0091 15.8545 0.0177 15.6725 0.0054 15.6417 0.0175
52.321884999999995 -27.881971000000004 26 0.988 14.6981 0.0139 14.2355 0.0113 13.9719 0.0088 13.9103 0.0043
52.45339499999999 -28.402057 14 0.983 15.5521 0.0118 15.3176 0.009000000000000001 15.167 0.0062 15.1262 0.0194
52.407725 -28.381867 17 0.983 15.3781 0.0089 15.1551 0.0063 15.0158 0.0068 15.0279 0.0063
52.345473 -28.340790999999996 14 0.982 17.7366 0.0218 16.8274 0.0219 16.1443 0.0061 15.9034 0.0187
52.948308 -28.218853000000003 17 0.9940000000000001 14.0359 0.0505 14.0074 0.0222 13.8984 0.0317 13.9598 0.0371
52.705291 -27.783432 11 0.965 nan nan nan nan 18.0416 0.018000000000000002 17.7458 0.0369
52.853390000000005 -28.343303000000002 10 0.981 17.3187 0.0655 16.9331 0.0487 16.5925 0.0078 16.4973 0.0122
52.56900699999999 -27.770719 8 0.961 nan nan nan nan 18.2898 0.024 18.2727 0.0136
52.57646999999999 -28.429826000000002 10 0.975 18.0372 0.013999999999999999 17.3746 0.0205 16.9927 0.0093 16.8102 0.0221
52.285664000000004 -28.282334999999996 8 0.9740000000000001 nan nan 17.8502 0.0418 17.1855 0.0124 16.9068 0.0152
52.971655000000005 -28.049173 16 0.975 16.8819 0.0083 16.6319 0.0063 16.4715 0.0061 16.4358 0.0057
52.970473 -28.042119 13 0.9570000000000001 17.7678 0.0224 17.4512 0.0787 17.1204 0.0325 17.0936 0.011000000000000001
52.526718 -27.774359000000004 17 0.9620000000000001 17.514 0.0349 17.0533 0.0363 16.6928 0.008 16.5813 0.0127
52.324049 -28.326265999999997 7 0.9790000000000001 nan nan 17.6802 0.0615 16.9169 0.0102 16.6382 0.0098
52.443252 -27.796805 23 0.983 16.6887 0.018000000000000002 16.3374 0.0131 16.0465 0.0132 15.9907 0.0054
52.450365000000005 -27.793964000000003 7 0.982 nan nan nan nan 17.3077 0.0077 16.8466 0.0155
52.755124 -27.796093 10 0.968 nan nan nan nan 17.9742 0.0136 17.3849 0.0254
52.976452 -28.130359999999996 28 1.0 10.4023 0.0057 10.2354 0.0067 10.1724 0.0053 10.2079 0.0057
52.228881 -28.037278000000004 18 0.981 17.6429 0.1207 17.2178 0.0483 16.922 0.0096 16.8143 0.0204
52.403357 -27.815216999999997 17 0.985 14.6802 0.0075 14.2327 0.0083 13.995999999999999 0.0068 13.9135 0.0094
52.332759 -28.336585999999997 7 0.951 nan nan 17.891 0.0389 17.6348 0.0228 17.4606 0.0457
52.901993000000004 -27.898981 6 0.968 nan nan nan nan 17.8295 0.0229 17.3051 0.0103
52.444208999999994 -27.793819 26 0.985 15.0196 0.0072 14.5587 0.0057 14.315 0.0047 14.2287 0.0056
52.864261 -27.857919 10 0.9620000000000001 17.9681 0.0972 17.8732 0.0351 17.7793 0.0094 17.7739 0.0256
52.223056 -28.046989 19 0.983 17.0009 0.0324 16.2036 0.0084 15.6072 0.0088 15.3844 0.0088
52.909511 -28.297590999999997 18 0.9840000000000001 15.2848 0.008 14.9293 0.0071 14.7536 0.0066 14.724 0.0057
52.815794 -27.821641999999997 8 0.97 nan nan nan nan 18.0881 0.0237 17.5246 0.0156
52.257007 -27.950698 10 0.981 nan nan nan nan 17.6072 0.0118 17.1867 0.0057
52.583183 -28.437428000000004 9 0.982 18.4017 0.0196 17.8306 0.0634 16.4627 0.0207 15.9502 0.0211
52.410392 -27.806656 20 0.9840000000000001 15.1343 0.0064 14.8649 0.0163 14.7416 0.0161 14.7496 0.0053
52.312940000000005 -27.876465000000003 17 0.982 17.6133 0.0359 17.3191 0.0744 17.257 0.0141 17.2443 0.0164
52.241915999999996 -27.979695 10 0.981 nan nan 17.7403 0.0751 17.0798 0.0076 16.8577 0.013000000000000001
52.76801700000001 -27.795503000000004 13 0.977 nan nan 18.2285 0.065 17.7696 0.0126 17.6805 0.0163
52.44259 -27.789331 10 0.978 nan nan 18.0954 0.0242 17.4692 0.0161 17.1666 0.0146
52.976296999999995 -28.025184000000003 16 0.9690000000000001 18.0961 0.0223 17.8004 0.0555 17.5301 0.0217 17.5274 0.0383
52.461873 -27.782097999999998 8 0.982 nan nan 18.1397 0.0283 16.727 0.0069 16.2228 0.0081
52.441526 -27.789508 5 0.978 nan nan 18.2273 0.0389 17.7466 0.0136 17.5756 0.0201
52.754568000000006 -28.412474 12 0.9740000000000001 18.3073 0.0219 17.6198 0.0564 17.0326 0.015 16.8692 0.011000000000000001
52.975722 -28.020721 8 0.96 nan nan nan nan 17.7699 0.0269 17.4023 0.0202
52.37238 -28.376755 20 0.992 14.1584 0.0064 13.390999999999998 0.0109 12.8058 0.0151 12.6277 0.0241
52.21545 -28.05776 14 0.98 16.7243 0.009000000000000001 16.0213 0.0069 15.3777 0.0087 15.1515 0.0095
52.320448 -28.337149 9 0.976 18.2425 0.0312 17.4892 0.0162 17.0945 0.0122 16.9425 0.0313
52.302539 -28.320372999999996 11 0.9790000000000001 17.8693 0.0198 17.3773 0.0516 16.7967 0.0066 16.6583 0.0213
52.525921 -28.436443 13 0.983 15.9214 0.0079 15.5903 0.0061 15.4096 0.0066 15.3516 0.0076
52.716671999999996 -28.426959000000004 14 0.978 17.2306 0.0255 17.0824 0.0384 16.9234 0.0088 16.9135 0.0293
52.764948 -28.410446000000004 20 0.983 16.0356 0.0086 15.850999999999999 0.009000000000000001 15.7645 0.0054 15.805 0.0153
52.56910799999999 -27.758074 19 0.982 16.4644 0.008 16.1354 0.0147 15.9364 0.0054 15.9231 0.0078
52.820083999999994 -27.81686 15 0.981 18.4765 0.0242 17.6792 0.0838 17.0049 0.0247 16.7139 0.0076
52.769974 -28.410414000000003 19 0.985 15.5688 0.0061 15.3089 0.0064 15.1618 0.0054 15.1386 0.0095
52.797555 -27.80245 6 0.955 nan nan nan nan 18.2917 0.0333 18.3291 0.0212
52.509736 -28.436065000000003 10 0.983 16.1489 0.0356 15.7792 0.0249 15.533 0.0085 15.4451 0.0176
52.376319 -27.816753000000002 18 0.985 16.8332 0.021 16.0033 0.0084 15.2902 0.0071 15.0401 0.0058
52.95596999999999 -27.952641999999997 14 0.987 15.7349 0.0264 15.3 0.0084 15.0367 0.0054 14.9553 0.0054
52.719691000000005 -28.430698 20 0.985 14.8538 0.0053 14.6053 0.0054 14.4594 0.0061 14.4462 0.0057
52.905335 -28.319793 11 0.982 18.1743 0.0442 17.3349 0.0096 16.1762 0.0131 15.7719 0.0084
52.95453199999999 -27.948333 13 0.9790000000000001 17.4381 0.0192 17.2551 0.0206 17.0655 0.01 17.0507 0.0227
52.963418000000004 -27.961952 6 0.975 nan nan nan nan 17.5231 0.066 17.3022 0.0537
52.204356 -28.087637 23 0.9990000000000001 13.0217 0.0055 12.6343 0.0077 12.4323 0.0069 12.395999999999999 0.0066
52.396356 -27.800511 6 0.9670000000000001 nan nan nan nan 18.1382 0.0142 17.7122 0.0235
52.655439 -28.446018 14 0.982 17.1444 0.0166 16.6302 0.0359 16.3387 0.0103 16.203 0.0159
52.98911700000001 -28.03037 19 0.968 17.5809 0.0182 17.2566 0.0121 16.9641 0.0213 16.9297 0.024
52.374972 -27.811463 18 0.983 17.2259 0.0146 16.3104 0.0153 15.5862 0.0086 15.2996 0.0062
52.83766899999999 -27.819390000000002 18 0.9790000000000001 17.5669 0.0104 16.6976 0.0164 15.8822 0.0088 15.6165 0.0054
52.594099 -28.450496 12 0.983 16.3991 0.0153 15.9667 0.0161 15.7127 0.0096 15.6043 0.0097
52.380971 -27.807219 28 0.988 15.334000000000001 0.0053 14.8789 0.0063 14.5756 0.01 14.4686 0.0043
52.998438 -28.099591999999998 24 0.9840000000000001 14.6769 0.0115 14.353 0.0063 14.1636 0.0047 14.1315 0.0047
52.331187 -28.359955 10 0.9790000000000001 nan nan 17.7747 0.0301 16.8309 0.0083 16.453 0.0297
52.208531 -28.033895 19 0.983 17.8276 0.025 17.0266 0.0206 16.4751 0.0075 16.2687 0.0082
52.346221 -27.827908 8 0.9790000000000001 nan nan 18.084 0.0457 17.374000000000002 0.0069 16.9942 0.0146
52.488071999999995 -28.438683 14 0.98 17.4987 0.0307 16.937 0.0178 16.494 0.0102 16.2956 0.0097
52.394143 -28.402963 8 1.0 10.3233 0.0264 9.4308 0.0105 nan nan nan nan
52.875735999999996 -27.844246999999996 28 0.987 14.0772 0.0048 13.8076 0.0063 13.6603 0.0049 13.6566 0.0043
52.985046 -28.199115999999997 30 0.997 13.5052 0.0047 13.2584 0.0043 13.1169 0.0043 13.1111 0.0045
52.303062 -27.862656 16 0.983 17.843 0.0095 17.1947 0.0639 16.9575 0.0178 16.8425 0.0091
52.468391000000004 -27.765956 8 0.98 nan nan nan nan 17.3897 0.0195 17.1671 0.008
52.972536 -28.232701000000002 14 0.963 17.7686 0.0592 17.0328 0.0378 16.5747 0.0114 16.4252 0.0196
52.21648 -27.995247999999997 23 0.9840000000000001 15.4855 0.0093 15.2433 0.006999999999999999 15.0884 0.0056 15.0663 0.0087
52.44339 -28.426519 5 0.96 nan nan nan nan 17.4559 0.0157 16.9914 0.0434
52.571404 -27.746187 9 0.977 nan nan nan nan 17.8794 0.0215 17.4309 0.0142
52.316332 -28.352896 15 0.983 16.6076 0.0273 16.2513 0.009000000000000001 16.0723 0.0132 16.0161 0.0236
52.923304 -28.313615000000002 16 0.985 14.6438 0.0092 14.3787 0.0065 14.2372 0.0073 14.2338 0.0061
52.715320999999996 -28.441453000000003 21 0.99 13.9343 0.0053 13.5433 0.0053 13.3012 0.0053 13.2269 0.0053
52.762058999999994 -28.426405 14 0.987 17.5627 0.0134 16.6449 0.0126 15.7711 0.0095 15.4188 0.0137
52.386165000000005 -27.796863000000002 26 0.987 14.3848 0.0053 14.1033 0.0053 13.9681 0.0049 13.9676 0.0048
52.323359 -27.838571 9 0.977 nan nan nan nan 17.7645 0.0114 17.3209 0.0133
52.294163 -28.337121000000003 7 0.966 nan nan nan nan 17.5585 0.0107 16.7628 0.0292
52.257393 -28.296611 10 0.983 17.1596 0.0288 16.4696 0.0094 15.7927 0.0092 15.5274 0.0263
52.210583 -28.210715999999998 17 0.98 17.5488 0.021 16.8391 0.0273 16.3094 0.0202 16.1151 0.0135
52.83319 -27.801296999999998 9 0.978 nan nan nan nan 17.4104 0.0487 17.0103 0.0162
52.738868000000004 -28.442463 17 0.987 14.4935 0.0061 14.0675 0.0091 13.8237 0.0061 13.7521 0.0065
52.764837 -27.766768 10 0.97 nan nan 18.0657 0.0194 17.8922 0.0138 17.7542 0.0231
52.358945 -28.395262 9 0.981 nan nan 18.0995 0.0184 16.6695 0.0143 16.1303 0.0209
52.987712 -27.964884 19 0.982 17.4821 0.0437 16.7372 0.0117 16.2676 0.0085 16.1123 0.0183
52.705305 -27.743978000000002 8 0.973 nan nan nan nan 18.0964 0.0066 17.7593 0.0083
53.018283999999994 -28.085528000000004 17 0.978 16.8151 0.0319 16.4476 0.0164 16.2147 0.0292 16.1089 0.0158
52.827413 -27.790004999999997 14 0.976 17.9334 0.046 17.6482 0.0167 17.4396 0.0193 17.4278 0.0113
52.77056700000001 -28.437901 17 0.986 16.0347 0.0178 15.6582 0.0105 15.4089 0.0065 15.3231 0.006
52.826322 -28.411471000000002 14 0.9790000000000001 17.5639 0.0193 17.076 0.0162 16.6672 0.0129 16.5337 0.006999999999999999
52.953697 -28.299477000000003 9 0.9540000000000001 17.9172 0.0779 17.6547 0.1081 17.3711 0.0091 17.3646 0.0171
52.401388 -28.427019 14 0.9790000000000001 17.1206 0.0428 16.4426 0.0284 15.9608 0.0277 15.748 0.017
52.566986 -27.730264000000002 10 0.978 nan nan nan nan 17.8733 0.0217 17.4085 0.0078
53.014952 -28.161069 15 0.9790000000000001 17.4607 0.0205 16.6378 0.0218 15.9071 0.0155 15.6409 0.008
52.699265000000004 -28.460628999999997 7 0.9540000000000001 nan nan 18.5738 0.0402 17.41 0.011000000000000001 16.9243 0.0165
52.519 -27.735671999999997 15 0.98 17.9466 0.0091 17.026 0.0304 16.1861 0.0057 15.8738 0.005
52.507323 -28.463628999999997 14 0.983 15.3499 0.013000000000000001 15.117 0.0134 15.0063 0.0061 15.0194 0.0061
52.184294 -28.033821000000003 10 0.9790000000000001 18.2914 0.027999999999999997 17.3522 0.0473 16.4014 0.0092 16.0093 0.0072
52.599277 -27.727217 12 0.9690000000000001 18.382 0.0332 18.1216 0.0487 18.0306 0.0382 18.0877 0.0295
52.402574 -27.770457 0 1.0 nan nan nan nan nan nan nan nan
52.510408 -27.735382 28 0.991 14.4421 0.0072 14.1333 0.01 13.949000000000002 0.009000000000000001 13.8949 0.0058
52.189248 -28.000784999999997 20 0.9840000000000001 16.0218 0.0155 15.7122 0.0068 15.4912 0.0072 15.4499 0.005
52.742495999999996 -28.454914000000002 14 0.9840000000000001 16.2969 0.0204 15.4143 0.0083 14.3856 0.0077 13.9549 0.0061
52.2651 -27.866484000000003 22 0.997 13.1234 0.0056 12.8121 0.0053 12.648 0.0047 12.6284 0.0047
52.695877 -28.467494 9 0.9520000000000001 18.0156 0.1133 17.7766 0.0137 17.6073 0.0629 17.6348 0.0211
52.975287 -28.282929 12 0.977 17.5504 0.0345 17.0187 0.0111 16.6694 0.0168 16.6305 0.0086
52.734103000000005 -27.740540999999997 36 0.985 13.9632 0.0079 13.6281 0.0087 13.4432 0.0069 13.4237 0.0085
52.684102 -28.471242999999998 17 0.982 16.5786 0.0157 16.3154 0.0119 16.1495 0.0073 16.1256 0.006999999999999999
52.177269 -28.169235999999998 16 0.9990000000000001 13.0474 0.0075 12.6946 0.0099 12.4655 0.0092 12.3869 0.0061
52.738125 -27.740413 26 0.981 16.7055 0.0116 16.3581 0.0099 16.1455 0.0097 16.1129 0.0108
52.170074 -28.069546000000003 23 0.996 13.3515 0.0053 13.032 0.0102 12.8393 0.0043 12.785 0.0081
52.167331 -28.108604999999997 7 0.956 nan nan nan nan 17.7602 0.0132 17.1489 0.0167
52.188775 -28.219593 7 0.975 nan nan 17.8171 0.11199999999999999 16.9667 0.0217 16.5583 0.0429
52.759524 -27.744831 10 0.98 nan nan nan nan 17.5722 0.0169 17.1533 0.0077
52.404027 -28.441211 10 0.9740000000000001 17.5245 0.012 16.8246 0.0196 16.3499 0.008 16.1313 0.0145
52.6643 -27.721865 31 0.9990000000000001 13.5426 0.0061 13.1226 0.0054 12.8517 0.0047 12.7706 0.004
52.696828000000004 -27.726503000000005 18 0.983 18.3177 0.0535 17.3194 0.024 15.9799 0.0109 15.4466 0.0069
52.402194 -27.758585999999998 0 1.0 nan nan nan nan nan nan nan nan
52.168085 -28.053477 11 0.978 nan nan 17.9704 0.0205 17.7462 0.0076 17.6186 0.0145
52.176735 -28.011053000000004 16 0.982 17.757 0.0513 17.2359 0.0507 16.9133 0.0056 16.8152 0.0105
52.346764 -27.787913 22 0.983 16.2761 0.0108 16.0895 0.0093 15.9841 0.0137 15.9947 0.0052
52.979725 -28.288846000000003 15 0.982 16.5735 0.0162 15.9425 0.0065 15.5308 0.0056 15.3825 0.0077
52.456123 -27.737332000000002 21 0.9940000000000001 13.3105 0.0078 12.8551 0.0064 12.5876 0.0117 12.4761 0.0053
52.402122 -27.757361 0 1.0 nan nan nan nan nan nan nan nan
52.435604000000005 -28.456773 20 0.9840000000000001 15.5735 0.0088 15.1904 0.0099 14.9682 0.0053 14.9202 0.0072
52.770718 -28.45597 7 0.9740000000000001 nan nan nan nan 17.3479 0.013000000000000001 16.749000000000002 0.0367
52.260739 -28.345414 12 0.983 17.0228 0.0141 16.1824 0.0429 15.68 0.0208 15.4985 0.0136
53.037968000000006 -28.081726 16 0.9840000000000001 15.162 0.0075 14.7941 0.0088 14.5452 0.0068 14.4906 0.0066
52.689448 -27.720569 11 0.978 nan nan nan nan 17.8441 0.0072 17.4502 0.0144
52.783908 -27.748008000000002 8 0.97 nan nan nan nan 18.0855 0.0487 17.9423 0.0459
52.437847 -28.461235 7 0.975 nan nan 17.7087 0.0213 17.0172 0.0254 16.7724 0.0193
52.75844300000001 -27.737539 30 0.997 13.7294 0.0053 13.4941 0.009000000000000001 13.384 0.004 13.3812 0.004
52.30213 -27.813796000000004 11 0.981 nan nan 18.1127 0.0219 17.3409 0.0122 17.0571 0.015
52.722212 -27.726522999999997 11 0.981 nan nan nan nan 17.3921 0.0155 16.9999 0.0127
52.227897 -27.890165000000003 13 0.982 18.1966 0.0361 17.4766 0.0793 17.0866 0.011000000000000001 16.9111 0.0154
52.63039499999999 -27.71065 17 0.983 nan nan 17.5742 0.0441 16.3743 0.012 15.9124 0.0058
52.271289 -27.838348999999997 6 0.97 nan nan nan nan 18.2699 0.0391 17.6641 0.0102
53.022252 -27.981237 15 0.98 17.5157 0.0116 17.1068 0.0149 16.8136 0.033 16.7148 0.0194
52.675273 -27.714005 14 0.983 17.9832 0.0227 17.5013 0.0196 17.2216 0.0062 17.1593 0.0191
52.377139 -27.760219 8 0.985 nan nan nan nan 17.3634 0.0101 17.0166 0.0098
52.36197 -27.768138 6 0.9620000000000001 nan nan nan nan 18.1416 0.0228 17.9254 0.0095
52.990066000000006 -28.291306 20 0.9990000000000001 11.755 0.0067 11.6034 0.0053 11.55 0.0061 11.5889 0.0053
52.221384 -27.890418 26 0.9840000000000001 15.4736 0.0062 15.2617 0.0163 15.1003 0.0075 15.0918 0.0043
52.721093 -27.720074 9 0.966 nan nan nan nan 18.336 0.0146 18.1801 0.0802
52.243571 -27.861694 10 0.981 nan nan nan nan 17.4898 0.0195 16.8492 0.0216
52.895697999999996 -27.803841 23 0.9840000000000001 15.732999999999999 0.0122 15.4815 0.0109 15.3324 0.0055 15.343 0.005
52.178113 -28.233203999999997 6 0.9570000000000001 18.0725 0.0286 17.6207 0.0563 17.6055 0.0079 17.6343 0.0739
52.750685 -28.47257 14 0.98 17.3471 0.0106 16.957 0.0469 16.6945 0.0262 16.5788 0.022000000000000002
52.462474 -28.476886 11 0.9840000000000001 16.6942 0.012 15.7777 0.0102 14.9797 0.0061 14.6907 0.01
52.371421000000005 -28.441670000000002 6 0.9620000000000001 nan nan nan nan 17.5417 0.0217 17.2709 0.0096
52.212679 -28.303424 7 0.9570000000000001 nan nan nan nan 17.5202 0.0411 17.0087 0.0234
52.179544 -27.958021999999996 6 0.9670000000000001 nan nan nan nan 18.198 0.0173 18.0636 0.0144
52.159026000000004 -28.019078999999998 25 0.985 16.6145 0.0313 16.1934 0.0194 15.9628 0.0093 15.9319 0.0069
53.005163 -28.275583 15 0.993 15.7621 0.0081 14.8756 0.019 13.6249 0.0053 13.1743 0.0058
52.236298 -28.336251 10 0.9690000000000001 17.8971 0.0292 17.5942 0.0513 17.3037 0.0496 17.2262 0.0342
52.480757 -27.71485 9 0.9740000000000001 nan nan 18.0823 0.0356 17.7515 0.0085 17.6149 0.021
52.16073 -28.197452000000002 16 0.961 17.5704 0.0145 17.1934 0.0577 16.9533 0.0118 16.8594 0.0331
52.861369999999994 -27.773658 22 0.983 16.1662 0.0107 15.6581 0.0115 15.2986 0.0051 15.177 0.0043
52.146621 -28.07944 8 0.973 nan nan 18.2424 0.0186 18.0701 0.0267 17.8764 0.0399
53.048075 -28.034171999999998 25 0.986 14.6501 0.0053 14.3822 0.0093 14.2298 0.009000000000000001 14.2145 0.006999999999999999
52.627653 -27.699502000000003 8 0.9620000000000001 18.3673 0.0382 18.0323 0.0353 17.9522 0.0103 17.847 0.0174
52.753876 -27.722388 25 0.982 16.8691 0.0286 16.2696 0.008 15.9172 0.0125 15.8084 0.0061
52.149998 -28.165566 10 0.95 17.6879 0.0251 17.1962 0.0178 16.8979 0.0082 16.7968 0.0107
53.040175 -27.994032 10 0.955 18.4439 0.0123 17.809 0.0122 17.4007 0.0243 17.2067 0.0214
52.142965999999994 -28.105764 17 0.9940000000000001 13.7117 0.0061 13.4599 0.0123 13.3385 0.0061 13.3416 0.0061
52.293665999999995 -27.800883000000002 5 0.9620000000000001 nan nan nan nan 18.3717 0.0308 17.9957 0.0105
52.540771 -27.699990999999997 8 0.963 nan nan nan nan 18.0763 0.0271 17.8726 0.0123
52.144233 -28.054710999999998 20 0.986 15.2221 0.0063 14.6881 0.012 14.3347 0.0053 14.22 0.0069
52.955982999999996 -28.356939 13 0.982 17.11 0.0164 16.5062 0.0288 16.2062 0.0063 16.0886 0.0061
53.054967000000005 -28.042261 16 0.982 17.0592 0.0076 16.1679 0.0089 15.4575 0.0086 15.1795 0.0055
52.156977000000005 -28.209206 12 0.982 nan nan 17.2751 0.0344 15.6546 0.0123 15.0967 0.0098
52.941385 -28.37405 15 0.9890000000000001 16.28 0.0068 15.3411 0.0079 14.0015 0.0062 13.5138 0.0053
52.260276 -27.823746000000003 12 0.9790000000000001 18.0856 0.019 17.948 0.0258 17.6547 0.0068 17.6801 0.0406
53.03347900000001 -28.243276 14 0.98 17.5664 0.0187 16.7229 0.022000000000000002 15.835 0.0148 15.5003 0.0133
52.97942 -27.866516999999998 26 0.9890000000000001 14.4939 0.0064 14.0696 0.0062 13.8011 0.0082 13.7111 0.0049
52.702352000000005 -28.498406 8 0.978 nan nan 18.6199 0.0512 17.0686 0.0118 16.5414 0.0098
52.82563100000001 -28.457023 13 0.976 17.8901 0.0154 17.3088 0.0093 17.0367 0.0357 16.8427 0.0206
52.263214000000005 -28.381559000000003 15 0.981 16.8733 0.0501 16.7796 0.0374 16.5943 0.0388 16.652 0.0097
52.448449 -27.711221000000002 23 0.982 16.7291 0.0076 16.4266 0.0082 16.244 0.0135 16.1963 0.0067
52.30812 -27.779197999999997 17 0.982 18.0102 0.0246 17.169 0.0132 16.6504 0.0153 16.4209 0.0073
52.343076 -28.445714000000002 11 0.982 18.0796 0.042 17.325 0.0152 16.3128 0.0102 15.905999999999999 0.011000000000000001
52.658512 -28.510316999999997 18 0.997 12.0289 0.0061 11.7758 0.0061 11.6357 0.0061 11.6253 0.0053
52.217796 -27.860931 8 0.976 nan nan nan nan 17.9052 0.0064 17.7128 0.0241
52.756730000000005 -27.709524 32 0.987 15.08 0.0064 14.8413 0.0053 14.7285 0.0049 14.718 0.0066
52.605035 -27.684905 4 0.966 nan nan nan nan 18.2638 0.0525 17.8704 0.0114
52.214216 -28.338764 8 0.972 nan nan 17.812 0.022000000000000002 17.2474 0.0392 16.9961 0.0453
52.907168000000006 -28.415803999999998 13 0.975 17.3295 0.0186 17.1366 0.0192 16.9139 0.0066 16.8688 0.0077
52.5673 -27.684764 16 0.99 15.4896 0.0096 14.6236 0.0061 13.9205 0.0061 13.6588 0.0061
52.187583000000004 -27.897134 8 0.976 nan nan nan nan 17.5914 0.0311 17.1982 0.0164
52.771204000000004 -27.711578000000003 37 0.9840000000000001 15.203 0.0095 14.9054 0.005 14.7594 0.0075 14.7245 0.005
52.312259000000005 -28.431833 10 0.97 17.5604 0.0825 17.4204 0.0237 17.2528 0.0087 17.2652 0.0153
52.90059300000001 -28.423053000000003 15 0.983 16.4866 0.0191 16.182000000000002 0.0189 16.0272 0.0061 16.0119 0.0172
52.654621999999996 -27.684583 6 0.9620000000000001 nan nan nan nan 18.3737 0.0234 18.3099 0.0423
52.929157999999994 -27.7993 20 0.985 15.5816 0.0107 14.8354 0.0074 14.3268 0.0073 14.1431 0.0076
52.278098 -27.793169 12 0.9840000000000001 17.1191 0.0597 16.2846 0.0362 15.5167 0.0073 15.2417 0.0069
52.287276 -27.785624 22 0.9840000000000001 15.3138 0.0104 15.0391 0.009000000000000001 14.85 0.005 14.8377 0.0062
52.881452 -28.437224 14 0.983 16.124000000000002 0.0201 15.6109 0.0131 15.297 0.0063 15.1989 0.0085
52.845966000000004 -28.458419 15 0.985 14.9177 0.0221 14.4868 0.015 14.206 0.0114 14.1094 0.0087
53.06985400000001 -28.039544 20 0.981 16.7745 0.0086 16.529 0.0144 16.285 0.0218 16.2368 0.0169
52.970608 -27.83833 10 0.9790000000000001 17.8658 0.0235 17.6595 0.0137 17.4513 0.0581 17.4704 0.0337
52.744172999999996 -27.700405 9 0.9790000000000001 nan nan nan nan 17.7003 0.02 17.1074 0.0088
52.987238 -28.344146999999996 15 0.981 16.7822 0.0078 16.368 0.0125 15.9968 0.0092 15.8712 0.0056
53.016971 -27.898642 23 0.9840000000000001 14.8969 0.0073 14.6412 0.0093 14.5168 0.0054 14.4999 0.0048
52.165508 -28.2719 15 0.98 17.1942 0.0333 16.9343 0.0233 16.7776 0.026000000000000002 16.7703 0.0116
52.599481000000004 -28.520453999999997 15 0.982 16.9289 0.016 16.6592 0.0149 16.4634 0.0179 16.4102 0.0094
52.498697 -28.511003999999996 13 0.983 17.7224 0.0116 16.7922 0.0129 15.9394 0.0191 15.6359 0.0057
52.972816 -28.362908 15 0.98 16.8619 0.0227 16.5887 0.0225 16.433 0.0065 16.4145 0.0084
52.826042 -28.470668 20 0.983 15.8224 0.0147 15.5699 0.0154 15.3938 0.0204 15.3705 0.0057
52.17962 -27.900278000000004 22 0.985 16.3934 0.0113 15.9336 0.0062 15.6593 0.0065 15.5617 0.0068
52.413329 -27.712064 19 0.983 16.0408 0.006999999999999999 15.7154 0.0083 15.5722 0.0122 15.5173 0.0069
52.861739 -27.747246999999998 24 0.996 12.5444 0.0053 12.0458 0.0057 11.7369 0.0053 11.6203 0.0047
52.136733 -27.996246999999997 6 0.965 nan nan nan nan 18.1229 0.0181 17.9085 0.021
53.003675 -28.326927 21 0.9990000000000001 13.472999999999999 0.006 13.0327 0.0059 12.7926 0.0053 12.7293 0.0053
52.563188000000004 -28.520853999999996 15 0.9840000000000001 17.0055 0.0205 16.1545 0.0166 15.1959 0.0063 14.831 0.0096
53.078527 -28.087752000000002 18 0.992 14.1212 0.0062 13.7509 0.0067 13.5311 0.0061 13.489 0.0053
52.654408999999994 -27.680388 29 0.987 14.8758 0.006 14.6573 0.0117 14.5335 0.0082 14.527000000000001 0.0045
52.768778000000005 -27.704657 7 0.977 nan nan nan nan 17.8927 0.0414 17.326 0.0135
52.72284499999999 -27.690206 11 0.981 nan nan nan nan 17.484 0.0081 16.997 0.0307
52.799114 -27.713584 29 0.983 15.7301 0.0082 15.4679 0.0053 15.3261 0.009000000000000001 15.2714 0.0055
52.468973999999996 -28.509491999999998 14 0.986 15.870999999999999 0.0063 15.0619 0.0095 14.4907 0.0061 14.2856 0.0053
52.213411 -28.355085 20 0.9840000000000001 15.4496 0.0086 15.1017 0.0065 14.8833 0.0084 14.8397 0.0056
53.079167000000005 -28.154586 19 1.0 13.5852 0.0063 13.0584 0.0057 12.7424 0.0053 12.6358 0.0053
52.607073 -27.672771 19 0.982 16.4607 0.0093 16.0717 0.0082 15.8556 0.017 15.7959 0.0077
52.90595 -28.431603000000003 7 0.97 nan nan nan nan 17.317 0.0141 16.8267 0.0253
52.687855000000006 -28.520821 18 0.985 13.9274 0.0053 13.7617 0.0061 13.6751 0.0061 13.7017 0.0053
52.120968 -28.168956 11 0.978 17.2542 0.0119 17.0526 0.0171 16.8871 0.0088 16.8548 0.0128
53.08186 -28.049064 5 0.976 nan nan nan nan 17.2743 0.0118 16.9407 0.0323
52.520208 -28.522516999999997 12 0.983 16.1148 0.0097 15.9082 0.0094 15.8859 0.0107 15.8745 0.0189
52.633098 -28.527525 11 0.983 18.558 0.0344 17.698 0.026000000000000002 16.1251 0.016 15.5362 0.0071
52.409822 -28.494521999999996 9 1.0 9.4937 0.0074 9.2661 0.0105 9.1535 0.0105 nan nan
53.08655699999999 -28.109314 4 0.9590000000000001 nan nan nan nan 17.4314 0.0091 16.9423 0.0093
52.626916 -27.671284999999997 19 0.973 16.6578 0.0081 16.3985 0.0273 16.2847 0.0246 16.2817 0.0094
52.315306 -28.448957 14 0.98 17.1453 0.0425 16.979 0.0408 16.8123 0.0078 16.7792 0.0395
53.011320999999995 -28.331714 10 0.98 nan nan 17.5776 0.0172 16.569000000000003 0.0151 16.1426 0.0068
53.041745999999996 -28.283185999999997 15 0.977 16.8436 0.0256 16.6067 0.0068 16.4685 0.0143 16.4269 0.0107
53.055969999999995 -27.947712 13 0.981 17.3629 0.0808 17.0505 0.0275 16.9094 0.0128 16.8974 0.0178
52.783076 -28.500365999999996 15 0.997 12.4789 0.0066 12.235 0.0062 12.1025 0.0071 12.0875 0.0061
52.19536 -28.343658 11 0.9790000000000001 16.6819 0.0159 16.4281 0.0075 16.2824 0.0068 16.289 0.0074
52.453001 -27.687908 21 0.997 12.2721 0.0053 11.9795 0.0082 11.8167 0.0121 11.7642 0.0053
52.967886 -28.385811 7 0.9640000000000001 nan nan nan nan 17.5976 0.0176 16.887 0.0223
52.144402 -28.261716999999997 13 0.986 16.2493 0.009000000000000001 15.2912 0.0067 13.9058 0.0079 13.3882 0.0089
52.652373 -27.669197999999998 29 0.9840000000000001 14.6872 0.006999999999999999 14.4971 0.0119 14.408 0.0064 14.4096 0.0065
52.36376 -28.480218 20 0.99 12.4096 0.0053 12.1275 0.0053 11.9808 0.0066 11.9662 0.0053
52.333608 -27.735768 22 0.9990000000000001 13.3658 0.0079 13.120999999999999 0.0064 12.9972 0.0105 12.9729 0.0047
53.084472999999996 -28.026248 21 0.982 16.136 0.0075 15.925999999999998 0.0074 15.8286 0.0131 15.8439 0.0111
53.086985999999996 -28.039665999999997 17 0.9790000000000001 17.1117 0.0113 16.8155 0.0189 16.6618 0.0199 16.6911 0.0159
52.575869 -28.53371 8 0.982 18.6243 0.0168 17.9473 0.0507 16.2671 0.0086 15.6581 0.0075
52.256541999999996 -28.411590999999998 6 0.9620000000000001 nan nan nan nan 17.5792 0.0407 16.9377 0.0327
52.146722 -27.930565 0 1.0 nan nan nan nan nan nan nan nan
52.645102 -28.53282 20 0.985 14.3941 0.0053 14.1247 0.0053 13.9746 0.0061 13.9694 0.0054
52.220172999999996 -28.378246999999998 13 0.983 17.839000000000002 0.0309 16.9591 0.0153 15.854000000000001 0.0171 15.4067 0.0128
52.443666 -27.68732 21 0.982 16.8158 0.0283 16.6053 0.0185 16.4754 0.0185 16.4708 0.0129
52.758224 -28.512345 13 0.981 17.4545 0.0191 16.9319 0.0211 16.5373 0.0266 16.4143 0.0191
52.852793999999996 -27.725973 7 0.9640000000000001 nan nan nan nan 17.8703 0.042 17.5184 0.0576
52.309827 -28.453535 9 0.98 nan nan 17.4332 0.0205 16.8232 0.0137 16.5661 0.0066
52.105632 -28.086075 22 0.983 16.0213 0.0066 15.8948 0.0237 15.7936 0.0061 15.8039 0.005
52.937307999999994 -27.780194 3 0.9540000000000001 nan nan nan nan 18.3267 0.0731 18.1436 0.0159
52.382325 -27.70699 7 0.9570000000000001 nan nan nan nan 18.909000000000002 0.0412 17.8733 0.0259
52.137969 -27.940590999999998 14 0.986 17.4438 0.0359 16.6064 0.0181 15.7347 0.006 15.4244 0.009000000000000001
52.104625 -28.133334 8 0.975 nan nan nan nan 17.4121 0.0255 16.7928 0.0128
52.758125 -27.684115999999996 0 0.9790000000000001 nan nan nan nan nan nan nan nan
52.94710799999999 -27.786148999999998 18 0.983 16.6335 0.0148 16.105999999999998 0.0083 15.7738 0.008 15.6227 0.0129
52.795113 -28.503915000000003 15 0.998 13.3956 0.0061 12.9761 0.0062 12.7003 0.0061 12.5987 0.0061
52.422990000000006 -27.689659999999996 8 0.98 nan nan nan nan 17.6555 0.0231 17.0635 0.032
52.164758 -27.886699 17 0.983 17.6265 0.0114 16.7734 0.0091 15.8342 0.0086 15.4874 0.0046
52.303712 -28.453884999999996 20 0.983 15.8402 0.0086 15.5596 0.0131 15.4471 0.0074 15.4297 0.0053
52.54998199999999 -28.537557 10 0.976 17.5239 0.0471 17.1821 0.0092 17.0598 0.0085 17.0238 0.0204
52.640604 -28.539052 20 0.983 16.1529 0.011000000000000001 15.9172 0.0061 15.7977 0.0143 15.7555 0.0105
52.511922 -28.535602 12 0.9840000000000001 15.5827 0.0081 15.0718 0.0078 14.7898 0.0092 14.6687 0.0085
53.093189 -28.018393 19 0.981 16.5543 0.0233 16.2107 0.0072 15.9554 0.0098 15.9052 0.0175
52.829489 -27.705851000000003 6 0.966 nan nan nan nan 18.1944 0.0139 17.7164 0.0113
52.110443 -28.000224 13 0.983 nan nan 17.5036 0.0501 16.2709 0.0066 15.8326 0.0051
52.269565 -27.765757 16 0.982 17.0421 0.0113 16.8456 0.0204 16.8625 0.0131 16.9367 0.0379
52.353269 -28.487353999999996 16 0.983 16.0925 0.0225 15.7892 0.0164 15.5519 0.0137 15.493 0.006
52.992154000000006 -27.821857 19 0.982 16.6507 0.0062 16.4501 0.0075 16.3423 0.009000000000000001 16.3457 0.0185
52.703734999999995 -28.534909000000003 20 0.983 16.3074 0.0078 16.1233 0.0065 15.9774 0.006 15.9885 0.016
53.045280000000005 -27.891678999999996 9 0.9790000000000001 nan nan 17.9122 0.0202 17.5224 0.0546 17.425 0.037000000000000005
52.348991 -27.713588 21 0.988 14.1936 0.0061 13.6684 0.0064 13.3126 0.0176 13.1442 0.0053
52.862576000000004 -27.719376 20 0.983 16.8558 0.0119 16.0245 0.0155 15.052 0.006999999999999999 14.7027 0.0057
52.88135 -27.729979999999998 25 0.983 16.0865 0.0065 15.8114 0.0052 15.629000000000001 0.005 15.6192 0.0077
53.020415 -28.348788 13 0.98 16.7202 0.0081 16.4582 0.0074 16.2118 0.0064 16.1655 0.0137
52.115178 -27.971231 7 0.966 nan nan nan nan 18.2289 0.0089 18.0032 0.0211
52.219151000000004 -27.805473 24 0.985 15.8349 0.0069 15.4806 0.0123 15.248 0.0082 15.1875 0.0071
52.779098 -27.681778 30 0.991 12.9557 0.0047 12.5285 0.0043 12.2877 0.0047 12.218 0.0069
52.220934 -28.397956 14 0.983 16.4071 0.0202 15.9382 0.0114 15.6499 0.006 15.5775 0.0094
52.120627 -27.954244 10 0.981 nan nan 18.1764 0.0149 17.1364 0.0071 16.822 0.0075
52.107611999999996 -28.21015 12 0.982 17.6824 0.018000000000000002 16.826 0.0339 15.9768 0.0056 15.6124 0.0243
52.46909300000001 -28.532816999999998 10 0.98 nan nan 17.7317 0.0744 16.6733 0.0122 16.3236 0.0214
52.406094 -27.686071999999996 6 0.9740000000000001 nan nan nan nan 17.885 0.0235 17.4946 0.0169
52.11111 -28.222456 17 0.987 14.8646 0.0129 14.4878 0.0061 14.2533 0.0069 14.1769 0.0088
52.096121999999994 -28.042121 14 0.982 18.0149 0.1067 17.2626 0.0201 16.6676 0.0056 16.4028 0.006
52.126673 -27.937040000000003 7 0.978 nan nan nan nan 18.327 0.0177 17.7372 0.0235
52.999212 -27.821401 26 0.9940000000000001 13.2676 0.0047 13.0769 0.0066 12.9892 0.0047 12.9972 0.0043
52.190332 -28.368358 11 0.983 17.176 0.1453 16.5184 0.03 16.201 0.0138 16.0586 0.0244
52.63835400000001 -27.651116 7 0.975 nan nan nan nan 17.7135 0.0089 17.4116 0.0415
53.110741000000004 -28.082946000000003 16 0.982 15.9828 0.0172 15.4981 0.0089 15.2144 0.0086 15.1523 0.0106
52.206238 -27.812966999999997 10 0.983 nan nan nan nan 16.7897 0.0129 16.4439 0.0094
52.303538 -27.732814 12 0.9840000000000001 nan nan 17.7273 0.0413 16.5333 0.0135 16.1315 0.0066
52.28154 -27.747109000000002 8 0.975 nan nan nan nan 17.9569 0.0159 17.5778 0.0246
53.09308299999999 -28.22383 14 0.975 16.250999999999998 0.0123 15.9405 0.006999999999999999 15.7676 0.0099 15.7675 0.0066
53.10220699999999 -28.007191 7 0.975 nan nan 18.1193 0.0233 17.2979 0.0103 16.9643 0.0113
52.631947 -27.648058000000002 10 0.971 nan nan 18.0291 0.0723 18.1047 0.0458 18.0897 0.0384
52.911712 -27.739758000000002 6 0.975 nan nan nan nan 17.7763 0.033 17.3531 0.0082
52.293069 -28.464264 17 0.986 15.0046 0.0143 14.5675 0.0121 14.2858 0.0061 14.1789 0.0053
52.096189 -28.009375 22 0.983 16.3951 0.0071 16.0858 0.0258 15.8657 0.0053 15.7946 0.0114
52.796138 -28.520222999999998 12 0.983 16.5976 0.0086 15.9591 0.016 15.5156 0.0067 15.3174 0.0245
52.537517 -28.551028999999996 14 0.982 16.8866 0.0151 16.5578 0.0149 16.3363 0.0126 16.2332 0.0159
52.802347999999995 -28.518221 15 0.988 14.9833 0.0103 14.5121 0.0061 14.2449 0.0061 14.1726 0.0061
53.094083 -27.968207 17 0.9990000000000001 10.8054 0.0061 10.5851 0.0061 10.4917 0.0066 10.514000000000001 0.0116
52.63085 -28.55565 19 0.9840000000000001 15.0441 0.0073 14.7611 0.0112 14.5933 0.0076 14.5673 0.0056
52.170918 -28.356471999999997 11 0.983 16.6537 0.0627 16.3286 0.0325 16.1164 0.013999999999999999 16.0275 0.0108
52.233346999999995 -27.777441999999997 5 0.965 nan nan nan nan 18.2047 0.0096 18.0869 0.0541
52.755417 -27.663878999999998 23 0.983 16.651 0.0135 16.0955 0.0207 15.7529 0.0055 15.6375 0.0054
53.023833999999994 -27.837389 7 0.97 nan nan nan nan 18.1145 0.0435 17.576 0.0387
52.47564499999999 -28.544009000000003 14 0.982 16.915 0.0132 16.7062 0.018000000000000002 16.5339 0.0076 16.5023 0.0161
52.293209000000004 -28.469362 6 0.9520000000000001 nan nan nan nan 17.5169 0.0371 16.9935 0.0091
52.130415 -27.905654 19 0.9840000000000001 16.2598 0.0099 15.8526 0.0123 15.5356 0.0073 15.4506 0.0116
52.339611 -27.703241 4 0.963 nan nan nan nan 18.4681 0.0096 18.0515 0.0149
53.066644999999994 -27.897277000000003 9 0.975 nan nan 17.8364 0.0368 17.4244 0.0339 17.1541 0.0123
52.849011 -27.696286999999998 5 0.972 nan nan nan nan 17.9095 0.01 17.4358 0.0172
52.673911 -28.556128 15 0.981 17.0677 0.0231 16.8093 0.0116 16.6279 0.008 16.6133 0.0256
53.112292000000004 -28.194573 15 0.978 16.5413 0.0175 16.1389 0.0171 15.8889 0.0056 15.8251 0.0057
52.956058999999996 -28.439359999999997 7 0.976 nan nan 18.4197 0.0297 17.0359 0.0082 16.529 0.0082
52.085627 -28.189004999999998 16 0.981 16.6597 0.019 16.2929 0.0362 16.0324 0.0129 15.9621 0.0099
52.142626 -27.874371000000004 8 0.975 nan nan nan nan 17.454 0.0241 17.0526 0.0153
52.213516999999996 -27.787440999999998 7 0.973 nan nan nan nan 17.9003 0.0086 17.8361 0.0095
52.103913 -27.948402 24 0.991 13.7254 0.0083 13.5119 0.0065 13.3844 0.0058 13.399000000000001 0.0054
52.519139 -27.641821000000004 16 0.99 14.6919 0.0062 14.1923 0.0095 13.8957 0.0061 13.7861 0.0061
52.874377 -27.704702 19 0.983 16.2587 0.0167 15.4131 0.0108 14.6914 0.0058 14.4067 0.006
52.601942 -27.636105999999998 13 0.982 18.417 0.0699 17.4924 0.0163 16.629 0.0092 16.2578 0.0121
52.73928000000001 -27.652553 8 0.982 nan nan 17.896 0.0319 16.7258 0.0094 16.3402 0.0142
52.243126000000004 -28.442153 10 0.982 16.9963 0.1107 16.6423 0.0195 16.4676 0.0138 16.4032 0.0076
52.272211 -27.736512 17 0.983 16.7354 0.0094 16.394000000000002 0.0107 16.1567 0.0114 16.0873 0.0073
53.034153 -27.837197999999997 4 0.9690000000000001 nan nan nan nan 18.1651 0.0464 17.8099 0.0365
52.073109 -28.077554 5 0.963 nan nan nan nan 18.4556 0.037000000000000005 18.4126 0.0457
53.04544 -28.350174 6 0.9590000000000001 nan nan nan nan 17.5072 0.0096 17.0335 0.0341
52.446528 -27.654418 15 0.996 15.9228 0.0131 15.0088 0.0062 13.8687 0.0085 13.4452 0.0061
52.720867000000005 -27.646452000000004 7 0.9740000000000001 nan nan nan nan 18.1524 0.0078 18.0415 0.0583
52.146303 -28.339746999999996 7 0.9740000000000001 nan nan 18.3403 0.035 17.3829 0.0088 16.9602 0.0287
52.073373 -28.055383000000003 17 0.982 17.9975 0.0281 17.1816 0.0189 16.7126 0.0053 16.5169 0.0066
52.421316 -27.660262 7 0.9670000000000001 nan nan nan nan 17.9566 0.0514 17.6166 0.0236
53.001093000000004 -27.795257 15 0.982 18.1071 0.0771 17.3389 0.0147 16.515 0.006 16.24 0.011000000000000001
52.357157 -28.515853999999997 20 0.991 12.3598 0.0081 12.1929 0.0055 12.1295 0.0061 12.164000000000001 0.0053
52.76686 -28.544869 12 0.973 17.8174 0.125 17.3743 0.0115 17.0252 0.0332 16.9334 0.0283
52.205622 -27.786684 6 0.955 nan nan nan nan 18.313 0.0108 17.822 0.0184
52.074226 -28.034094 9 0.98 nan nan nan nan 17.5842 0.0152 17.2572 0.0078
52.338255 -27.692306 6 0.978 nan nan nan nan 17.7961 0.039 17.3491 0.0101
52.304328000000005 -27.71075 14 0.983 18.3532 0.0356 17.4273 0.0163 16.7572 0.0176 16.4819 0.0119
52.125021000000004 -28.311315000000004 14 0.988 14.6722 0.0074 14.1166 0.0064 13.7549 0.0062 13.6132 0.0061
52.838993 -27.680888 5 0.9540000000000001 nan nan nan nan 18.11 0.0233 17.7391 0.0135
52.53335799999999 -27.633992 21 0.9940000000000001 13.6217 0.0109 13.2276 0.0095 13.0322 0.0064 12.9829 0.0055
52.459799 -28.553446 9 0.9790000000000001 17.2979 0.013000000000000001 16.801 0.009000000000000001 16.5465 0.0164 16.4451 0.025
52.724153 -27.642876 9 0.977 nan nan 17.8833 0.0894 17.1144 0.0259 16.8561 0.0116
52.465826 -27.644340999999997 0 1.0 nan nan nan nan nan nan nan nan
