ra dec ngood class_star g_psf e_g_psf r_psf e_r_psf i_psf e_i_psf z_psf e_z_psf
192.500291 -41.336201 5 0.97 nan nan nan nan 18.4465 0.0186 18.2613 0.0098
192.492671 -41.332074 6 0.966 nan nan nan nan 18.1828 0.0153 18.1226 0.0369
192.51100300000002 -41.332105 6 0.973 nan nan 18.266 0.0202 18.0601 0.0089 17.9487 0.03
192.486156 -41.330851 22 0.986 15.1858 0.0085 14.855 0.0081 14.6482 0.0043 14.5666 0.0049
192.512821 -41.342319 5 0.977 nan nan nan nan 18.1282 0.0105 17.8442 0.0116
192.48176999999998 -41.328188 16 0.9990000000000001 15.1303 0.0107 14.1899 0.008 12.7362 0.0062 12.194 0.0058
192.481031 -41.324511 6 0.9740000000000001 nan nan nan nan 18.0854 0.0298 17.8733 0.0417
192.511255 -41.348927 21 0.9990000000000001 13.8349 0.0099 13.5279 0.0061 13.3331 0.0043 13.2721 0.0047
192.497571 -41.315486 5 0.982 nan nan nan nan 17.4968 0.0075 17.401 0.0097
192.491784 -41.316331 4 0.955 nan nan nan nan 18.7711 0.0201 18.5655 0.1678
192.485209 -41.31845 6 0.978 nan nan 17.839000000000002 0.0214 17.7279 0.0267 17.6103 0.0507
192.47826899999998 -41.322432 9 0.982 17.6734 0.0309 17.1623 0.0126 17.0061 0.0214 16.957 0.0091
192.52366899999998 -41.32476 18 0.9890000000000001 15.4051 0.0152 15.0856 0.0106 14.8665 0.0112 14.7862 0.0072
192.49911200000003 -41.355129999999996 6 0.971 nan nan nan nan 18.2892 0.03 18.1597 0.0091
192.519523 -41.316705999999996 4 0.977 nan nan nan nan 18.2254 0.0243 18.0466 0.0436
192.49068400000002 -41.312216 18 0.987 15.9105 0.0068 15.4851 0.0109 15.2431 0.0051 15.1863 0.0059
192.480943 -41.350694 8 0.981 nan nan 17.6911 0.0217 17.3715 0.0301 17.3106 0.0089
192.501549 -41.30993 15 0.983 17.2692 0.027000000000000003 16.6761 0.0314 16.2002 0.011000000000000001 16.0388 0.0107
192.49176 -41.310212 9 0.982 nan nan 17.2585 0.0413 16.9382 0.0114 16.7946 0.008
192.506073 -41.357586 7 0.981 nan nan 17.6813 0.0166 17.5848 0.0174 17.5143 0.0091
192.520409 -41.354025 6 0.98 nan nan nan nan 17.717 0.0082 17.2929 0.0259
192.525378 -41.315628000000004 16 0.9840000000000001 16.2599 0.0145 15.8102 0.0131 15.4894 0.0064 15.3616 0.0134
192.519421 -41.311554 22 0.997 13.7256 0.0105 13.4172 0.0062 13.2016 0.0043 13.1427 0.0047
192.490028 -41.306908 12 0.981 17.5622 0.033 17.1522 0.0151 16.7431 0.0112 16.5643 0.0062
192.512069 -41.306915000000004 4 0.951 nan nan nan nan 18.8819 0.0283 18.6023 0.0771
192.537911 -41.335218 13 0.993 16.8628 0.0197 16.3853 0.009000000000000001 16.0767 0.0063 15.9497 0.0087
192.47519 -41.356084 3 0.972 nan nan nan nan 18.4226 0.0408 18.3763 0.0165
192.52369299999998 -41.358922 6 0.978 nan nan 17.963 0.0145 17.7439 0.0103 17.6589 0.0134
192.484633 -41.303914 6 0.9740000000000001 nan nan nan nan 18.3102 0.0104 18.275 0.0203
192.472703 -41.307929 4 0.9790000000000001 nan nan nan nan 18.0131 0.0252 17.8652 0.0254
192.514739 -41.302446 7 0.98 nan nan 18.2739 0.0383 17.7416 0.0144 17.5132 0.019
192.53735700000001 -41.316246 6 0.9620000000000001 nan nan nan nan 18.3798 0.0356 18.3204 0.0121
192.54029 -41.317073 5 0.9690000000000001 nan nan nan nan 18.4691 0.0176 18.2832 0.0439
192.542032 -41.319606 17 0.991 15.402000000000001 0.0089 14.7722 0.0139 14.3361 0.0043 14.1342 0.0047
192.45641899999998 -41.344961 3 0.9640000000000001 nan nan nan nan 18.6018 0.0219 18.5972 0.0245
192.547845 -41.331911 6 0.972 nan nan nan nan 18.1922 0.0093 18.07 0.0463
192.545558 -41.347735 5 0.981 nan nan nan nan 18.2259 0.0352 18.0309 0.0113
192.503253 -41.296081 9 0.981 nan nan nan nan 17.3906 0.0357 16.7667 0.01
192.471936 -41.300197999999995 9 0.983 17.1879 0.0321 16.785 0.0197 16.5553 0.0288 16.5129 0.0081
192.450539 -41.346193 4 0.9690000000000001 nan nan nan nan 18.3386 0.0099 18.1817 0.0748
192.545283 -41.353627 11 0.983 nan nan 17.2114 0.055 16.4111 0.0137 16.0984 0.0095
192.552699 -41.325072999999996 5 0.9570000000000001 nan nan nan nan 18.6393 0.0325 17.6658 0.0086
192.450188 -41.316209 5 0.972 nan nan nan nan 17.948 0.0144 17.8801 0.0314
192.498294 -41.375048 7 0.976 nan nan nan nan 17.3032 0.0119 16.8129 0.0141
192.45073100000002 -41.353464 5 0.972 nan nan 18.125999999999998 0.0184 18.0091 0.0353 17.8492 0.015
192.44626399999999 -41.320029 10 0.983 nan nan 17.2649 0.0144 16.8099 0.0157 16.6003 0.0065
192.558274 -41.336290000000005 12 0.983 17.7287 0.0117 17.1777 0.0401 16.798 0.006 16.6341 0.0063
192.556751 -41.322708 5 0.9670000000000001 nan nan nan nan 18.7842 0.0491 18.3733 0.0423
192.44880600000002 -41.308840000000004 11 0.983 16.9699 0.0152 16.6299 0.0636 16.3043 0.0075 16.1992 0.0073
192.491037 -41.288038 14 0.983 17.441 0.0246 17.0345 0.0279 16.6421 0.0063 16.4803 0.0095
192.541301 -41.367209 7 0.981 nan nan nan nan 17.6588 0.016 17.3068 0.0085
192.53468700000002 -41.371359999999996 4 0.972 nan nan nan nan 18.2142 0.0105 18.0561 0.0274
192.45518 -41.301496 5 0.972 nan nan 17.933 0.0316 17.6728 0.0317 17.4657 0.0315
192.51378300000002 -41.288058 4 0.956 nan nan nan nan 18.7609 0.0374 18.6818 0.1168
192.43794499999998 -41.329343 5 0.981 nan nan nan nan 17.6805 0.0098 17.3938 0.0106
192.49927 -41.285866999999996 10 0.981 17.7223 0.0136 17.3656 0.0555 17.1803 0.0086 17.1149 0.0108
192.482803 -41.287296000000005 5 0.972 nan nan nan nan 18.4114 0.0085 18.0474 0.0162
192.438311 -41.316479 17 0.99 15.41 0.0136 14.8099 0.0075 14.4231 0.0044 14.2541 0.0047
192.43489 -41.345296999999995 6 0.971 nan nan nan nan 18.2526 0.0117 17.66 0.023
192.566991 -41.329856 8 0.983 nan nan 17.5313 0.0151 17.0982 0.0071 16.9117 0.0163
192.521059 -41.285449 6 0.9740000000000001 nan nan nan nan 17.910999999999998 0.0112 17.7475 0.0478
192.567341 -41.3275 8 0.981 nan nan 17.8864 0.0216 17.5171 0.0103 17.3658 0.0121
192.50011999999998 -41.28225 5 0.9740000000000001 nan nan nan nan 18.5749 0.0325 18.4796 0.035
192.432221 -41.328531 14 0.983 16.4372 0.032 16.0928 0.0088 15.8834 0.0092 15.8084 0.0058
192.562152 -41.35445 21 0.998 13.4771 0.0062 12.9646 0.0107 12.6397 0.0077 12.5121 0.0057
192.567905 -41.340792 6 0.958 nan nan nan nan 18.474 0.01 18.2149 0.0197
192.473364 -41.381642 13 0.996 13.2029 0.0074 12.8908 0.0162 12.7129 0.0099 12.6739 0.0061
192.566945 -41.318027 7 0.982 nan nan nan nan 17.3026 0.011000000000000001 16.6147 0.0088
192.451778 -41.295124 10 0.983 16.2374 0.028999999999999998 15.8812 0.0086 15.6002 0.0095 15.4999 0.0064
192.566655 -41.350142 17 0.9540000000000001 16.8624 0.0381 16.2434 0.0279 15.7886 0.0331 15.7136 0.0132
192.552658 -41.368749 15 0.983 16.7309 0.0124 16.3594 0.0162 16.0879 0.0057 16.0068 0.0056
192.517625 -41.281638 5 0.978 nan nan nan nan 17.8878 0.0105 17.7306 0.0099
192.44061100000002 -41.303756 17 0.985 15.6895 0.0108 15.1593 0.0068 14.7853 0.0077 14.6325 0.0047
192.54333300000002 -41.290375 6 0.9790000000000001 nan nan 17.9506 0.0284 17.7541 0.0267 17.6173 0.0167
192.452311 -41.292888 11 0.986 15.7499 0.03 15.4231 0.0105 15.1752 0.008 15.0813 0.0065
192.43428899999998 -41.311327 22 0.9990000000000001 13.3356 0.0103 12.9913 0.0062 12.8001 0.0066 12.7426 0.0047
192.540153 -41.288502 14 0.9840000000000001 17.3997 0.0177 16.9244 0.0266 16.5382 0.0245 16.3995 0.0155
192.446702 -41.296715999999996 17 0.9840000000000001 16.2858 0.0359 15.845999999999998 0.0146 15.5396 0.0077 15.4175 0.0064
192.54379699999998 -41.376649 7 0.98 nan nan 17.8715 0.0229 17.6278 0.0369 17.5543 0.0133
192.435822 -41.358821 5 0.973 nan nan nan nan 18.4185 0.0183 18.3485 0.0501
192.527343 -41.282785 14 0.995 16.4025 0.0235 16.0134 0.009000000000000001 15.765999999999998 0.0057 15.693 0.0065
192.43514199999998 -41.308636 6 0.9790000000000001 nan nan 17.4988 0.0219 17.3414 0.0363 17.2722 0.0111
192.536831 -41.380765999999994 5 0.975 nan nan nan nan 18.2599 0.0127 17.6531 0.0089
192.564571 -41.359229 17 0.983 16.249000000000002 0.0085 16.0167 0.0092 15.8056 0.0132 15.7438 0.0065
192.427358 -41.323572999999996 10 0.982 17.5047 0.0235 17.2208 0.0421 17.1403 0.0083 17.0831 0.0072
192.492728 -41.389044 5 0.9620000000000001 nan nan nan nan 18.5174 0.0177 18.1158 0.0189
192.505074 -41.277265 17 0.991 15.7866 0.0196 15.0076 0.0071 14.4033 0.0044 14.1544 0.0048
192.542272 -41.380006 10 0.982 nan nan 17.47 0.0403 17.3147 0.0072 17.1974 0.0182
192.42420900000002 -41.335291999999995 12 0.983 17.0196 0.051 16.7914 0.0118 16.5173 0.0068 16.442999999999998 0.0105
192.52936599999998 -41.280651 7 0.981 nan nan 18.0409 0.0276 17.4309 0.0149 17.2248 0.0085
192.460999 -41.28363 4 0.978 nan nan nan nan 18.1809 0.0119 17.9307 0.045
192.56031399999998 -41.369189 16 0.983 16.9867 0.0185 16.71 0.0368 16.4593 0.0137 16.3531 0.0059
192.56163700000002 -41.298611 16 0.985 16.3159 0.0083 15.9146 0.0136 15.6453 0.0065 15.5211 0.0079
192.4896 -41.274597 6 0.97 nan nan nan nan 18.1582 0.0292 18.0364 0.0183
192.482731 -41.391284999999996 6 0.968 nan nan nan nan 18.4942 0.0123 18.3848 0.0193
192.542474 -41.282902 11 0.982 nan nan 17.5482 0.1294 17.0947 0.0109 16.8488 0.0092
192.44499299999998 -41.289716 12 0.978 nan nan 17.2054 0.0154 16.7031 0.0196 16.4601 0.0176
192.56853600000002 -41.301421999999995 6 0.98 nan nan nan nan 17.7862 0.0175 17.6907 0.0211
192.558124 -41.291253000000005 10 0.983 17.761 0.0373 17.6213 0.0752 17.2792 0.0095 17.1703 0.0071
192.56583700000002 -41.29813 6 0.98 nan nan 18.1431 0.0221 17.7163 0.0232 17.6596 0.0138
192.449529 -41.380994 4 0.971 nan nan nan nan 18.1748 0.1222 18.294 0.0708
192.417496 -41.336569 6 0.978 nan nan 18.1337 0.0396 17.9563 0.0098 17.8294 0.0354
192.57514799999998 -41.307406 7 0.98 nan nan nan nan 17.625 0.0081 17.2959 0.0213
192.46336200000002 -41.277454 4 0.982 nan nan nan nan 17.5475 0.013999999999999999 17.1646 0.0104
192.446396 -41.380973 6 0.9790000000000001 nan nan 18.1737 0.0322 17.861 0.0336 17.7447 0.0196
192.45388300000002 -41.38603 4 0.98 nan nan nan nan 17.7949 0.0175 17.24 0.032
192.577057 -41.359321 5 0.977 nan nan nan nan 18.093 0.0322 17.8 0.0183
192.516671 -41.395829 16 0.9890000000000001 15.932 0.0103 15.5651 0.0106 15.2761 0.0052 15.1844 0.0069
192.516265 -41.270685 12 0.988 17.0197 0.0341 16.6718 0.0135 16.396 0.0228 16.3149 0.0072
192.570523 -41.369823 5 0.9790000000000001 nan nan nan nan 18.2446 0.0353 18.1591 0.0504
192.47161499999999 -41.394033 5 0.9790000000000001 nan nan 17.9608 0.017 17.8781 0.0322 17.7918 0.0099
192.439929 -41.381328 5 0.973 nan nan nan nan 18.4973 0.0224 18.6042 0.0378
192.416796 -41.355361 12 0.982 17.8345 0.0531 17.4336 0.0487 17.0272 0.0084 16.8746 0.0101
192.515853 -41.268109 11 0.9690000000000001 nan nan 17.362000000000002 0.0152 16.8649 0.0344 16.5364 0.0095
192.411649 -41.330216 18 0.987 15.0205 0.0075 14.6493 0.0092 14.4206 0.0081 14.3524 0.0047
192.468983 -41.395675 9 0.992 16.9984 0.0206 16.2259 0.0279 15.7 0.0119 15.4989 0.0096
192.47706599999998 -41.397652 4 0.981 nan nan nan nan 17.6843 0.0554 17.3175 0.0139
192.487933 -41.399609999999996 5 0.976 nan nan nan nan 18.1226 0.016 17.9936 0.0532
192.559084 -41.383699 7 0.978 nan nan 18.0708 0.0227 18.0862 0.0128 17.9893 0.0161
192.41984399999998 -41.363181 6 0.976 nan nan nan nan 17.9474 0.0124 17.4493 0.0167
192.52507 -41.268646000000004 5 0.965 nan nan nan nan 18.232 0.0426 18.062 0.0167
192.546534 -41.390948 7 0.978 nan nan 18.2719 0.0219 18.0643 0.0168 17.9991 0.0542
192.409475 -41.339490999999995 14 0.983 16.4075 0.0079 16.1575 0.0122 16.0013 0.0124 15.9661 0.0052
192.417009 -41.361465 5 0.976 nan nan nan nan 18.4997 0.037000000000000005 18.2582 0.0141
192.47741299999998 -41.400053 8 0.983 nan nan 17.2568 0.0387 16.9201 0.0247 16.735 0.0295
192.585557 -41.308596 16 0.991 17.1142 0.0456 16.6888 0.0132 16.4149 0.008 16.3188 0.0152
192.441689 -41.386497 4 0.953 nan nan nan nan 18.8891 0.0187 18.5767 0.0915
192.437059 -41.383483 18 0.992 15.6112 0.0124 15.292 0.0068 15.1386 0.0104 15.0863 0.0057
192.53129199999998 -41.268511 16 0.983 16.4625 0.0385 16.1525 0.0104 15.901 0.0065 15.8288 0.005
192.569848 -41.287335999999996 8 0.98 nan nan 17.8543 0.0149 17.4651 0.0121 17.2958 0.0092
192.511557 -41.264097 6 0.98 nan nan 18.2165 0.0167 17.669 0.0187 17.5077 0.0093
192.472904 -41.4001 11 0.983 16.4222 0.052000000000000005 16.0773 0.0185 15.8533 0.0185 15.758 0.0065
192.50628600000002 -41.263673 15 0.9840000000000001 16.5497 0.0095 16.2726 0.0084 16.002 0.0054 15.9415 0.0054
192.441848 -41.38847 4 0.9520000000000001 nan nan nan nan 18.4624 0.0125 18.2839 0.0171
192.592704 -41.323209000000006 6 0.971 nan nan 18.2327 0.033 18.2096 0.0316 18.11 0.0214
192.556837 -41.276859 5 0.9790000000000001 nan nan nan nan 17.7198 0.0193 17.4207 0.0107
192.558848 -41.277059 11 0.981 nan nan 17.3747 0.027999999999999997 17.0073 0.0264 16.8672 0.0136
192.500182 -41.405294 6 0.9540000000000001 nan nan nan nan 18.6587 0.0347 18.5189 0.0361
192.591721 -41.355776 5 0.976 nan nan nan nan 18.1112 0.0078 17.8536 0.0323
192.426366 -41.380334000000005 5 0.973 nan nan nan nan 17.9879 0.0106 17.6934 0.0124
192.498304 -41.260587 13 0.965 17.2566 0.0311 16.9703 0.0251 16.6493 0.0365 16.489 0.045
192.524644 -41.403953 7 0.9790000000000001 nan nan 18.0535 0.0346 17.771 0.0157 17.7529 0.026000000000000002
192.457612 -41.399058000000004 8 0.9840000000000001 17.221 0.0146 16.7548 0.0576 16.5566 0.0241 16.4241 0.0084
192.43500600000002 -41.387689 4 0.9520000000000001 nan nan nan nan 18.5975 0.0218 18.4791 0.0184
192.40185 -41.327783000000004 12 0.983 17.0616 0.0476 16.6033 0.0126 16.3653 0.0077 16.2932 0.0065
192.412991 -41.297794 4 0.977 nan nan nan nan 18.1575 0.0117 18.157 0.0133
192.598612 -41.34172 18 0.9990000000000001 11.9773 0.0063 11.7647 0.0061 11.6635 0.0053 11.6605 0.0061
192.534228 -41.403292 14 0.983 15.7115 0.011000000000000001 14.922 0.0079 14.3829 0.0095 14.1774 0.0053
192.452002 -41.398829 5 0.9790000000000001 nan nan 18.0561 0.02 17.6626 0.0608 17.4856 0.0239
192.579283 -41.287779 18 0.992 15.126 0.0113 14.5771 0.0075 14.1194 0.0043 13.9207 0.0047
192.600571 -41.327493 7 0.981 nan nan nan nan 17.6814 0.0262 17.2238 0.0144
192.573015 -41.385803 5 0.955 nan nan nan nan 18.7769 0.0098 18.3716 0.0232
192.585103 -41.374340999999994 6 0.95 nan nan nan nan 18.119 0.011000000000000001 17.8845 0.0121
192.430032 -41.278452 17 0.985 15.9949 0.0072 15.495 0.0096 15.1469 0.0055 15.0108 0.0133
192.512826 -41.408724 22 0.996 13.8343 0.0062 13.3676 0.0167 13.0698 0.0043 12.9598 0.0047
192.434707 -41.275273 6 0.985 nan nan 18.1964 0.0338 17.942999999999998 0.0076 17.7604 0.0134
192.417067 -41.289284 22 0.99 14.463 0.0141 14.105 0.0111 13.8796 0.0043 13.8136 0.0047
192.447545 -41.267369 8 0.982 nan nan 17.8132 0.0179 16.9113 0.006 16.5386 0.0068
192.444596 -41.397960999999995 15 0.9840000000000001 16.1077 0.0084 15.6132 0.0066 15.2158 0.0064 15.0507 0.0056
192.598917 -41.354572999999995 17 0.986 16.0502 0.0097 15.6321 0.0221 15.3407 0.0046 15.24 0.0091
192.56192099999998 -41.395621000000006 5 0.978 nan nan 18.0075 0.023 17.7078 0.0076 17.5862 0.0102
192.399624 -41.352399 4 0.96 nan nan nan nan 18.1549 0.0257 17.9475 0.0402
192.402989 -41.36072 5 0.9790000000000001 nan nan 17.724 0.016 17.4854 0.0092 17.4265 0.027999999999999997
192.602641 -41.322463 15 0.9840000000000001 17.4733 0.0209 16.5232 0.0363 15.755 0.0049 15.4216 0.0057
192.453031 -41.402738 5 0.98 nan nan 17.9382 0.0566 17.778 0.0132 17.6349 0.0166
192.59205500000002 -41.3697 22 0.988 14.6028 0.0081 14.2191 0.0066 13.9963 0.0063 13.9296 0.0047
192.472344 -41.40932 4 0.977 nan nan nan nan 18.1221 0.0136 17.6903 0.0137
192.42160900000002 -41.280947999999995 5 0.9540000000000001 nan nan nan nan 18.3541 0.0999 18.4007 0.0187
192.520675 -41.255668 7 0.9790000000000001 nan nan nan nan 17.7093 0.009000000000000001 17.3999 0.0245
192.461433 -41.407076 4 0.977 nan nan nan nan 17.9958 0.0318 17.5949 0.0106
192.476465 -41.41066 6 0.9740000000000001 nan nan nan nan 17.4515 0.0292 16.9223 0.0139
192.462978 -41.407716 5 0.9790000000000001 nan nan 18.1345 0.052000000000000005 17.8442 0.0423 17.8003 0.0241
192.42565 -41.276365999999996 6 0.968 nan nan nan nan 17.8352 0.0175 17.6747 0.0596
192.606401 -41.333718 6 0.978 nan nan nan nan 17.9074 0.0181 17.7998 0.0136
192.590583 -41.375337 17 0.9990000000000001 11.2279 0.0061 11.0473 0.0073 10.9761 0.0056 10.9867 0.0062
192.445616 -41.402456 4 0.975 nan nan nan nan 18.595 0.0446 18.397000000000002 0.0138
192.507704 -41.253268 12 0.982 17.6125 0.02 17.2242 0.0395 16.9524 0.0068 16.875 0.0063
192.475731 -41.255114 5 0.982 nan nan 17.4632 0.0263 17.3172 0.0086 17.2417 0.0328
192.603002 -41.355971999999994 13 0.985 17.1604 0.0279 16.6791 0.0159 16.3733 0.0127 16.2644 0.0164
192.440994 -41.400765 5 0.972 nan nan nan nan 18.2938 0.04 18.2582 0.0204
192.422974 -41.276856 20 0.985 14.9798 0.0078 14.6954 0.0095 14.5 0.0044 14.4408 0.0048
192.39418500000002 -41.318025 5 0.975 nan nan 17.9353 0.0319 17.6756 0.0565 17.5172 0.0252
192.581692 -41.386356 12 0.985 17.5742 0.0263 17.0636 0.0137 16.7634 0.0085 16.6561 0.008
192.406352 -41.374045 11 0.983 17.3512 0.0221 17.0721 0.0116 16.8289 0.0063 16.7438 0.0099
192.605262 -41.354053 4 0.9640000000000001 nan nan nan nan 18.5522 0.0171 18.2291 0.0327
192.54549699999998 -41.408481 12 0.982 17.3728 0.0203 17.1143 0.0213 16.8334 0.0098 16.7994 0.0188
192.60816699999998 -41.317962 6 0.975 nan nan nan nan 18.4478 0.0246 18.3205 0.0152
192.43158 -41.398936 7 0.978 nan nan nan nan 17.4 0.0171 16.9425 0.0074
192.569573 -41.398358 5 0.951 nan nan nan nan 18.5949 0.0122 18.4233 0.0772
192.594651 -41.289037 14 0.9840000000000001 16.6099 0.0088 16.186 0.0091 15.8724 0.0067 15.7829 0.0057
192.58463799999998 -41.38816 18 0.9840000000000001 14.66 0.0082 14.3232 0.0075 14.140999999999998 0.0099 14.07 0.0053
192.610286 -41.319777 17 0.985 15.6512 0.0075 15.2258 0.016 14.870999999999999 0.0048 14.7208 0.0054
192.38973000000001 -41.319417 3 0.96 nan nan nan nan 17.9876 0.045 17.5761 0.0193
192.455326 -41.256164 4 0.963 nan nan nan nan 18.262999999999998 0.0535 18.2395 0.0181
192.396411 -41.300455 12 0.985 16.8109 0.0164 16.5573 0.0408 16.2895 0.0085 16.238 0.0069
192.597749 -41.291135 13 0.983 17.5859 0.0238 17.1129 0.0456 16.8439 0.0066 16.7156 0.0089
192.47243 -41.415539 10 0.982 16.9066 0.0462 16.573 0.0131 16.3499 0.0101 16.2871 0.0113
192.61251299999998 -41.323596 12 0.991 nan nan 18.2364 0.0235 16.3524 0.0207 15.5255 0.0106
192.561514 -41.261638 16 0.983 16.7205 0.0419 16.1908 0.0123 15.8912 0.0057 15.755 0.0093
192.477533 -41.416955 5 0.9640000000000001 nan nan nan nan 18.5735 0.0172 18.3768 0.0495
192.531136 -41.251191 20 0.9940000000000001 14.2669 0.0063 13.8532 0.0061 13.5813 0.0048 13.4807 0.0047
192.473609 -41.249703000000004 10 0.983 17.2826 0.0218 16.8704 0.0121 16.4852 0.0198 16.3381 0.0274
192.42857800000002 -41.265903 14 0.985 16.9688 0.0748 16.7938 0.0331 16.5514 0.006 16.465999999999998 0.0104
192.512911 -41.247572 12 0.982 17.8198 0.0233 17.1575 0.0437 16.8711 0.0071 16.7642 0.0066
192.61057 -41.306108 6 0.976 nan nan nan nan 18.2126 0.06 17.6647 0.0211
192.444817 -41.411219 11 0.981 17.4818 0.0406 17.2649 0.0112 16.9911 0.0165 16.9615 0.0193
192.462182 -41.249812 13 0.9890000000000001 14.3493 0.0078 13.8037 0.0074 13.4128 0.0053 13.2361 0.0061
192.41401399999998 -41.393559 6 0.976 nan nan nan nan 18.0775 0.0285 17.9009 0.0298
192.582336 -41.39692 11 0.983 17.3051 0.0242 16.8436 0.0412 16.6049 0.0123 16.5204 0.0108
192.518613 -41.421109 6 0.98 nan nan nan nan 17.6275 0.0249 17.0261 0.0087
192.388217 -41.362704 4 0.961 nan nan nan nan 17.982 0.0123 17.6026 0.0412
192.527619 -41.2465 5 0.961 nan nan nan nan 18.589000000000002 0.025 18.3451 0.0737
192.46501 -41.418949 5 0.976 nan nan 18.2991 0.0294 17.9936 0.0134 17.9155 0.0144
192.607644 -41.372221 14 0.9840000000000001 17.4701 0.0292 16.9556 0.042 16.6767 0.0063 16.5612 0.0116
192.601915 -41.286299 18 0.997 15.2642 0.0109 14.7996 0.0258 14.5151 0.0061 14.4116 0.0053
192.381006 -41.34513 5 0.976 nan nan 17.8178 0.0192 17.8329 0.0196 17.7123 0.0225
192.387182 -41.364764 6 0.981 nan nan 17.4357 0.0232 17.2508 0.0081 17.2139 0.0101
192.388748 -41.368458000000004 16 0.9840000000000001 14.8647 0.0518 14.3152 0.0208 13.9953 0.0098 13.8903 0.0094
192.558045 -41.253227 6 0.961 nan nan nan nan 18.5512 0.012 18.4029 0.0209
192.387138 -41.36809 7 0.996 nan nan 14.9752 0.0122 14.427999999999999 0.0164 14.1945 0.0069
192.41545 -41.399598 15 0.986 16.727 0.0109 16.160999999999998 0.0118 15.8187 0.0094 15.6684 0.0055
192.470038 -41.422346000000005 9 0.983 17.3954 0.0146 16.8885 0.0172 16.5438 0.0084 16.4403 0.0149
192.50481499999998 -41.241519 7 0.981 nan nan 17.522000000000002 0.0223 17.4099 0.0068 17.3648 0.0155
192.5812 -41.264540000000004 18 0.998 12.4923 0.0149 11.8563 0.01 11.388 0.0054 11.1806 0.0063
192.45725900000002 -41.246831 7 0.982 nan nan 17.6271 0.0138 16.7838 0.0158 16.4714 0.0156
192.57268 -41.408028 21 0.998 13.1373 0.0065 12.8644 0.008 12.6957 0.0048 12.6518 0.0048
192.395004 -41.28475 16 0.997 12.6638 0.0077 12.0527 0.0107 11.610999999999999 0.0104 11.402000000000001 0.0062
192.478178 -41.242148 5 0.981 nan nan 17.7104 0.0482 17.3469 0.009000000000000001 17.2205 0.0151
192.597123 -41.390699 18 0.985 15.5949 0.0189 15.2984 0.0109 15.1046 0.0077 15.0614 0.005
192.49194 -41.240751 5 0.951 nan nan nan nan 18.664 0.0241 18.5662 0.0446
192.46846499999998 -41.243596000000004 3 0.975 nan nan nan nan 18.0861 0.0126 17.9258 0.0126
192.416423 -41.264834 13 0.983 17.3287 0.0304 16.6853 0.0092 16.285 0.0125 16.1489 0.0059
192.487564 -41.425832 15 0.9840000000000001 16.1621 0.0102 15.8357 0.0065 15.6232 0.0055 15.5666 0.0053
192.53042299999998 -41.243178 15 0.983 16.386 0.0182 15.9748 0.0091 15.7302 0.0055 15.6291 0.0105
192.41612 -41.401807 16 0.983 16.5247 0.0335 16.1976 0.0294 15.950999999999999 0.009000000000000001 15.8757 0.0055
192.621744 -41.352856 22 0.998 13.3278 0.0063 13.0871 0.0085 12.9505 0.0044 12.9313 0.0055
192.439191 -41.250794 12 0.9890000000000001 17.5939 0.0204 17.1334 0.0384 16.8823 0.0065 16.8351 0.0203
192.47583799999998 -41.240643 3 0.961 nan nan nan nan 18.4184 0.0256 18.5491 0.0305
192.5014 -41.427826 10 0.982 17.5219 0.0188 17.2316 0.011000000000000001 17.0178 0.0138 16.9348 0.0172
192.373634 -41.327279 5 0.972 nan nan nan nan 18.1533 0.0362 18.0156 0.044000000000000004
192.594728 -41.270234 12 0.982 17.8445 0.0399 17.3019 0.023 16.9503 0.0123 16.8328 0.0063
192.42503100000002 -41.256282 12 0.981 17.6764 0.0403 17.168 0.0474 16.5568 0.0117 16.3406 0.0081
192.379649 -41.302424 12 0.982 16.9505 0.0296 16.6533 0.0551 16.4313 0.0145 16.3921 0.0214
192.626738 -41.324763 15 0.9840000000000001 16.6414 0.011000000000000001 16.2456 0.03 16.0004 0.0054 15.923 0.0133
192.534422 -41.241341999999996 6 0.973 nan nan nan nan 18.0369 0.0098 17.7509 0.0106
192.396889 -41.390358 4 0.98 nan nan nan nan 17.4914 0.0325 17.4558 0.0364
192.628296 -41.33055 6 0.977 nan nan 17.9514 0.027000000000000003 17.6799 0.0073 17.4722 0.0102
192.381706 -41.295685 6 0.977 nan nan 18.06 0.0509 17.5175 0.0134 17.2374 0.021
192.581164 -41.408248 13 0.982 nan nan 17.2933 0.031 16.6201 0.0201 16.3751 0.0091
192.618374 -41.295444 6 0.978 nan nan 18.3558 0.0274 18.0159 0.0266 17.8582 0.0156
192.610167 -41.383364 6 0.971 nan nan nan nan 18.1424 0.0159 17.8966 0.0528
192.580374 -41.40889 5 0.982 nan nan 17.3773 0.0165 16.9735 0.0087 16.7957 0.008
192.465902 -41.426632 9 0.985 16.2879 0.0087 15.8977 0.0123 15.6652 0.0081 15.6248 0.0078
192.589315 -41.403331 16 0.9890000000000001 15.8474 0.0164 15.3578 0.0197 14.9858 0.0053 14.8299 0.0053
192.371442 -41.343103 9 0.981 17.8592 0.0217 17.3967 0.025 17.2916 0.0184 17.1758 0.0127
192.370697 -41.339628999999995 13 0.983 17.6421 0.0267 16.9655 0.0108 16.435 0.0154 16.239 0.0063
192.629448 -41.337936 20 0.996 12.618 0.0184 12.3143 0.009000000000000001 12.1199 0.0076 12.0727 0.0079
192.40983899999998 -41.263325 20 0.977 15.185 0.0087 15.0312 0.008 14.9623 0.0097 14.9688 0.0146
192.572011 -41.251958 8 0.982 nan nan 17.7411 0.0267 17.5464 0.0161 17.4029 0.0286
192.58443799999998 -41.407825 6 0.978 nan nan nan nan 17.9193 0.0326 17.807000000000002 0.0291
192.40454 -41.266554 7 0.982 nan nan 17.5296 0.0254 16.9117 0.0072 16.6183 0.0082
192.38809799999999 -41.282740999999994 8 0.983 nan nan 17.1675 0.015 16.3696 0.0068 16.0738 0.0063
192.416299 -41.408821 8 0.981 nan nan 17.8279 0.0202 17.436 0.0122 17.2111 0.0078
192.62034 -41.372059 4 0.958 nan nan nan nan 19.0075 0.0207 18.8745 0.0429
192.452334 -41.424883 5 0.982 nan nan nan nan 17.4689 0.0156 16.8811 0.0129
192.63109 -41.334725 7 0.9740000000000001 nan nan 18.0092 0.0349 17.8621 0.0083 17.7862 0.0072
192.6311 -41.329002 6 0.983 nan nan nan nan 17.9557 0.0098 17.4051 0.0366
192.42328500000002 -41.253294 12 0.986 16.8543 0.0145 16.3243 0.0093 15.9767 0.0147 15.8345 0.0062
192.392685 -41.27636 7 0.98 nan nan 17.5974 0.018000000000000002 17.3183 0.0089 17.2478 0.0545
192.537504 -41.428255 9 0.983 nan nan 18.0405 0.0187 16.7135 0.0118 16.2241 0.0058
192.58506599999998 -41.257645000000004 18 0.985 14.9607 0.0117 14.4769 0.0078 14.1236 0.0044 13.977 0.0048
192.485472 -41.234874 6 0.993 nan nan nan nan 17.9846 0.0261 17.2816 0.0076
192.46918300000002 -41.23668 2 0.97 nan nan nan nan 18.4823 0.0151 18.4215 0.0193
192.625495 -41.3659 17 0.996 11.7473 0.0061 11.3552 0.0103 11.1257 0.0053 11.0518 0.0063
192.56325800000002 -41.245666 10 0.985 17.7416 0.0181 17.3227 0.0209 16.9646 0.0072 16.8136 0.0121
192.563292 -41.421289 10 0.982 nan nan 17.6383 0.0162 16.8611 0.01 16.5027 0.0077
192.37995 -41.289703 13 0.983 17.0054 0.0309 16.613 0.0279 16.3409 0.0086 16.2691 0.0063
192.472349 -41.235133000000005 5 0.98 nan nan 17.5787 0.0185 17.4814 0.0129 17.3821 0.0121
192.409404 -41.259273 6 0.97 nan nan 18.2543 0.043 18.1398 0.0079 18.0155 0.0142
192.421095 -41.251704 15 0.987 16.2915 0.0109 15.7969 0.0112 15.529000000000002 0.0068 15.4631 0.0104
192.434131 -41.421444 14 0.983 17.079 0.0134 16.6629 0.0434 16.4106 0.013999999999999999 16.3457 0.0062
192.441784 -41.424578000000004 15 0.985 16.191 0.0098 15.5191 0.0156 15.1028 0.0049 14.9395 0.0057
192.631453 -41.311189 6 0.978 nan nan 18.0909 0.0371 17.7868 0.0098 17.656 0.0318
192.557128 -41.24142 5 0.972 nan nan nan nan 18.1454 0.0113 17.9299 0.011000000000000001
192.59921699999998 -41.264503999999995 7 0.976 nan nan 18.0536 0.0196 17.753 0.0204 17.6665 0.0279
192.414081 -41.254759 5 0.97 nan nan nan nan 18.3001 0.0104 18.2252 0.0253
192.471597 -41.233901 5 0.977 nan nan 17.8382 0.0312 17.2036 0.0082 16.8912 0.0285
192.41108899999998 -41.256364000000005 5 0.977 nan nan nan nan 17.8043 0.0114 17.6794 0.0092
192.612511 -41.276268 16 0.983 17.0222 0.0327 16.6707 0.0174 16.417 0.0063 16.3524 0.0078
192.60175700000002 -41.265758 6 0.977 nan nan nan nan 18.0003 0.0498 17.9027 0.0242
192.543316 -41.236578 6 0.9570000000000001 nan nan nan nan 18.4767 0.0184 18.3956 0.0449
192.548554 -41.428748999999996 7 0.9790000000000001 nan nan 17.9261 0.0571 17.835 0.0084 17.7327 0.0359
192.43148 -41.245067 8 0.9790000000000001 nan nan 17.4285 0.1965 17.394000000000002 0.0073 17.3166 0.012
192.55141899999998 -41.428090999999995 5 0.96 nan nan nan nan 18.4619 0.0315 17.9221 0.0132
192.372499 -41.297171999999996 11 0.983 nan nan 17.2639 0.0985 16.9505 0.0123 16.8274 0.0131
192.468948 -41.233313 11 0.982 16.423 0.0106 16.0474 0.047 15.7152 0.0169 15.5939 0.0072
192.56346200000002 -41.242226 5 0.971 nan nan nan nan 18.3036 0.0087 18.1984 0.0439
192.63636599999998 -41.345194 14 0.9840000000000001 16.9994 0.0085 16.6307 0.0099 16.2115 0.006999999999999999 16.0689 0.0064
192.626499 -41.373872 15 0.985 16.5413 0.0441 16.0068 0.0073 15.6779 0.0105 15.5375 0.0056
192.621455 -41.284827 10 0.983 nan nan 17.5115 0.0336 16.6974 0.0247 16.3611 0.0078
192.602762 -41.402176000000004 18 0.996 15.3795 0.0113 14.9426 0.0105 14.6149 0.0063 14.4868 0.0053
192.369375 -41.366102000000005 5 0.975 nan nan nan nan 18.1836 0.021 18.0895 0.0131
192.546871 -41.236067 6 0.9740000000000001 nan nan nan nan 18.1769 0.027000000000000003 18.0349 0.0142
192.630672 -41.366825 7 0.981 nan nan 17.3193 0.0197 16.9839 0.0099 16.8262 0.0079
192.602294 -41.263718 9 0.981 nan nan 17.7394 0.0174 17.445999999999998 0.0186 17.3711 0.0096
192.430385 -41.243734 5 0.966 nan nan nan nan 18.3936 0.0203 18.227999999999998 0.0136
192.63763500000002 -41.322928999999995 16 0.986 15.8544 0.008 15.386 0.0067 15.097999999999999 0.0057 14.989 0.0076
192.517813 -41.4365 8 0.981 nan nan 17.6916 0.0152 17.3905 0.0253 17.2544 0.0074
192.411845 -41.253038000000004 7 0.985 nan nan nan nan 17.2424 0.008 16.7501 0.0133
192.40936299999998 -41.413374 7 0.981 nan nan 17.7239 0.0184 17.4498 0.0072 17.3731 0.0097
192.506295 -41.228398999999996 4 0.9540000000000001 nan nan nan nan 18.6329 0.0121 18.334 0.0151
192.530807 -41.230616999999995 9 0.982 nan nan 17.602999999999998 0.0254 17.3472 0.0081 17.2245 0.0165
192.415118 -41.249476 18 0.9840000000000001 15.3184 0.0089 14.9431 0.0062 14.6872 0.005 14.589 0.0053
192.640207 -41.34363 22 0.996 14.0202 0.0061 13.7405 0.0074 13.5973 0.0051 13.5604 0.0047
192.63573200000002 -41.361783 15 0.9840000000000001 17.51 0.0163 16.8626 0.0129 16.4089 0.0173 16.2093 0.0159
192.466035 -41.436159 6 0.983 17.6723 0.0423 17.1684 0.0218 17.0158 0.0093 16.8898 0.0125
192.422253 -41.421761 9 0.982 nan nan 17.7336 0.0237 17.0455 0.0105 16.7799 0.0079
192.50604099999998 -41.227296 6 0.978 nan nan 17.9275 0.032 17.7453 0.0191 17.6754 0.0265
192.516392 -41.227821 16 0.983 16.3705 0.0419 16.0175 0.0073 15.8313 0.006 15.7731 0.0065
192.360165 -41.351611 11 0.982 nan nan 18.0228 0.0232 17.3797 0.0066 17.1246 0.0181
192.6246 -41.384746 6 0.9790000000000001 nan nan 18.093 0.0345 17.9118 0.0168 17.732 0.0113
192.628175 -41.380119 4 0.975 nan nan nan nan 18.1958 0.0134 18.0069 0.0148
192.357001 -41.334439 9 0.9790000000000001 nan nan 17.8937 0.0377 17.5563 0.0115 17.5188 0.0357
192.364094 -41.366921999999995 11 0.982 nan nan nan nan 17.2131 0.0094 16.7533 0.018000000000000002
192.424947 -41.424862 6 0.976 nan nan nan nan 17.8806 0.0101 17.4525 0.0088
192.368432 -41.375741 8 0.976 nan nan nan nan 18.0848 0.0132 17.9528 0.0224
192.357102 -41.326862 6 0.971 nan nan nan nan 18.2965 0.0318 18.1554 0.0293
192.439539 -41.431191999999996 6 0.9670000000000001 nan nan 18.0372 0.0417 17.9046 0.0119 17.9141 0.0154
192.524686 -41.226651000000004 7 0.981 nan nan 17.8488 0.0345 17.642 0.0068 17.5308 0.0238
192.518437 -41.225642 12 0.983 16.9466 0.0216 16.6443 0.0106 16.4016 0.0083 16.3045 0.0089
192.613399 -41.265595000000005 6 0.977 nan nan nan nan 17.8568 0.035 17.7193 0.0162
192.638835 -41.364706 5 0.972 nan nan nan nan 18.1634 0.0101 17.9988 0.0297
192.62833700000002 -41.282453000000004 4 0.955 nan nan nan nan 18.5937 0.0172 18.3764 0.0254
192.39654299999998 -41.410108 13 0.983 16.6989 0.0508 16.3721 0.0106 16.1067 0.0057 16.0429 0.0106
192.382632 -41.267663 5 0.975 nan nan 17.8625 0.0196 17.6261 0.0096 17.5583 0.0223
192.399838 -41.413635 7 0.981 nan nan 17.2969 0.0342 17.0519 0.0335 16.9383 0.0133
192.466106 -41.440393 11 0.998 12.1863 0.0074 11.7267 0.0197 11.4139 0.0074 11.2965 0.0074
192.51183799999998 -41.223652 9 0.981 nan nan 17.7549 0.0164 17.227999999999998 0.0212 17.0567 0.016
192.367037 -41.286506 9 0.982 nan nan nan nan 17.3502 0.0071 16.9059 0.0203
192.35301 -41.332619 10 0.985 nan nan 17.4177 0.0238 17.0251 0.0064 16.8352 0.036000000000000004
192.473876 -41.441964 4 0.978 nan nan nan nan 18.0378 0.0105 17.6536 0.0157
192.37673999999998 -41.273231 5 0.972 nan nan 18.1701 0.0181 17.743 0.0163 17.3769 0.0304
192.42890500000001 -41.430521999999996 5 0.972 nan nan nan nan 18.3934 0.0237 18.3122 0.0702
192.449864 -41.228408 14 0.985 16.564 0.0237 16.2001 0.0644 15.911 0.0091 15.8276 0.0106
192.635326 -41.379387 16 0.985 16.4733 0.049 15.7602 0.0107 15.3115 0.01 15.0974 0.0092
192.48282700000001 -41.444291 13 0.9840000000000001 17.1826 0.0412 16.8557 0.0369 16.5165 0.0181 16.4051 0.0147
192.351998 -41.319863 12 0.983 17.451 0.0875 17.0205 0.0108 16.8143 0.0061 16.7557 0.0116
192.350373 -41.34706 14 0.985 17.4025 0.0271 16.4732 0.0143 15.6301 0.0124 15.2799 0.0078
192.636599 -41.285438 21 0.996 14.4172 0.012 14.1346 0.0064 13.9385 0.0044 13.8956 0.0047
192.375865 -41.398094 9 0.983 nan nan 18.0512 0.03 16.4542 0.0363 15.9585 0.0143
192.349773 -41.321027 7 0.98 nan nan 18.194000000000003 0.0496 17.8222 0.0109 17.6879 0.0111
192.447866 -41.439914 4 0.968 nan nan nan nan 18.2099 0.0358 18.0903 0.0147
192.648842 -41.313444 22 0.992 14.0431 0.0094 13.7313 0.0064 13.552999999999999 0.0043 13.5102 0.0047
192.613797 -41.258175 6 0.95 nan nan nan nan 18.5753 0.0099 17.901 0.0659
192.612143 -41.410333 7 0.9670000000000001 nan nan nan nan 17.8771 0.019 17.6325 0.0368
192.607549 -41.252047999999995 6 0.971 nan nan nan nan 18.1213 0.0113 17.9279 0.0085
192.652389 -41.341431 6 0.98 nan nan nan nan 18.0811 0.0105 17.5109 0.0211
192.371263 -41.271588 5 0.968 nan nan nan nan 18.2858 0.0125 17.6354 0.0232
192.35319199999998 -41.365843 9 0.981 nan nan 17.6782 0.0144 17.4345 0.021 17.3552 0.0162
192.349162 -41.314013 18 0.985 15.029000000000002 0.0108 14.6006 0.0145 14.3679 0.0075 14.2758 0.0068
192.644284 -41.294531 6 0.981 nan nan 17.8976 0.0224 17.6474 0.009000000000000001 17.5551 0.0385
192.364404 -41.278063 20 0.983 16.9037 0.0187 16.445999999999998 0.0382 16.1719 0.0133 16.0445 0.0052
192.519873 -41.448314 15 0.9840000000000001 16.2544 0.0391 15.9854 0.0132 15.7971 0.0067 15.7435 0.0059
192.65465600000002 -41.327779 17 0.983 16.7664 0.0208 16.2279 0.0138 15.9116 0.0082 15.7714 0.0141
192.63181200000002 -41.39516 16 0.983 16.2345 0.0405 15.7322 0.0086 15.3932 0.0058 15.2557 0.0055
192.51158 -41.216928 14 0.983 17.1333 0.1267 16.7896 0.0283 16.6999 0.0108 16.671 0.0127
192.600728 -41.243922 7 0.978 nan nan 18.1212 0.0365 17.8956 0.0246 17.7928 0.0229
192.647875 -41.296017 12 0.983 17.2582 0.0256 16.8947 0.0087 16.6526 0.0062 16.5692 0.0074
192.463121 -41.447266 2 0.963 nan nan nan nan 18.5912 0.0123 18.6457 0.0311
192.3438 -41.333138 5 0.975 nan nan nan nan 18.3617 0.0176 17.4079 0.0301
192.344202 -41.323875 12 0.982 17.7156 0.0582 17.361 0.0533 17.1378 0.0094 17.0718 0.0355
192.403175 -41.241115 5 0.961 nan nan 18.172 0.0215 17.9677 0.0301 17.935 0.036000000000000004
192.389485 -41.250103 10 0.98 17.6526 0.0143 17.2164 0.0665 17.012 0.008 16.9163 0.0102
192.624996 -41.405075 5 0.958 nan nan nan nan 18.6287 0.037000000000000005 18.3365 0.0524
192.465306 -41.218059999999994 9 0.9790000000000001 16.8327 0.0133 16.4206 0.0101 16.1146 0.0158 15.9688 0.0086
192.641984 -41.384754 4 0.972 nan nan nan nan 18.3332 0.011000000000000001 18.1545 0.0141
192.379493 -41.257009000000004 17 0.9940000000000001 14.6174 0.0062 14.1923 0.0061 13.9405 0.006 13.8571 0.0054
192.43713400000001 -41.22463 5 0.972 nan nan nan nan 18.2886 0.0266 18.1452 0.0136
192.408516 -41.429978000000006 5 0.971 nan nan 18.169 0.0384 18.1041 0.0128 18.0075 0.0223
192.65793200000002 -41.326018 5 0.98 nan nan nan nan 17.7414 0.0104 17.5986 0.0095
192.56568000000001 -41.225128000000005 11 0.986 17.7656 0.0359 17.0459 0.0123 16.5932 0.0115 16.371 0.0093
192.358273 -41.280187 6 0.971 nan nan nan nan 18.1209 0.0549 17.983 0.0262
192.516528 -41.214872 4 0.972 nan nan nan nan 18.5414 0.0111 18.4181 0.0544
192.616171 -41.25222 4 0.9640000000000001 nan nan nan nan 18.4599 0.0335 18.336 0.1011
192.429523 -41.440125 14 0.985 16.7947 0.0646 16.2918 0.0086 16.0793 0.018000000000000002 15.970999999999998 0.0114
192.632715 -41.398938 6 0.982 nan nan nan nan 17.9504 0.0156 17.5108 0.0259
192.578489 -41.22948 15 0.983 16.3129 0.0182 15.9327 0.0293 15.6808 0.0099 15.5918 0.0054
192.61371 -41.249758 5 0.97 nan nan nan nan 18.4577 0.0153 18.2394 0.0146
192.640524 -41.276604 15 0.996 15.5261 0.0084 15.0037 0.0079 14.6056 0.0048 14.4517 0.0053
192.342448 -41.353317 6 0.977 nan nan 18.0281 0.0427 17.9433 0.0087 17.7699 0.018000000000000002
192.63669199999998 -41.396014 7 0.981 nan nan 17.8471 0.0249 17.305999999999997 0.0111 17.1242 0.0169
192.60896 -41.245173 4 0.961 nan nan nan nan 18.7758 0.0398 18.6001 0.0393
192.440869 -41.44539 15 0.9840000000000001 16.8398 0.046 16.5226 0.013000000000000001 16.2858 0.0169 16.227 0.0086
192.343188 -41.359649 13 0.983 17.6688 0.0162 17.0493 0.075 16.8195 0.01 16.7227 0.0139
192.660706 -41.330287 5 0.971 nan nan nan nan 18.375 0.0079 17.9446 0.0416
192.345609 -41.367733 13 0.9840000000000001 16.173 0.0303 15.7253 0.0078 15.4038 0.006 15.255999999999998 0.0084
192.43616799999998 -41.444525 5 0.968 nan nan nan nan 18.5382 0.0106 18.3852 0.0164
192.39120400000002 -41.423701 10 0.983 16.9191 0.0501 16.5057 0.0112 16.272000000000002 0.0096 16.2087 0.0104
192.33914199999998 -41.315386 19 0.993 12.427 0.0117 11.8141 0.0061 11.4148 0.0074 11.2484 0.0061
192.440744 -41.219390999999995 9 0.981 17.8052 0.0334 17.5074 0.02 17.2829 0.0087 17.1966 0.0091
192.655114 -41.296008 8 0.981 nan nan 17.7074 0.0219 17.5693 0.0165 17.4452 0.0127
192.375876 -41.413125 4 0.978 nan nan nan nan 17.4312 0.0156 17.167 0.0158
192.340683 -41.306325 8 0.981 nan nan 17.6049 0.0208 17.4001 0.0077 17.2819 0.0154
192.344644 -41.295103999999995 15 0.983 17.1776 0.0473 16.8886 0.0198 16.6116 0.0071 16.5236 0.0081
192.514429 -41.210745 12 0.981 nan nan 17.1183 0.0534 16.8108 0.0108 16.6224 0.0168
192.356312 -41.273461 25 0.985 15.4688 0.0059 14.9644 0.0153 14.6068 0.004 14.4517 0.006999999999999999
192.414951 -41.439153000000005 4 0.956 nan nan nan nan 18.8294 0.017 18.6877 0.0141
192.338338 -41.357873 8 0.982 nan nan 17.8181 0.0514 17.4292 0.0097 17.3702 0.0116
192.653281 -41.287264 6 0.978 nan nan nan nan 18.0128 0.0329 17.8827 0.0397
192.638574 -41.401293 17 0.99 16.0536 0.0092 15.3605 0.0163 14.8552 0.0044 14.640999999999998 0.0062
192.590451 -41.437636 13 0.982 17.3826 0.0255 17.0317 0.0405 16.814 0.0066 16.7313 0.021
192.374502 -41.414787 5 0.977 nan nan 18.2281 0.0297 17.6751 0.0188 17.5043 0.024
192.63619 -41.404544 6 0.98 nan nan 17.9484 0.0305 17.6533 0.0095 17.5582 0.0112
192.59415 -41.435955 7 0.982 nan nan 17.7917 0.0192 17.4513 0.0079 17.3435 0.0189
192.42890400000002 -41.446003999999995 5 0.9520000000000001 nan nan nan nan 18.7942 0.0371 18.5407 0.0762
192.338582 -41.363115 4 0.96 nan nan nan nan 18.5885 0.0465 18.3486 0.0571
192.345542 -41.285396999999996 17 0.985 15.7852 0.0073 15.2286 0.0141 14.8394 0.0046 14.687999999999999 0.0056
192.38158700000002 -41.244716 12 0.9840000000000001 16.7602 0.0299 16.4205 0.0104 16.199 0.0219 16.1191 0.009000000000000001
192.653451 -41.38347 6 0.975 nan nan nan nan 18.0059 0.0126 17.9207 0.0216
192.432489 -41.218287 5 0.965 nan nan nan nan 18.4191 0.0102 18.3063 0.0765
192.660001 -41.370583 7 0.98 nan nan 17.9997 0.0254 17.7501 0.0259 17.6551 0.0093
192.476893 -41.208476 4 0.9520000000000001 nan nan nan nan 18.4527 0.0109 18.0329 0.0236
192.469584 -41.209309000000005 2 0.972 nan nan nan nan 18.3037 0.0114 18.1444 0.0149
192.630091 -41.413292999999996 16 0.986 16.6468 0.0119 16.2687 0.0423 16.0556 0.0081 15.9887 0.0067
192.540098 -41.210661 17 0.9840000000000001 15.9502 0.0168 15.5031 0.0071 15.2265 0.0071 15.12 0.0047
192.339396 -41.371246 11 0.9840000000000001 17.524 0.0334 17.0033 0.0109 16.5503 0.0171 16.4031 0.0143
192.658626 -41.376160999999996 14 0.983 17.0373 0.0136 16.5814 0.0198 16.3326 0.0116 16.2169 0.0073
192.349959 -41.275328 16 0.983 16.54 0.0411 16.1834 0.013000000000000001 15.9931 0.0057 15.9298 0.0102
192.347965 -41.27803 4 0.9540000000000001 nan nan nan nan 18.684 0.0117 18.6256 0.027000000000000003
192.644199 -41.266508 7 0.963 nan nan 18.0304 0.0163 17.631 0.0167 17.430999999999997 0.0193
192.664902 -41.36298 5 0.972 nan nan nan nan 18.0566 0.0381 17.7601 0.0121
192.381844 -41.424824 8 0.981 17.6488 0.0253 17.4499 0.0212 17.159000000000002 0.0084 17.0566 0.0094
192.62743600000002 -41.417739000000005 11 0.983 17.2282 0.0166 16.9588 0.0127 16.7352 0.008 16.6387 0.0118
192.349649 -41.273086 13 0.982 17.5179 0.0838 17.1027 0.0518 16.8922 0.0307 16.7819 0.0075
192.514859 -41.205683 9 0.982 nan nan nan nan 16.9113 0.0132 16.3236 0.0099
192.667123 -41.307502 6 0.98 nan nan nan nan 17.6952 0.0085 17.1547 0.0115
192.641469 -41.405241 7 0.9790000000000001 nan nan nan nan 17.801 0.0107 17.3654 0.021
192.49601 -41.461726 14 0.985 16.4784 0.0092 16.1483 0.0235 15.9203 0.0118 15.8552 0.0062
192.580383 -41.44703 6 0.9790000000000001 nan nan 18.0525 0.0198 17.857 0.0307 17.7818 0.0097
192.530872 -41.206587 16 0.9890000000000001 15.5471 0.0211 14.7097 0.0108 14.003 0.0088 13.6812 0.0047
192.602776 -41.230077 6 0.956 nan nan nan nan 18.7301 0.0201 18.4141 0.027999999999999997
192.343345 -41.280269 4 0.966 nan nan nan nan 18.5669 0.013000000000000001 18.0428 0.0402
192.650774 -41.395561 9 0.982 nan nan 17.7189 0.0284 17.0752 0.036000000000000004 16.8692 0.0083
192.39066 -41.233185999999996 6 0.9790000000000001 nan nan 17.7989 0.0284 17.6024 0.0286 17.4902 0.046
192.35955900000002 -41.257914 9 0.981 nan nan 17.8529 0.1046 17.6915 0.0071 17.6351 0.0319
192.637581 -41.254694 4 0.96 nan nan nan nan 18.6718 0.0216 18.6504 0.068
192.514965 -41.203915 4 0.955 nan nan nan nan 18.9096 0.0223 18.4843 0.0314
192.368106 -41.417496 14 0.983 17.8993 0.0324 17.2165 0.1466 16.3874 0.0072 16.0769 0.0097
192.338729 -41.380996 16 0.983 17.8223 0.0328 16.7715 0.0143 16.1328 0.0072 15.8826 0.0171
192.531386 -41.461296999999995 4 0.9520000000000001 nan nan nan nan 18.3651 0.0202 18.2346 0.03
192.409842 -41.444577 5 0.9640000000000001 nan nan nan nan 18.4613 0.0174 18.2342 0.0597
192.4336 -41.213076 15 0.9840000000000001 16.618 0.0189 16.1932 0.0111 15.9196 0.0083 15.8094 0.006
192.650345 -41.398902 18 0.986 15.2661 0.0091 14.7093 0.0133 14.3179 0.0044 14.1389 0.0048
192.35636599999998 -41.407346000000004 29 0.992 13.6425 0.0107 13.1932 0.0066 12.9498 0.004 12.8687 0.0043
192.66884299999998 -41.301028 7 0.98 nan nan nan nan 17.7099 0.0083 17.5222 0.0108
192.659698 -41.386026 9 0.982 nan nan 17.7776 0.0364 17.176 0.0247 16.962 0.0149
192.660902 -41.282963 12 0.983 17.718 0.0342 16.8036 0.0762 16.2442 0.0068 16.0132 0.006
192.416908 -41.448798 13 0.983 16.6774 0.0317 16.2028 0.0151 15.9194 0.0069 15.8552 0.0066
192.668573 -41.36807 4 0.9790000000000001 nan nan nan nan 18.0986 0.0117 18.0133 0.0117
192.346005 -41.396031 13 0.983 17.2378 0.0147 16.6878 0.0107 16.6033 0.0081 16.4875 0.0074
192.404553 -41.222885 12 0.982 17.2602 0.0122 16.9295 0.0149 16.7091 0.0076 16.6313 0.0208
192.639295 -41.413506 7 0.981 nan nan nan nan 17.5481 0.0268 17.1138 0.0092
192.575779 -41.21454 4 0.95 nan nan nan nan 18.4927 0.0095 18.4619 0.0786
192.526803 -41.463811 5 0.9790000000000001 nan nan 17.5916 0.0226 17.1811 0.0136 17.1252 0.0103
192.645503 -41.259184999999995 10 0.982 nan nan 17.3287 0.0108 16.8572 0.008 16.6559 0.0112
192.592764 -41.445612 14 0.983 16.9654 0.1216 16.7148 0.0383 16.6172 0.0112 16.5772 0.0101
192.393326 -41.227968 6 0.978 nan nan 17.7248 0.012 17.4243 0.0181 17.2891 0.0269
192.676412 -41.327538 16 0.987 15.8472 0.0104 15.283 0.0276 14.8628 0.0064 14.6868 0.005
192.420478 -41.452040999999994 11 0.982 17.0025 0.0572 16.6289 0.0105 16.4319 0.0203 16.3811 0.0064
192.325995 -41.309201 12 0.983 17.0595 0.013999999999999999 16.7013 0.0269 16.517 0.0065 16.4443 0.0095
192.379356 -41.430652 9 0.98 17.6783 0.0348 17.3998 0.0488 17.2395 0.0118 17.2115 0.01
192.612311 -41.436764000000004 10 0.982 nan nan 17.448 0.0152 17.1258 0.0246 16.9341 0.0068
192.635845 -41.247369 7 0.981 nan nan 18.1373 0.0412 17.4965 0.0069 17.3065 0.0173
192.591231 -41.21884 6 0.978 nan nan 17.902 0.0305 17.6754 0.0089 17.6823 0.0213
192.672224 -41.299966 6 0.971 nan nan nan nan 18.4659 0.0176 17.9383 0.027000000000000003
192.324005 -41.353640000000006 9 0.981 nan nan 17.7242 0.0809 17.6588 0.0213 17.5917 0.0105
192.40071799999998 -41.444414 9 0.982 17.6546 0.0234 17.3385 0.02 17.0077 0.0127 16.8685 0.009000000000000001
192.673733 -41.303647999999995 16 0.983 16.9137 0.0388 16.6131 0.0105 16.3763 0.0056 16.2982 0.0064
192.65011299999998 -41.405564 8 0.981 nan nan 17.8022 0.0247 17.4812 0.008 17.4059 0.0256
192.600142 -41.444111 9 0.982 nan nan 18.2817 0.0438 17.1143 0.0142 16.6831 0.006
192.657374 -41.398107 8 0.983 nan nan 17.561 0.0203 17.3711 0.013000000000000001 17.2816 0.0067
192.670697 -41.291213 15 0.987 17.545 0.0219 16.7308 0.0176 15.765 0.0126 15.3925 0.0048
192.42631799999998 -41.210093 10 0.982 17.8868 0.0306 17.4959 0.0403 17.1722 0.0104 17.0948 0.0073
192.346216 -41.404449 7 0.98 nan nan nan nan 17.5659 0.0119 17.3408 0.0217
192.323956 -41.364546999999995 12 0.9840000000000001 nan nan 17.7366 0.0154 16.9719 0.0075 16.689 0.0238
192.385634 -41.438756 5 0.9640000000000001 nan nan 18.3298 0.0369 17.8705 0.0157 17.7703 0.0145
192.31928100000002 -41.324751 13 0.983 17.6005 0.0353 17.1012 0.0107 16.7577 0.0065 16.6357 0.0143
192.45128 -41.202326 9 0.982 17.7614 0.0186 17.4341 0.0129 17.1252 0.0104 17.0337 0.0073
192.650858 -41.408802 9 0.983 nan nan 17.782 0.0353 17.1359 0.0096 16.8707 0.0188
192.32626000000002 -41.37214 4 0.951 nan nan nan nan 18.6421 0.0467 18.4381 0.0451
192.343042 -41.401672999999995 7 0.98 nan nan nan nan 17.8253 0.008 17.324 0.0169
192.326374 -41.294048 17 0.983 16.5715 0.0143 16.1093 0.0265 15.8355 0.0073 15.7565 0.0088
192.62688899999998 -41.430827 13 0.9840000000000001 16.8907 0.0095 16.5032 0.0092 16.4149 0.0068 16.3846 0.0081
192.531589 -41.467671 14 0.983 16.4089 0.0506 16.0996 0.009000000000000001 15.9159 0.0148 15.8642 0.0112
192.367617 -41.239191999999996 9 0.9790000000000001 nan nan nan nan 17.7019 0.008 17.0899 0.0081
192.334002 -41.390382 17 0.988 12.2425 0.0087 11.9598 0.0079 11.8399 0.0054 11.8348 0.0061
192.542732 -41.200117 18 0.9840000000000001 15.5683 0.0128 15.2273 0.0089 14.9455 0.0054 14.865 0.0049
192.326989 -41.28962 4 0.966 nan nan nan nan 18.3459 0.0242 18.2044 0.0726
192.674003 -41.375572999999996 7 0.978 nan nan 18.0332 0.0274 17.7648 0.0084 17.704 0.0244
192.511393 -41.196228000000005 5 0.953 nan nan nan nan 18.6964 0.0305 18.4586 0.0423
192.349949 -41.412276 22 0.996 14.2768 0.0102 13.8422 0.0092 13.628 0.0047 13.5775 0.0049
192.659073 -41.264924 10 0.985 17.583 0.0222 17.172 0.0167 16.8564 0.0073 16.6728 0.0077
192.669899 -41.281558000000004 5 0.96 nan nan nan nan 18.5897 0.0118 18.3783 0.0457
192.53418100000002 -41.197943 8 0.98 nan nan 17.8292 0.0278 17.472 0.0086 17.2872 0.0113
192.328698 -41.382937 16 0.9940000000000001 16.872 0.0177 16.368 0.0319 16.0903 0.0058 15.9863 0.013000000000000001
192.48761100000002 -41.195794 14 0.988 16.0976 0.008 15.6843 0.0082 15.4495 0.0093 15.3857 0.0098
192.32298899999998 -41.296849 2 0.9620000000000001 nan nan nan nan 18.4551 0.012 18.1639 0.0315
192.522162 -41.19645 8 0.982 nan nan 18.0161 0.0286 17.3478 0.0202 17.0432 0.04
192.662489 -41.397725 4 0.956 nan nan nan nan 18.7562 0.0137 18.4696 0.0201
192.322045 -41.298944 14 0.983 17.2643 0.0156 16.8377 0.0235 16.6365 0.0108 16.5576 0.027999999999999997
192.37635600000002 -41.435533 4 0.9690000000000001 nan nan nan nan 17.930999999999997 0.0152 17.4872 0.0116
192.31831100000002 -41.310521 20 0.988 15.8163 0.0067 15.4396 0.0168 15.2087 0.0081 15.1304 0.0055
192.43783100000002 -41.463747 4 0.9520000000000001 nan nan nan nan 18.4393 0.0159 18.1942 0.0179
192.541377 -41.198353000000004 5 0.98 nan nan nan nan 17.7444 0.009000000000000001 17.2774 0.0075
192.684722 -41.334878 5 0.96 nan nan nan nan 18.3455 0.0175 17.997 0.0155
192.345015 -41.257884999999995 5 0.978 nan nan 18.2679 0.0702 18.1871 0.0091 18.0267 0.08800000000000001
192.388993 -41.444468 5 0.978 nan nan 17.6732 0.0212 17.6128 0.0156 17.5615 0.0148
192.328723 -41.386626 9 0.982 nan nan 17.5808 0.0137 16.9132 0.0096 16.6361 0.0076
192.317557 -41.358095 19 0.9840000000000001 15.8782 0.0165 15.5072 0.0068 15.3035 0.0055 15.2563 0.0049
192.66081699999998 -41.264168 6 0.966 nan nan nan nan 18.1602 0.0146 17.9714 0.023
192.434953 -41.202754 15 0.985 16.5792 0.011000000000000001 16.1738 0.0102 15.8859 0.0194 15.7362 0.0067
192.682429 -41.359813 6 0.978 nan nan nan nan 18.0815 0.0255 17.9541 0.0201
192.32023700000002 -41.297459 8 0.978 nan nan 17.9649 0.0435 17.7053 0.0153 17.5694 0.008
192.347266 -41.413215 6 0.976 nan nan 17.6432 0.0436 17.3828 0.0113 17.257 0.0145
192.68217099999998 -41.36204 5 0.9670000000000001 nan nan nan nan 18.2407 0.0088 17.5746 0.0102
192.58211799999998 -41.207898 6 0.966 nan nan nan nan 18.2858 0.0098 18.2021 0.0451
192.459087 -41.196873 8 0.982 17.3058 0.0144 17.0421 0.0138 16.8256 0.0252 16.6942 0.0291
192.62739399999998 -41.230936 6 0.9740000000000001 nan nan nan nan 18.3304 0.0362 18.3225 0.0273
192.403279 -41.213460999999995 10 0.98 17.7785 0.02 17.4877 0.0583 17.1611 0.0245 17.0278 0.0332
192.68692 -41.328075 8 0.982 nan nan nan nan 17.401 0.0069 16.9222 0.009000000000000001
192.60518000000002 -41.216473 6 0.97 nan nan nan nan 18.250999999999998 0.01 18.0056 0.0112
192.36801599999998 -41.232862 7 0.976 nan nan nan nan 17.9774 0.0137 17.6164 0.044000000000000004
192.42088 -41.461532 4 0.972 nan nan nan nan 17.7073 0.0198 17.4816 0.0693
192.50959 -41.474477 4 0.95 nan nan nan nan 18.2229 0.1083 17.5684 0.0362
192.511416 -41.192173 5 0.958 nan nan nan nan 18.7268 0.012 18.1724 0.0231
192.313065 -41.354058 17 0.983 16.6507 0.0089 16.2482 0.0423 16.0215 0.0064 15.9797 0.0058
192.44653200000002 -41.469427 6 0.98 nan nan 17.5908 0.0222 16.9434 0.0083 16.7366 0.0111
192.668598 -41.269315 19 0.9840000000000001 15.3371 0.0143 14.9284 0.0061 14.6292 0.0096 14.5197 0.0049
192.311984 -41.316984000000005 4 0.968 nan nan nan nan 18.282 0.0095 18.2471 0.013999999999999999
192.31225700000002 -41.352428 10 0.9790000000000001 nan nan 17.9472 0.0127 17.6162 0.0083 17.5404 0.0202
192.547434 -41.471171000000005 14 0.9840000000000001 15.7767 0.0094 15.4432 0.0095 15.2594 0.0123 15.2366 0.0146
192.33781000000002 -41.407569 10 0.983 17.8151 0.0454 17.3676 0.0332 17.2346 0.0068 17.1992 0.0277
192.565664 -41.467164000000004 4 0.953 nan nan nan nan 17.8166 0.0792 17.7738 0.0118
192.31456 -41.365097 17 0.988 15.1584 0.0075 14.5054 0.0198 14.0513 0.0049 13.8718 0.0072
192.378073 -41.443042999999996 5 0.972 nan nan 17.7909 0.0231 17.7248 0.0532 17.6574 0.0337
192.35242399999998 -41.424054 4 0.975 nan nan nan nan 18.0969 0.0141 17.6819 0.0103
192.667268 -41.264501 16 0.985 16.7025 0.0095 16.1393 0.0097 15.716 0.0082 15.5481 0.0053
192.347407 -41.247182 18 0.983 16.9086 0.0305 16.534000000000002 0.0201 16.2502 0.0079 16.1813 0.009000000000000001
192.344788 -41.249708 11 0.982 nan nan nan nan 16.815 0.0262 16.319000000000003 0.0086
192.61675400000001 -41.219732 18 0.9940000000000001 15.7993 0.019 15.4792 0.0107 15.2689 0.0073 15.2212 0.0067
192.68680700000002 -41.30268 5 0.9790000000000001 nan nan nan nan 18.1216 0.0078 17.9991 0.0176
192.400744 -41.456219 13 0.9890000000000001 15.5481 0.0137 14.9634 0.0106 14.5793 0.0058 14.418 0.0056
192.451631 -41.194287 5 0.9740000000000001 nan nan nan nan 18.1632 0.0152 18.1158 0.0127
192.651998 -41.420928 11 0.983 17.2552 0.0146 16.9136 0.012 16.7481 0.0137 16.7043 0.0062
192.689091 -41.35675 5 0.95 nan nan nan nan 18.5607 0.0111 18.2798 0.0166
192.508679 -41.477272 5 0.961 nan nan 17.8745 0.0295 17.8041 0.0321 17.7627 0.0784
192.49832 -41.189199 6 0.968 nan nan nan nan 18.329 0.0423 17.8773 0.042
192.30891699999998 -41.34773 7 0.981 nan nan 18.2112 0.0425 18.0358 0.009000000000000001 17.8856 0.0191
192.64003799999998 -41.234712 15 0.983 16.8653 0.0107 16.5942 0.0135 16.3377 0.0168 16.2096 0.0101
192.308543 -41.321571999999996 8 0.982 nan nan 17.6644 0.0191 17.4489 0.0083 17.3399 0.0097
192.671729 -41.3987 14 0.982 17.475 0.0162 16.8679 0.0116 16.361 0.0138 16.1142 0.0075
192.50728 -41.477789 4 0.97 nan nan nan nan 17.9963 0.0185 17.6428 0.0199
192.327821 -41.268145000000004 16 0.9890000000000001 17.1725 0.0331 16.5201 0.0306 16.1764 0.0089 16.0395 0.0077
192.515254 -41.477771000000004 13 0.983 16.9497 0.0253 16.4986 0.0134 16.2284 0.0082 16.1867 0.0197
192.336791 -41.410976 7 0.981 17.8821 0.0536 17.6727 0.0307 17.4003 0.01 17.3891 0.0184
192.404652 -41.459581 11 0.983 17.5634 0.0266 16.9188 0.0583 16.5805 0.0087 16.4146 0.021
192.607417 -41.212427000000005 9 0.982 nan nan 18.0708 0.0276 16.9842 0.0114 16.6 0.0083
192.30641599999998 -41.327784 17 0.99 17.7706 0.0295 16.9673 0.0488 16.456 0.0092 16.2692 0.0112
192.505447 -41.187478000000006 4 0.97 nan nan nan nan 18.6583 0.0112 18.2003 0.0109
192.337125 -41.413253999999995 3 0.9570000000000001 nan nan nan nan 18.8661 0.012 18.7803 0.0292
192.62627700000002 -41.444538 5 0.973 nan nan nan nan 18.3415 0.0154 18.3381 0.0436
192.691299 -41.360564000000004 5 0.961 nan nan nan nan 18.3238 0.0392 18.2359 0.013000000000000001
192.694677 -41.332514 17 0.9840000000000001 14.8925 0.0085 14.6048 0.0156 14.4201 0.005 14.3671 0.0058
192.690997 -41.304606 11 0.983 17.1261 0.0129 16.7536 0.0161 16.4496 0.0062 16.3593 0.016
192.69538400000002 -41.328426 11 0.9840000000000001 16.1737 0.0081 15.6271 0.0127 15.2742 0.0095 15.1304 0.0061
192.67574399999998 -41.269022 6 0.976 nan nan 18.3089 0.0342 18.0729 0.018000000000000002 17.9892 0.0172
192.30432 -41.33964 22 0.9990000000000001 13.5561 0.0069 13.2522 0.0122 13.0798 0.0063 13.0518 0.0048
192.68770800000001 -41.37648 11 0.982 17.840999999999998 0.0345 17.4241 0.0925 17.3393 0.0067 17.2617 0.0112
192.55273400000002 -41.475390999999995 13 0.982 16.6788 0.0194 16.361 0.0202 16.1404 0.0093 16.1073 0.0176
192.30353300000002 -41.335224 7 0.976 nan nan 18.147000000000002 0.0145 17.9297 0.0302 17.8417 0.0091
192.513251 -41.480582 11 0.986 16.27 0.0094 15.9461 0.0089 15.7134 0.0219 15.6383 0.0067
192.317142 -41.387772 11 0.982 nan nan 17.9496 0.0599 17.0681 0.0121 16.7002 0.0106
192.419763 -41.19836 13 0.9840000000000001 17.4923 0.0279 16.592 0.0092 15.0594 0.0059 14.4838 0.0053
192.30879 -41.297965000000005 5 0.9570000000000001 nan nan nan nan 18.3832 0.0451 18.2436 0.0615
192.652863 -41.239758 14 0.983 17.4838 0.0259 17.1341 0.0228 16.8904 0.0119 16.808 0.008
192.362875 -41.226872 19 0.983 16.6375 0.0277 16.1416 0.0114 15.9106 0.0095 15.8369 0.0099
192.695974 -41.350832000000004 13 0.9940000000000001 15.3411 0.008 14.7547 0.0085 14.3679 0.0058 14.1839 0.0053
192.627483 -41.446502 16 0.9840000000000001 16.5034 0.0215 16.1727 0.0126 15.97 0.0053 15.912 0.0076
192.697121 -41.324131 11 0.985 16.5148 0.0102 16.1314 0.0082 15.866 0.0082 15.7631 0.0061
192.667141 -41.254315999999996 17 0.993 15.3321 0.0073 14.8116 0.0072 14.397 0.0044 14.2261 0.0064
192.672373 -41.260363 9 0.983 nan nan 17.3316 0.0207 17.0544 0.0115 16.8771 0.0108
192.615983 -41.212548 6 0.977 nan nan nan nan 17.9192 0.0213 17.6595 0.033
192.681865 -41.273879 5 0.978 nan nan nan nan 17.6836 0.009000000000000001 17.2785 0.0178
192.609872 -41.209123999999996 6 0.98 nan nan nan nan 17.6985 0.0164 17.0997 0.008
192.393892 -41.459526000000004 9 0.988 17.5117 0.0225 17.0054 0.0338 16.6738 0.0072 16.5622 0.0116
192.567773 -41.473620000000004 16 0.9840000000000001 15.6924 0.0265 15.3319 0.0072 15.0677 0.0057 14.989 0.0067
192.685724 -41.280122 5 0.9670000000000001 nan nan nan nan 18.4255 0.0098 18.2099 0.0158
192.491853 -41.482741 6 0.98 nan nan 17.437 0.0225 17.3143 0.01 17.2393 0.0113
192.459025 -41.186628000000006 12 0.983 15.9219 0.0353 15.6021 0.0491 15.3961 0.0058 15.3367 0.0148
192.583765 -41.469640000000005 12 0.982 17.1819 0.0101 16.7061 0.0452 16.5155 0.0076 16.4439 0.0116
192.660076 -41.423384999999996 7 0.978 nan nan 18.2273 0.0337 17.7206 0.015 17.6005 0.0408
192.315875 -41.392001 6 0.968 nan nan nan nan 18.4624 0.0269 18.5257 0.0109
192.699309 -41.319772 8 0.982 nan nan nan nan 17.2513 0.0088 16.8351 0.0137
192.32978799999998 -41.412662 12 0.982 17.8787 0.0289 17.4088 0.0156 17.1133 0.0133 16.9629 0.0116
192.689748 -41.382222999999996 12 0.99 16.6911 0.0505 16.2528 0.0403 16.0224 0.006 15.9064 0.0101
192.303901 -41.365528999999995 22 1.0 14.4511 0.0135 13.8177 0.0145 13.3744 0.0054 13.1817 0.0047
192.675999 -41.405878 9 0.9840000000000001 nan nan 17.4829 0.0179 16.9763 0.006999999999999999 16.7542 0.008
192.322743 -41.405118 11 0.98 17.9342 0.0149 17.7257 0.0154 17.5255 0.006 17.4865 0.009000000000000001
192.325523 -41.257967 12 0.9840000000000001 17.5231 0.019 16.9599 0.0417 16.6279 0.0084 16.5058 0.0076
192.681071 -41.267291 13 0.9840000000000001 16.570999999999998 0.0138 16.248 0.011000000000000001 16.0483 0.0082 15.9587 0.0155
192.470619 -41.183738 10 0.9840000000000001 16.6623 0.05 16.2612 0.0088 16.0501 0.0068 15.964 0.0251
192.509652 -41.182227000000005 4 0.971 nan nan nan nan 18.3531 0.0102 17.9791 0.0097
192.46096699999998 -41.184903999999996 3 0.966 nan nan nan nan 18.5088 0.0148 18.4367 0.0331
192.694433 -41.292718 10 0.982 17.7813 0.0285 17.3671 0.1181 17.0469 0.0063 16.9064 0.0073
192.458228 -41.184536 11 0.983 16.2787 0.0184 15.8427 0.0091 15.6053 0.0093 15.5162 0.0247
192.417509 -41.472382 6 0.968 nan nan 17.8575 0.0304 17.5593 0.0636 17.4903 0.0139
192.62096 -41.21127 5 0.971 nan nan nan nan 18.0113 0.0098 17.6809 0.0192
192.4268 -41.190841 5 0.975 nan nan 18.0559 0.0283 17.8557 0.0107 17.6867 0.0084
192.409255 -41.196567 5 0.977 nan nan nan nan 18.1799 0.0146 18.065 0.0431
192.29721 -41.349323 19 0.998 13.0833 0.0066 12.7838 0.0074 12.6303 0.0057 12.605 0.0047
192.609023 -41.203768 20 0.998 14.8565 0.0146 14.5111 0.0062 14.2878 0.0048 14.2185 0.0068
192.407059 -41.470013 11 0.983 17.0341 0.0237 16.7162 0.0094 16.3308 0.0111 16.2393 0.0088
192.420518 -41.474716 4 0.9570000000000001 nan nan nan nan 18.0763 0.0857 18.0358 0.0411
192.359692 -41.22156 17 0.983 17.4664 0.0218 17.0757 0.0357 16.8729 0.0115 16.7854 0.0069
192.307778 -41.280614 12 0.981 nan nan 17.6837 0.0171 17.2548 0.0153 17.1423 0.0154
192.356666 -41.443933 6 0.966 nan nan nan nan 18.1356 0.0133 17.6388 0.0147
192.511787 -41.179066 4 0.975 nan nan nan nan 18.567999999999998 0.0228 18.5742 0.0195
192.697944 -41.376627 4 0.968 nan nan nan nan 18.5977 0.0415 18.0918 0.0795
192.623188 -41.457706 6 0.978 nan nan 18.2121 0.0131 17.5635 0.027000000000000003 17.3333 0.0194
192.35746699999999 -41.221059999999994 6 0.9740000000000001 nan nan nan nan 18.1286 0.0298 17.9991 0.0526
192.34461000000002 -41.230971000000004 5 0.9740000000000001 nan nan 18.3139 0.0251 18.24 0.012 18.1853 0.0132
192.462049 -41.486087 6 0.977 17.5138 0.0159 17.201 0.0118 16.8887 0.0256 16.7599 0.0592
192.635891 -41.21611 7 0.981 nan nan 17.9245 0.0219 17.6357 0.0105 17.5588 0.0209
192.637973 -41.217226000000004 8 0.982 nan nan 17.590999999999998 0.0216 17.1487 0.0176 17.0129 0.0093
192.29261499999998 -41.334436 8 0.97 nan nan 18.2425 0.0334 18.0032 0.0126 17.8083 0.0174
192.308118 -41.274358 23 0.991 13.7099 0.0149 13.4046 0.0204 13.1729 0.0112 13.1548 0.0204
192.377223 -41.458974 4 0.961 nan nan nan nan 18.0833 0.0118 17.7282 0.0188
192.406899 -41.19409 16 0.9890000000000001 16.3273 0.0387 16.0415 0.0218 15.8527 0.0056 15.7923 0.0078
192.37141100000002 -41.211069 8 0.977 nan nan 17.9625 0.0179 17.727999999999998 0.0294 17.6467 0.024
192.704588 -41.359916 8 0.982 nan nan 18.1003 0.0307 17.2844 0.0196 16.8929 0.0108
192.298702 -41.372033 21 0.9940000000000001 15.8043 0.0156 15.475999999999999 0.0088 15.2398 0.0055 15.1765 0.0051
192.70825 -41.331682 9 0.982 nan nan 18.116 0.0279 17.0715 0.0076 16.6932 0.0156
192.33293999999998 -41.426947999999996 4 0.976 nan nan nan nan 18.0538 0.01 18.0405 0.0204
192.302726 -41.383857 6 0.978 nan nan nan nan 18.2089 0.015 17.8658 0.0298
192.38186100000001 -41.462274 10 0.983 17.3119 0.0199 16.9637 0.0305 16.7108 0.0108 16.6395 0.0154
192.426578 -41.186745 9 0.983 17.6064 0.0216 17.3642 0.0695 17.1766 0.0092 17.1178 0.0078
192.70859099999998 -41.340045 5 0.976 nan nan nan nan 17.9085 0.0186 17.8278 0.0393
192.376071 -41.207189 16 0.9840000000000001 15.9392 0.0233 15.5504 0.0223 15.3265 0.008 15.2769 0.0049
192.360623 -41.216389 4 0.9590000000000001 nan nan nan nan 18.6833 0.0125 18.4726 0.0159
192.430934 -41.481626 6 0.9790000000000001 nan nan 17.7574 0.0205 17.4297 0.0094 17.3625 0.0207
192.581656 -41.188558 5 0.951 nan nan nan nan 18.5841 0.0104 18.4857 0.0143
192.680714 -41.253777 15 0.992 17.1537 0.0983 16.6427 0.0103 16.2606 0.0051 16.0785 0.0058
192.627203 -41.458688 13 0.9840000000000001 16.6171 0.0165 16.1323 0.0073 15.8175 0.0131 15.6911 0.013999999999999999
192.291818 -41.313623 21 0.9890000000000001 15.6574 0.0082 15.2015 0.0086 14.9022 0.0045 14.7939 0.0063
192.427872 -41.185278000000004 7 0.981 nan nan nan nan 17.5477 0.0172 17.0525 0.0198
192.58343200000002 -41.188438 6 0.977 nan nan nan nan 18.0997 0.0177 17.8603 0.0101
192.707338 -41.307063 10 0.983 17.5248 0.0167 17.0864 0.0138 16.8209 0.016 16.7309 0.015
192.444127 -41.180986 11 0.982 17.6058 0.0357 17.197 0.0387 16.9804 0.0126 16.8489 0.013000000000000001
192.451433 -41.179477 7 0.965 nan nan 17.8825 0.0274 17.7697 0.0121 17.707 0.0374
192.46106799999998 -41.488890999999995 8 0.981 16.8404 0.0144 16.378 0.033 15.9933 0.0119 15.8759 0.0082
192.289577 -41.342832 18 0.9840000000000001 16.9306 0.0213 16.4639 0.0082 16.2323 0.0059 16.1556 0.0143
192.679762 -41.250707 17 0.985 15.5845 0.0122 15.088 0.008 14.7386 0.0051 14.5844 0.0068
192.489452 -41.491513 4 0.951 nan nan nan nan 18.3575 0.0164 17.9922 0.0128
192.56707 -41.483576 12 0.9840000000000001 16.236 0.0098 15.8161 0.0074 15.5586 0.0095 15.4734 0.0086
192.372031 -41.207382 5 0.975 nan nan nan nan 18.3978 0.0174 18.4357 0.0913
192.491151 -41.174959 15 0.985 16.3552 0.0103 15.9156 0.0083 15.6705 0.0065 15.5876 0.0106
192.671174 -41.42628 9 0.98 nan nan 17.2969 0.0197 16.9607 0.0067 16.844 0.01
192.40656299999998 -41.19093 7 0.9790000000000001 nan nan nan nan 17.6154 0.0117 17.3127 0.0285
192.372512 -41.460246000000005 16 0.987 14.5558 0.0062 13.7973 0.0061 13.2823 0.0054 13.0808 0.0053
192.38275900000002 -41.465841 7 0.981 nan nan 17.6202 0.0149 17.2555 0.0116 17.0767 0.0165
192.62553300000002 -41.461684999999996 13 0.9840000000000001 16.4939 0.026000000000000002 15.9977 0.0077 15.7247 0.0096 15.6268 0.0136
192.289237 -41.351255 4 0.958 nan nan nan nan 18.4809 0.0247 18.172 0.0106
192.708186 -41.36394 11 0.9940000000000001 17.706 0.0341 17.2306 0.0113 17.0087 0.0098 16.8928 0.0073
192.494553 -41.174076 7 0.982 nan nan 17.8227 0.0202 17.5111 0.0073 17.465999999999998 0.0247
192.289494 -41.35344 6 0.9670000000000001 nan nan nan nan 18.4445 0.0192 18.0767 0.0274
192.433504 -41.181915999999994 8 0.981 nan nan 17.8753 0.0128 17.4835 0.0063 17.2723 0.0252
192.288513 -41.349781 19 0.982 16.9715 0.0095 16.6809 0.0307 16.5276 0.006999999999999999 16.4855 0.0078
192.295342 -41.289555 12 0.981 nan nan 17.778 0.0524 17.3654 0.0164 17.1878 0.0101
192.695152 -41.269005 14 0.986 16.0312 0.0088 15.6514 0.0141 15.3303 0.0051 15.2141 0.0061
192.315887 -41.252697999999995 20 0.9840000000000001 15.7693 0.0075 15.4154 0.0105 15.1819 0.0051 15.1201 0.0073
192.707119 -41.295111999999996 13 0.985 16.8389 0.0672 16.436 0.0104 16.1835 0.0075 16.0878 0.0054
192.305744 -41.400145 14 0.987 17.2645 0.0169 16.8432 0.009000000000000001 16.4542 0.0056 16.3515 0.0078
192.60097 -41.191669 7 0.978 nan nan nan nan 17.7867 0.0255 17.2795 0.0178
192.326514 -41.427758000000004 4 0.96 nan nan nan nan 18.601 0.0288 18.5338 0.0202
192.40044 -41.475864 5 0.976 nan nan 18.1061 0.0543 17.7805 0.0159 17.6177 0.0427
192.31354299999998 -41.253725 15 0.986 16.3934 0.042 16.009 0.0094 15.7643 0.0049 15.6752 0.0054
192.368907 -41.205836 8 0.98 nan nan 17.9387 0.0281 17.8213 0.0276 17.7583 0.0443
192.288049 -41.359371 28 0.973 14.8801 0.0268 14.5677 0.0222 14.335999999999999 0.0243 14.3377 0.021
192.58899499999998 -41.480703999999996 8 0.981 nan nan 17.4578 0.0256 17.0357 0.0082 16.8088 0.0132
192.68026799999998 -41.422498 7 0.9640000000000001 nan nan 17.6876 0.0165 17.4846 0.0086 17.4121 0.0185
192.284416 -41.34344 7 0.9790000000000001 nan nan 18.0404 0.0398 17.7935 0.0107 17.6785 0.0251
192.710708 -41.371106 13 0.983 16.3671 0.0176 16.0338 0.0131 15.8457 0.0056 15.7749 0.006999999999999999
192.57738899999998 -41.181475 7 0.9790000000000001 nan nan 17.9023 0.0229 17.7 0.0139 17.6158 0.0376
192.286022 -41.358743 11 0.982 nan nan 16.4342 0.015 16.12 0.0085 15.9979 0.0127
192.70299599999998 -41.275746000000005 4 0.9620000000000001 nan nan nan nan 18.7361 0.0465 18.6213 0.0154
192.445718 -41.175352000000004 16 0.985 16.8535 0.0436 15.9395 0.0068 14.872 0.0043 14.4503 0.0101
192.550278 -41.492204 17 0.9840000000000001 15.4074 0.0141 15.0194 0.0112 14.789000000000001 0.0065 14.7283 0.0053
192.597553 -41.187426 8 0.975 nan nan 18.1046 0.0174 17.5335 0.0171 17.3251 0.0224
192.667282 -41.229040000000005 6 0.976 nan nan nan nan 18.2009 0.0174 17.6488 0.0086
192.466554 -41.494933 7 0.9790000000000001 17.6522 0.0128 17.0814 0.0473 16.7703 0.0085 16.6654 0.0318
192.40866 -41.482042 5 0.9790000000000001 nan nan 17.7851 0.0182 17.561 0.0665 17.4277 0.04
192.489723 -41.497015000000005 15 0.983 15.0826 0.0072 14.594000000000001 0.0076 14.213 0.0054 14.0631 0.0061
192.555541 -41.174775 8 0.981 nan nan 17.8011 0.0152 17.4833 0.0261 17.3184 0.0083
192.60791799999998 -41.476123 9 0.983 17.1287 0.0117 16.8705 0.0103 16.6762 0.0083 16.6181 0.0077
192.425004 -41.179048 6 0.961 nan nan nan nan 18.4776 0.0391 18.3004 0.046
192.712539 -41.294565999999996 8 0.981 nan nan 18.0513 0.019 17.2229 0.0087 16.8864 0.0079
192.664047 -41.442403999999996 8 0.9790000000000001 nan nan 17.8078 0.0261 17.6015 0.0193 17.5719 0.0413
192.45378300000002 -41.494303 4 0.9740000000000001 nan nan 17.5629 0.0232 17.1977 0.0189 17.0983 0.0378
192.630071 -41.466404 6 0.98 nan nan 17.569000000000003 0.0158 17.3867 0.0192 17.2886 0.0102
192.358226 -41.207291999999995 8 0.9790000000000001 nan nan 17.9536 0.0278 17.6322 0.0278 17.5725 0.0191
192.683625 -41.242595 8 0.9840000000000001 nan nan 17.4947 0.0439 17.2585 0.0149 17.1376 0.0115
192.317599 -41.240967 0 0.997 nan nan nan nan nan nan nan nan
192.720324 -41.333695 5 0.982 nan nan nan nan 17.1001 0.0096 16.6661 0.0138
192.31866599999998 -41.239338000000004 16 0.991 17.1285 0.0392 16.7623 0.0092 16.518 0.0064 16.4336 0.0058
192.287923 -41.379217 4 0.9670000000000001 nan nan nan nan 18.7547 0.0859 18.3478 0.0156
192.362709 -41.203596000000005 26 0.992 13.4152 0.0087 13.1756 0.0057 13.0475 0.0084 13.0458 0.0069
192.661824 -41.446352000000005 5 0.9690000000000001 nan nan nan nan 18.5907 0.0114 18.6187 0.0347
192.654496 -41.452005 3 0.9690000000000001 nan nan nan nan 18.0612 0.0115 17.8673 0.0345
192.621032 -41.194547 4 0.953 nan nan nan nan 18.6017 0.0268 18.508 0.0843
192.622007 -41.471785 8 0.981 nan nan 17.6763 0.0173 17.0028 0.0269 16.7131 0.0271
192.279286 -41.342406 24 0.9990000000000001 13.5917 0.0055 12.9668 0.0061 12.5009 0.0047 12.295 0.0043
192.666764 -41.224385 8 0.978 nan nan 18.1754 0.0303 17.676 0.0129 17.5624 0.0078
192.37069 -41.198681 16 0.9890000000000001 16.8905 0.0432 16.5844 0.013000000000000001 16.3591 0.0061 16.2892 0.0109
192.328261 -41.438396999999995 7 0.982 nan nan 17.2961 0.0597 17.0686 0.0072 16.9297 0.0085
192.619862 -41.193546000000005 6 0.9790000000000001 nan nan 17.9143 0.0277 17.8455 0.0082 17.7367 0.0137
192.342555 -41.216465 4 0.976 nan nan nan nan 18.061 0.0221 17.9416 0.0103
192.631153 -41.199040999999994 12 0.982 17.7819 0.0155 17.3198 0.0146 17.1564 0.0081 17.0691 0.0242
192.408806 -41.485462 16 0.9890000000000001 15.532 0.0119 15.1647 0.0135 14.912 0.0066 14.8232 0.0062
192.635795 -41.201285 5 0.9690000000000001 nan nan nan nan 18.2496 0.0187 17.8741 0.0332
192.474105 -41.167568 5 0.981 nan nan 17.6351 0.0174 17.437 0.0347 17.3982 0.0109
192.70719499999998 -41.394358000000004 10 0.983 17.5775 0.0113 17.2493 0.0292 17.0 0.0067 16.9417 0.0086
192.611413 -41.478404 5 0.975 nan nan 17.9965 0.0185 17.7857 0.0122 17.6458 0.0224
192.27821799999998 -41.35171 18 0.983 17.3917 0.0513 16.7225 0.0127 16.3185 0.0117 16.163 0.0152
192.711647 -41.278655 8 0.981 nan nan 17.6973 0.017 17.5667 0.013000000000000001 17.413 0.054000000000000006
192.355099 -41.205052 9 0.978 nan nan 18.1723 0.02 17.9146 0.036000000000000004 17.7125 0.0184
192.724133 -41.331798 4 0.96 nan nan nan nan 18.6024 0.0123 18.2898 0.0311
192.328017 -41.441463 4 0.9690000000000001 nan nan nan nan 18.4737 0.0119 18.2224 0.0452
192.43209299999998 -41.172852 17 0.991 14.7493 0.0078 14.2708 0.023 13.940999999999999 0.0045 13.7905 0.0053
192.28024299999998 -41.299623 5 0.972 nan nan nan nan 18.4166 0.0245 18.1946 0.0226
192.594325 -41.486534000000006 4 0.968 nan nan nan nan 18.0366 0.045 17.951 0.019
192.27576000000002 -41.321555 15 0.983 17.579 0.0149 17.2137 0.0183 17.0839 0.0082 17.0621 0.0076
192.724619 -41.323231 4 0.9790000000000001 nan nan nan nan 18.1221 0.0154 18.074 0.043
192.664864 -41.448582 8 0.982 nan nan 17.6056 0.0151 17.3582 0.0208 17.1933 0.0075
192.364696 -41.198285999999996 10 0.982 17.8836 0.0266 17.6004 0.0207 17.4082 0.0133 17.3794 0.0093
192.331329 -41.221282 14 0.9840000000000001 17.8688 0.0194 16.8817 0.0214 15.5171 0.005 15.0138 0.0049
192.543996 -41.499509 8 0.98 nan nan 17.3898 0.0223 16.5448 0.0091 16.3573 0.0065
192.48345600000002 -41.164369 14 0.983 17.082 0.107 16.6726 0.012 16.4543 0.0169 16.3796 0.0062
192.617682 -41.478072999999995 12 0.983 16.6985 0.0101 16.32 0.0097 16.0437 0.0067 15.9792 0.0144
192.326246 -41.441831 4 0.97 nan nan nan nan 18.1682 0.0108 18.1188 0.0266
192.677245 -41.438619 5 0.987 nan nan nan nan 18.4857 0.0251 18.3412 0.0153
192.283467 -41.382126 4 0.9540000000000001 nan nan nan nan 18.5959 0.0162 18.4156 0.0796
192.712922 -41.390565 5 0.958 nan nan nan nan 18.480999999999998 0.0186 18.3216 0.0188
192.34731200000002 -41.207983 15 0.983 16.9034 0.0134 16.4387 0.0145 16.1135 0.0057 15.9582 0.0147
192.630497 -41.194346 5 0.9690000000000001 nan nan nan nan 18.3443 0.0101 18.227999999999998 0.0135
192.64143700000002 -41.200472999999995 14 0.9840000000000001 17.0736 0.0368 16.6872 0.0089 16.4403 0.0056 16.3408 0.0097
192.325356 -41.224579999999996 4 0.951 nan nan nan nan 18.4684 0.0668 18.3847 0.0864
192.713556 -41.275573 4 0.97 nan nan nan nan 18.7251 0.0213 18.7306 0.0778
192.323139 -41.441076 12 0.983 17.1598 0.0134 16.8819 0.0109 16.6579 0.0205 16.5984 0.0065
192.3003 -41.250869 15 0.9840000000000001 16.4562 0.0072 16.145 0.0084 15.9036 0.0074 15.8358 0.0083
192.442877 -41.16749 6 0.95 nan nan nan nan 18.6546 0.0207 18.2845 0.0234
192.373498 -41.190705 18 0.986 15.1712 0.0141 14.8415 0.0095 14.6386 0.0075 14.5769 0.0047
192.720648 -41.377765000000004 8 0.982 nan nan 17.2981 0.051 16.9732 0.0077 16.8656 0.0277
192.5941 -41.176981 7 0.98 nan nan nan nan 17.7686 0.0093 17.4458 0.0452
192.5813 -41.172913 4 0.976 nan nan nan nan 18.1792 0.0081 17.9992 0.0109
192.718017 -41.385569 11 0.983 17.3807 0.0202 16.914 0.021 16.6974 0.0069 16.6152 0.0107
192.715583 -41.275912 5 0.972 nan nan nan nan 18.3128 0.0231 18.1628 0.0134
192.713079 -41.270801 14 0.9840000000000001 16.0116 0.0143 15.727 0.0083 15.478 0.0053 15.4099 0.0062
192.34634599999998 -41.206043 15 0.985 16.6221 0.0211 16.1748 0.0125 15.901 0.0073 15.8147 0.0061
192.42873899999998 -41.496784000000005 13 0.982 17.0835 0.0325 16.6455 0.0215 16.2759 0.0166 16.1506 0.0078
192.579337 -41.171965 6 0.98 nan nan nan nan 17.6668 0.0094 17.2634 0.0142
192.388839 -41.484027000000005 4 0.965 nan nan nan nan 18.2845 0.034 17.9093 0.0182
192.66808 -41.216272 5 0.955 nan nan nan nan 18.5731 0.0108 17.9784 0.0268
192.407708 -41.175455 15 0.975 17.4655 0.0201 16.9751 0.0139 16.5425 0.0137 16.4138 0.0182
192.71338899999998 -41.39865 6 0.978 nan nan nan nan 17.776 0.0081 17.3344 0.0284
192.717102 -41.275413 8 0.982 nan nan 17.9842 0.0492 16.9851 0.016 16.6449 0.0066
192.45708 -41.503409000000005 8 0.982 16.2514 0.0676 15.749 0.0074 15.3927 0.0095 15.2289 0.0161
192.65729299999998 -41.460091999999996 4 0.9670000000000001 nan nan nan nan 18.0823 0.0181 17.822 0.0422
192.573518 -41.169204 21 0.993 14.3888 0.0076 13.9969 0.0067 13.7739 0.0043 13.7152 0.0057
192.334835 -41.212181 12 0.98 17.625999999999998 0.017 17.322 0.0148 17.0729 0.0113 16.8943 0.0223
192.654893 -41.462323 5 0.978 nan nan 17.8464 0.0386 17.552 0.0187 17.3947 0.0142
192.306773 -41.238131 11 0.98 nan nan 17.8147 0.0154 17.434 0.0086 17.2506 0.0075
192.279277 -41.281735999999995 5 0.973 nan nan nan nan 18.1218 0.0168 18.0598 0.0869
192.415284 -41.495098999999996 5 0.9590000000000001 nan nan 18.2072 0.0167 17.9501 0.0151 17.8806 0.078
192.289965 -41.260258 17 0.9840000000000001 17.2395 0.0577 16.961 0.0231 16.8286 0.0056 16.7996 0.0084
192.725922 -41.294445 8 0.983 nan nan 16.81 0.0423 16.4519 0.0094 16.2953 0.0134
192.599643 -41.1761 7 0.978 nan nan 18.0551 0.0319 17.724 0.016 17.639 0.0075
192.67721799999998 -41.220938000000004 10 0.983 nan nan 17.1743 0.1385 16.5141 0.0078 16.2029 0.0072
192.403884 -41.492002 4 0.9670000000000001 nan nan nan nan 18.1326 0.039 17.8887 0.023
192.545622 -41.162444 6 0.975 nan nan 18.2405 0.0271 18.1465 0.0082 18.0394 0.0264
192.665996 -41.455428000000005 13 0.983 16.5548 0.0099 16.2322 0.0159 16.0404 0.0201 15.9955 0.006
192.401434 -41.491326 13 0.982 16.7676 0.0312 16.4863 0.0117 16.3102 0.0216 16.3021 0.0116
192.26873700000002 -41.315521000000004 5 0.9640000000000001 nan nan nan nan 18.3585 0.0095 18.1599 0.011000000000000001
192.282872 -41.271001 4 0.95 nan nan nan nan 18.6571 0.009000000000000001 18.5586 0.0124
192.732176 -41.343973 5 0.986 nan nan nan nan 17.7251 0.0155 17.4539 0.0203
192.724065 -41.381452 4 0.975 nan nan nan nan 18.224 0.0098 17.9448 0.0138
192.561963 -41.164691 11 0.982 17.2294 0.0125 16.7955 0.0124 16.6857 0.0067 16.6133 0.0219
192.456575 -41.505421000000005 9 0.983 15.6312 0.0181 15.1438 0.0099 14.7738 0.0154 14.63 0.0078
192.691683 -41.233659 10 0.982 17.797 0.0184 17.473 0.0136 17.192999999999998 0.0125 17.1154 0.0209
192.63160200000002 -41.478072 5 0.976 nan nan 18.0815 0.022000000000000002 17.7117 0.0124 17.6213 0.0508
192.48593300000002 -41.508249 8 0.982 nan nan 17.4349 0.0319 17.2137 0.0163 17.0743 0.0303
192.687778 -41.229248999999996 6 0.968 nan nan nan nan 18.199 0.0088 18.1685 0.0124
192.352941 -41.197205 4 0.9590000000000001 nan nan nan nan 18.5582 0.0195 18.1159 0.0693
192.58943 -41.171222 12 0.9890000000000001 17.5744 0.02 17.2215 0.0165 16.8014 0.0419 16.6603 0.0371
192.522627 -41.158551 8 0.981 nan nan 17.6068 0.0177 17.3352 0.0076 17.2299 0.0087
192.59184 -41.17183 12 0.983 17.2235 0.0141 16.8276 0.0133 16.4411 0.0068 16.2899 0.0084
192.707657 -41.252645 11 0.9840000000000001 17.271 0.0213 16.7869 0.0365 16.3613 0.009000000000000001 16.1967 0.011000000000000001
192.288937 -41.409351 19 0.9840000000000001 17.4177 0.0534 16.6833 0.0379 16.0971 0.0108 15.9047 0.0082
192.671438 -41.213761 8 0.981 nan nan 17.7177 0.022000000000000002 17.4864 0.0091 17.4132 0.016
192.580727 -41.498415 4 0.961 nan nan nan nan 17.9998 0.0151 17.9169 0.06
192.26644299999998 -41.319935 18 0.983 17.1406 0.0464 16.8028 0.013999999999999999 16.4645 0.0128 16.3617 0.0059
192.444187 -41.162458 16 0.9840000000000001 16.0411 0.0434 15.4322 0.0092 15.1011 0.0079 14.9626 0.0053
192.6525 -41.199699 12 0.983 17.4953 0.0135 17.1706 0.0877 16.8345 0.006 16.7439 0.006
192.288973 -41.256213 5 0.9640000000000001 nan nan nan nan 18.5006 0.0453 18.4059 0.0332
192.643138 -41.193544 5 0.9790000000000001 nan nan nan nan 18.0583 0.0157 18.0079 0.0108
192.281316 -41.398053000000004 5 0.9620000000000001 nan nan nan nan 18.4921 0.0202 18.4273 0.0423
192.732746 -41.308278 12 0.9840000000000001 16.2432 0.0142 15.9266 0.0721 15.6853 0.0061 15.6021 0.006999999999999999
192.268494 -41.301662 20 0.982 17.2088 0.0087 16.8547 0.0648 16.6156 0.0094 16.5408 0.0286
192.734079 -41.353388 4 0.9740000000000001 nan nan nan nan 18.1518 0.0086 17.9713 0.0155
192.689478 -41.438697 6 0.98 nan nan 17.7363 0.0215 17.5496 0.0084 17.5248 0.0153
192.333631 -41.458837 5 0.981 nan nan nan nan 17.0677 0.0549 16.4956 0.0156
192.313718 -41.441937 7 0.9620000000000001 nan nan 17.7783 0.0218 17.627 0.0148 17.5869 0.0303
192.731074 -41.368645 7 0.983 nan nan 17.4226 0.0173 16.9115 0.0095 16.6112 0.0113
192.286851 -41.409251 9 0.981 nan nan 17.8348 0.0695 17.5462 0.01 17.4524 0.0312
192.28259599999998 -41.402434 12 0.98 nan nan 17.5464 0.0448 17.282 0.0133 17.1304 0.0167
192.729268 -41.291548 5 0.98 nan nan nan nan 17.5017 0.0108 17.4055 0.024
192.356099 -41.192956 8 0.971 nan nan nan nan 18.03 0.0218 17.4012 0.0188
192.636961 -41.189046999999995 4 0.9790000000000001 nan nan nan nan 18.309 0.0112 18.1842 0.0179
192.531613 -41.157453000000004 20 0.988 14.8953 0.0064 14.5851 0.0076 14.4369 0.0044 14.3889 0.0067
192.42838700000001 -41.502638 5 0.98 nan nan 18.0745 0.0246 17.4977 0.0407 17.3567 0.0392
192.286667 -41.410423 5 0.958 nan nan nan nan 18.2137 0.033 18.2631 0.0343
192.465494 -41.157523 7 0.983 17.4952 0.0241 17.1348 0.0146 16.8113 0.0083 16.7137 0.0156
192.61736100000002 -41.179016 8 0.982 nan nan 17.3715 0.0276 17.1515 0.0122 17.0859 0.0213
192.290418 -41.250251 20 0.9840000000000001 16.3083 0.0079 15.7579 0.0107 15.4246 0.0077 15.2856 0.0045
192.634097 -41.186335 4 0.976 nan nan nan nan 18.085 0.0182 17.9451 0.0176
192.412063 -41.167757 6 0.9740000000000001 nan nan nan nan 18.5406 0.0112 18.4683 0.0242
192.266428 -41.300754 11 0.982 nan nan 17.6338 0.0269 17.3921 0.0233 17.2746 0.015
192.423666 -41.502497 7 0.9790000000000001 nan nan 17.8242 0.0232 17.4383 0.0132 17.2081 0.0249
192.68356799999998 -41.447125 16 0.9990000000000001 11.0179 0.0065 10.8141 0.0062 10.7076 0.0061 10.700999999999999 0.0071
192.619112 -41.178724 14 0.983 17.4098 0.0359 16.9577 0.0116 16.7038 0.0127 16.6298 0.0088
192.26193899999998 -41.329811 6 0.961 nan nan nan nan 18.396 0.0175 18.1843 0.0287
192.335499 -41.204127 13 0.983 17.2489 0.0251 16.7445 0.037000000000000005 16.4782 0.0063 16.3607 0.0104
192.52271399999998 -41.51142 4 0.961 nan nan nan nan 18.5858 0.0094 18.4736 0.0329
192.269632 -41.287737 14 0.983 17.6108 0.0202 17.1664 0.0139 16.96 0.0065 16.8894 0.0068
192.443812 -41.159431 16 0.9840000000000001 16.5089 0.0208 16.1569 0.0205 15.9295 0.0058 15.8569 0.0148
192.53161699999998 -41.510765 4 0.973 nan nan nan nan 18.3178 0.0354 18.1264 0.0134
192.321194 -41.451899 4 0.9670000000000001 nan nan nan nan 17.887999999999998 0.0172 17.4897 0.0089
192.733564 -41.369969 7 0.982 nan nan 17.3383 0.0127 17.048 0.0075 16.9748 0.0122
192.551286 -41.158359999999995 4 0.9640000000000001 nan nan nan nan 18.4114 0.0182 18.2505 0.0324
192.73515 -41.302821 0 0.9690000000000001 nan nan nan nan nan nan nan nan
192.625793 -41.485837 4 0.9790000000000001 nan nan nan nan 17.5 0.0167 17.0708 0.0142
192.731226 -41.378485 7 0.982 nan nan 17.0735 0.0243 16.9697 0.0093 16.8864 0.0179
192.359166 -41.188342999999996 24 0.9840000000000001 15.466 0.0068 15.0874 0.006 14.8693 0.0068 14.8018 0.0043
192.732814 -41.292429 4 0.968 nan nan nan nan 18.2587 0.0228 18.2246 0.0653
192.336535 -41.202186 7 0.981 nan nan nan nan 17.5799 0.01 17.12 0.0286
192.26061299999998 -41.333954 6 0.9740000000000001 nan nan nan nan 18.1369 0.0245 17.5681 0.0122
192.354817 -41.476389000000005 12 0.983 17.6108 0.0299 16.6601 0.0152 15.8973 0.0064 15.5902 0.0058
192.2626 -41.357308 19 0.983 17.327 0.0099 16.8656 0.0129 16.565 0.0096 16.4877 0.0189
192.73931399999998 -41.324711 12 0.997 15.241 0.0085 14.812000000000001 0.0168 14.5603 0.0054 14.4621 0.0053
192.65446599999999 -41.195753 6 0.972 nan nan 18.1098 0.0359 17.9769 0.0131 17.971 0.0289
192.69682 -41.230702 7 0.98 nan nan 17.9227 0.0171 17.7015 0.0112 17.6076 0.0168
192.714529 -41.41422 13 0.982 16.8402 0.0119 16.295 0.0122 16.0588 0.0153 15.9338 0.0071
192.73904299999998 -41.317633 4 0.97 nan nan nan nan 18.4968 0.0178 18.2712 0.0854
192.72698300000002 -41.392367 9 0.987 nan nan 16.7371 0.0338 16.4118 0.0094 16.2932 0.0066
192.389755 -41.173115 12 0.983 16.8838 0.0938 16.6336 0.0114 16.3961 0.0292 16.3009 0.0182
192.73761399999998 -41.306364 4 0.9640000000000001 nan nan nan nan 18.429000000000002 0.0197 18.3053 0.0166
192.27751 -41.2644 17 0.982 17.3531 0.0092 16.9705 0.0088 16.6904 0.0071 16.6265 0.006
192.679597 -41.21297 4 0.966 nan nan nan nan 18.4604 0.0121 18.3109 0.0193
192.728731 -41.276835 13 0.993 15.5121 0.0097 14.8813 0.0404 14.4478 0.01 14.2644 0.0053
192.26706000000001 -41.287233 20 0.983 16.748 0.0077 16.4293 0.0114 16.1538 0.0069 16.0809 0.0066
192.260208 -41.314895 9 0.972 nan nan 18.2739 0.0509 18.0401 0.011000000000000001 17.9439 0.0453
192.36555 -41.182988 6 0.963 nan nan nan nan 18.5369 0.1144 18.4605 0.0126
192.286676 -41.24857 11 0.982 nan nan 17.2868 0.011000000000000001 16.982 0.0069 16.8016 0.01
192.54183 -41.511946 3 0.953 nan nan nan nan 18.5641 0.0173 17.7936 0.0092
192.64111 -41.186156 15 0.9840000000000001 16.5772 0.0254 16.232 0.0112 15.9112 0.0063 15.8077 0.0062
192.270933 -41.391467999999996 24 0.985 15.2705 0.0066 14.9154 0.0145 14.6674 0.0044 14.5949 0.0045
192.262466 -41.299811 7 0.9790000000000001 nan nan 18.1671 0.0449 17.9836 0.0186 17.9471 0.0144
192.385317 -41.173512 15 0.9890000000000001 15.5545 0.0068 15.2255 0.0091 15.0515 0.0082 14.9919 0.0092
192.721138 -41.260003000000005 7 0.981 nan nan nan nan 17.5461 0.0135 16.9843 0.0104
192.433629 -41.158569 4 0.978 nan nan nan nan 17.8159 0.0137 17.7617 0.0105
192.258554 -41.318474 17 0.983 17.2425 0.0096 16.9133 0.0106 16.6184 0.0088 16.5426 0.0257
192.272286 -41.396176000000004 20 0.963 17.0435 0.0308 16.5907 0.0395 16.3311 0.0105 16.2101 0.0109
192.648783 -41.189628000000006 16 0.993 15.9723 0.0079 15.3718 0.008 14.899000000000001 0.0045 14.7328 0.005
192.589926 -41.502590999999995 5 0.977 nan nan 17.8909 0.0231 17.6097 0.0104 17.492 0.0126
192.517701 -41.151478000000004 5 0.978 nan nan 18.2355 0.0255 17.8391 0.0114 17.7767 0.0165
192.684517 -41.452064 8 0.9790000000000001 17.6044 0.0152 17.1476 0.0242 16.9526 0.0079 16.899 0.0159
192.26203999999998 -41.296731 8 0.9740000000000001 nan nan nan nan 18.1412 0.0173 17.9574 0.0332
192.62031299999998 -41.174803000000004 13 0.986 nan nan 17.4996 0.0175 15.8801 0.0104 15.2334 0.0051
192.262891 -41.373767 17 0.983 17.3694 0.0585 17.0598 0.0237 16.7681 0.0062 16.695999999999998 0.0151
192.39807 -41.499261 4 0.951 nan nan nan nan 18.3681 0.0503 18.1347 0.0513
192.74266699999998 -41.346795 5 0.9790000000000001 nan nan nan nan 17.4453 0.0208 17.3649 0.0089
192.732043 -41.388708 4 0.9540000000000001 nan nan nan nan 18.7126 0.0114 18.4974 0.0296
192.574126 -41.507694 6 0.972 nan nan 18.3262 0.0212 17.8179 0.0096 17.5109 0.0278
192.711711 -41.242815 10 0.981 nan nan 17.2665 0.0445 16.9663 0.01 16.8084 0.009000000000000001
192.396314 -41.167697 7 0.9540000000000001 nan nan nan nan 17.3992 0.0516 16.8971 0.043
192.47814 -41.150729 14 0.986 14.1311 0.0076 13.8297 0.0117 13.6439 0.0053 13.6043 0.0062
192.41648 -41.160984 8 0.98 nan nan 17.7374 0.0216 17.3151 0.0131 17.1318 0.0073
192.610442 -41.169683 13 0.983 17.1587 0.0111 16.7049 0.0094 16.3293 0.0051 16.1961 0.0106
192.689134 -41.449967 15 0.988 13.6485 0.0096 13.397 0.0082 13.2892 0.0053 13.2759 0.0061
192.262526 -41.377907 7 0.976 nan nan nan nan 17.991 0.0093 17.5886 0.0083
192.330152 -41.465771999999994 4 0.975 nan nan nan nan 17.5565 0.067 17.1897 0.045
192.741062 -41.366102000000005 4 0.975 nan nan nan nan 18.0379 0.0091 18.0177 0.011000000000000001
192.301988 -41.225238 7 0.9790000000000001 nan nan nan nan 17.5542 0.0073 16.924 0.0091
192.50540800000002 -41.517329 4 0.9790000000000001 nan nan nan nan 17.7864 0.0091 17.6405 0.011000000000000001
192.337459 -41.195398 9 0.978 nan nan 17.5813 0.0324 17.0489 0.0115 16.8178 0.0194
192.507853 -41.1491 13 0.982 17.3665 0.0179 17.0542 0.0543 16.9073 0.0121 16.8154 0.0287
192.617059 -41.171129 5 0.966 nan nan nan nan 18.0949 0.015 18.0619 0.0212
192.334282 -41.196815 5 0.972 nan nan nan nan 18.1639 0.0446 18.016 0.0422
192.744441 -41.312007 7 0.982 nan nan nan nan 16.8339 0.0135 16.4187 0.0154
192.61614699999998 -41.170312 6 0.971 nan nan nan nan 18.4227 0.0238 18.1478 0.0126
192.511902 -41.518113 13 0.985 15.9881 0.0466 15.6633 0.018000000000000002 15.4647 0.0074 15.43 0.0076
192.273274 -41.260911 20 0.992 15.0093 0.0134 14.0617 0.006 12.5658 0.0054 12.0263 0.0048
192.624399 -41.173506 14 0.983 17.2078 0.0505 16.8498 0.0236 16.5969 0.0171 16.5186 0.0078
192.699569 -41.442313 12 0.9890000000000001 16.6051 0.0121 16.1471 0.0081 15.9692 0.0157 15.9107 0.0055
192.256761 -41.302774 11 0.981 nan nan 17.7428 0.0622 17.6118 0.0304 17.458 0.033
192.69968300000002 -41.224587 10 0.983 17.5844 0.019 17.4596 0.0525 17.1074 0.0154 17.0226 0.0258
192.279914 -41.41753 20 0.9840000000000001 17.0176 0.0147 16.1975 0.01 15.4827 0.0059 15.1968 0.0044
192.46710900000002 -41.149452000000004 3 0.971 nan nan nan nan 17.7885 0.0156 17.3594 0.0259
192.261292 -41.285258 25 0.996 14.0834 0.0067 13.5207 0.0061 13.1741 0.004 13.0338 0.0047
192.470851 -41.148964 14 0.991 13.3475 0.0074 13.0353 0.0118 12.8446 0.0053 12.7947 0.0061
192.733615 -41.394813 12 0.9670000000000001 16.7885 0.0245 16.1638 0.0195 15.8546 0.0115 15.697000000000001 0.0187
192.681893 -41.207266 6 0.976 nan nan nan nan 17.9872 0.0085 17.8471 0.0122
192.62053400000002 -41.495979 8 0.98 nan nan 17.8948 0.0297 17.3878 0.017 17.0947 0.024
192.582179 -41.157728000000006 9 0.977 nan nan 18.0768 0.0353 17.634 0.0292 17.5164 0.0277
192.584719 -41.508315 5 0.9540000000000001 nan nan 18.309 0.0216 18.2219 0.0519 18.1507 0.0682
192.38943799999998 -41.500029 15 0.986 15.2764 0.0082 14.8781 0.0104 14.6381 0.0065 14.5712 0.0056
192.322198 -41.203666999999996 7 0.973 nan nan nan nan 18.2027 0.0249 18.1192 0.0444
192.323035 -41.46427 10 0.981 17.4654 0.0214 17.0104 0.0165 16.8785 0.0242 16.8416 0.0271
192.559697 -41.152342 18 0.985 15.8797 0.013000000000000001 15.5615 0.0178 15.3203 0.0044 15.2726 0.0098
192.358164 -41.180314 10 0.981 18.102 0.046 17.5281 0.0231 17.3879 0.0068 17.3334 0.0325
192.26878200000002 -41.401738 21 0.985 16.2881 0.0097 15.9629 0.006999999999999999 15.7966 0.006 15.7415 0.0064
192.731716 -41.400816999999996 4 0.9670000000000001 nan nan nan nan 18.2029 0.0395 18.0375 0.0113
192.700765 -41.443881 5 0.958 nan nan nan nan 18.1042 0.0121 18.0704 0.0364
192.251675 -41.347896 22 0.983 16.587 0.0062 16.1607 0.0065 15.835999999999999 0.0058 15.7399 0.0058
192.256762 -41.293397999999996 5 0.97 nan nan nan nan 18.2198 0.0096 18.2922 0.0161
192.250931 -41.334326000000004 27 0.985 16.3291 0.0127 16.0042 0.0211 15.8099 0.0051 15.7615 0.0075
192.696896 -41.448274 4 0.963 nan nan nan nan 18.8194 0.0384 18.791 0.083
192.730868 -41.404351 4 0.9740000000000001 nan nan nan nan 18.1794 0.0102 17.615 0.0096
192.341206 -41.477937 9 0.983 16.7424 0.1016 16.3402 0.0094 16.1653 0.0413 16.0956 0.0075
192.27416499999998 -41.413638 9 0.981 nan nan nan nan 17.6714 0.0127 17.1759 0.0123
192.33484199999998 -41.192611 14 0.982 17.3227 0.0374 16.8587 0.0354 16.594 0.0107 16.5157 0.0289
192.744673 -41.295199 16 0.995 14.4058 0.0233 13.8605 0.008 13.4951 0.0047 13.3296 0.0053
192.445854 -41.150107 6 0.981 nan nan nan nan 17.4797 0.0104 17.1104 0.0115
192.45379599999998 -41.517806 2 0.977 nan nan nan nan 17.9302 0.0171 17.7562 0.025
192.737828 -41.275395 11 0.983 nan nan 16.5001 0.0764 15.696 0.0056 15.3639 0.0054
192.282112 -41.425913 17 0.983 17.2868 0.0209 16.9316 0.0568 16.5448 0.008 16.3782 0.0084
192.337546 -41.47637 7 0.983 nan nan 17.0871 0.0209 16.0512 0.0081 15.6796 0.0074
192.680217 -41.463844 5 0.975 nan nan 17.936 0.0336 17.8775 0.040999999999999995 17.7748 0.0318
192.48060700000002 -41.520868 13 0.987 15.3262 0.0263 14.9619 0.0076 14.7465 0.0115 14.708 0.0055
192.26632800000002 -41.401677 5 0.9520000000000001 nan nan nan nan 18.3276 0.0298 18.2432 0.0226
192.669698 -41.194806 15 0.983 16.8457 0.0182 16.5203 0.0083 16.2713 0.0059 16.2077 0.0051
192.32511499999998 -41.198278 0 0.993 nan nan nan nan nan nan nan nan
192.595973 -41.507519 5 0.9640000000000001 nan nan 18.1035 0.0304 17.9147 0.044000000000000004 18.0169 0.053
192.255233 -41.375795000000004 18 0.983 17.4103 0.0135 16.9526 0.0175 16.736 0.0063 16.6706 0.0082
192.35228899999998 -41.180741999999995 5 0.978 nan nan nan nan 17.8862 0.0084 17.756 0.0209
192.739155 -41.391752000000004 7 0.982 nan nan nan nan 17.214000000000002 0.0303 16.6511 0.0072
192.749294 -41.358008 5 0.972 nan nan nan nan 18.088 0.0153 18.0463 0.0166
192.639506 -41.176346 11 0.982 17.8061 0.0296 17.4127 0.0413 17.0901 0.0078 17.0084 0.0219
192.427031 -41.514045 13 0.9940000000000001 14.8082 0.0216 14.3442 0.0089 14.0052 0.0055 13.8739 0.0093
192.289918 -41.229576 9 0.981 nan nan 18.0651 0.1432 17.7982 0.0152 17.6928 0.0289
192.327123 -41.195704 4 0.9740000000000001 nan nan nan nan 18.1309 0.0095 18.0628 0.013999999999999999
192.74803400000002 -41.368968 6 0.982 nan nan nan nan 17.4711 0.0078 16.9745 0.006999999999999999
192.75188899999998 -41.320398 6 0.977 nan nan nan nan 18.0546 0.0162 18.0287 0.0257
192.497315 -41.143715 16 0.987 16.1135 0.0252 15.6827 0.0302 15.4227 0.0074 15.3256 0.0056
192.699164 -41.216451 6 0.98 nan nan 18.1696 0.0304 17.77 0.0184 17.6615 0.0089
192.27129 -41.414726 7 0.9790000000000001 nan nan 18.1474 0.0411 17.8868 0.0108 17.7797 0.0114
192.4591 -41.145686 5 0.981 nan nan 17.5808 0.0263 17.2768 0.009000000000000001 17.1832 0.0089
192.672672 -41.472587 5 0.97 nan nan nan nan 17.8534 0.0115 17.2049 0.0155
192.246745 -41.336828000000004 4 0.978 nan nan nan nan 17.3454 0.0229 16.912 0.0175
192.50331200000002 -41.523617 4 0.978 nan nan nan nan 18.0012 0.0529 17.8866 0.0683
192.246578 -41.335947 21 0.98 17.0818 0.0098 16.6897 0.0383 16.5083 0.0132 16.3975 0.0082
192.322871 -41.469638 8 0.98 17.6089 0.0272 17.3973 0.0246 17.1437 0.0235 17.1138 0.0086
192.416263 -41.513353 9 0.982 nan nan 16.8581 0.0769 16.614 0.0069 16.5433 0.008
192.736582 -41.402879999999996 6 0.982 nan nan nan nan 17.1415 0.0078 17.0288 0.0122
192.43821 -41.148342 4 0.982 nan nan nan nan 18.0041 0.0124 17.7795 0.0139
192.464155 -41.522186 6 0.983 nan nan 16.1178 0.0162 15.3864 0.0118 15.1228 0.0079
192.686394 -41.203874 9 0.981 nan nan 17.8489 0.0203 17.548 0.0117 17.4767 0.024
192.420048 -41.514701 12 0.9940000000000001 15.7078 0.063 15.0911 0.008 14.645999999999999 0.0086 14.485 0.0061
192.27625 -41.424516 18 0.9840000000000001 17.0794 0.0101 16.7948 0.0215 16.6149 0.0066 16.5479 0.0183
192.350481 -41.178569 15 0.9890000000000001 17.1781 0.071 16.6438 0.0113 16.2004 0.0155 16.0283 0.008
192.261856 -41.401655 18 0.983 16.906 0.0089 16.5597 0.0373 16.3246 0.0055 16.2254 0.0087
192.27748799999998 -41.240017 18 0.983 17.0487 0.0328 16.6988 0.0131 16.448 0.0055 16.387 0.0056
192.474074 -41.523953999999996 10 0.986 16.579 0.0197 16.1167 0.0097 15.8341 0.0189 15.7703 0.0062
192.481215 -41.142065 18 1.0 11.5732 0.0146 11.0036 0.0061 10.6069 0.0054 10.4394 0.0106
192.32441200000002 -41.194157000000004 3 0.975 nan nan nan nan 18.0757 0.0084 17.9418 0.0139
192.73130600000002 -41.252152 12 0.9840000000000001 15.2865 0.0228 14.8884 0.0278 14.6217 0.0055 14.5282 0.0071
192.247455 -41.363795 29 0.993 12.6148 0.0054 12.1416 0.0097 11.8243 0.0069 11.6941 0.0053
192.24459099999999 -41.323133 21 0.983 17.336 0.0121 16.9228 0.0221 16.5129 0.0108 16.3395 0.0059
192.639753 -41.494298 13 0.988 15.6636 0.0191 15.0614 0.0074 14.6357 0.0055 14.4411 0.0053
192.630652 -41.168206 16 0.983 17.1767 0.0255 16.8461 0.03 16.6236 0.0118 16.5808 0.0146
192.685831 -41.201353999999995 7 0.9790000000000001 nan nan 17.7006 0.0186 17.4138 0.0075 17.3619 0.0135
192.384677 -41.161788 13 0.983 16.8591 0.0645 16.5667 0.0169 16.3337 0.006999999999999999 16.2769 0.0283
