ra dec ngood class_star g_psf e_g_psf r_psf e_r_psf i_psf e_i_psf z_psf e_z_psf
151.22934899999998 -79.93220500000001 12 0.975 16.5447 0.0765 16.1992 0.0142 15.9789 0.0179 15.9502 0.0161
151.257912 -79.94016500000001 11 0.973 17.3888 0.0118 16.7602 0.0414 16.3863 0.0071 16.2089 0.0081
151.299277 -79.93125400000001 15 0.983 14.8968 0.0076 14.5392 0.0069 14.3386 0.0068 14.2563 0.0063
151.31252 -79.94070500000001 12 0.9740000000000001 16.1365 0.0281 16.0432 0.0122 16.0232 0.009000000000000001 16.023 0.0517
151.119982 -79.93977 12 0.978 17.0 0.0626 16.4641 0.0275 16.0192 0.0155 15.837 0.0173
151.233523 -79.908703 11 0.955 17.0309 0.0374 16.5116 0.040999999999999995 16.2309 0.013999999999999999 16.0301 0.0344
151.346561 -79.93005699999999 10 0.978 16.6124 0.0287 16.1774 0.0097 15.9501 0.006999999999999999 15.849 0.0096
151.29531 -79.911833 15 0.983 14.4264 0.0195 14.228 0.0108 14.1221 0.0081 14.1035 0.0141
151.362367 -79.918065 10 0.98 16.2093 0.0282 15.6215 0.0276 15.3052 0.0061 15.167 0.0072
151.213273 -79.957184 11 0.978 16.1716 0.0364 15.8228 0.0228 15.572000000000001 0.0406 15.4764 0.0144
151.11985 -79.95145699999999 12 0.98 15.9511 0.0223 15.4699 0.0095 15.1496 0.012 15.0381 0.011000000000000001
151.068799 -79.93944499999999 10 0.965 17.4772 0.0481 16.9932 0.0281 16.5518 0.009000000000000001 16.3539 0.027000000000000003
151.306677 -79.903477 17 0.9840000000000001 14.4162 0.0064 13.7102 0.0096 13.1931 0.005 12.9435 0.0057
151.164908 -79.901348 19 0.972 15.3731 0.0143 15.0603 0.0184 14.7902 0.0132 14.7218 0.0153
151.208329 -79.89841899999999 19 0.9840000000000001 14.5035 0.0226 14.4157 0.0103 14.4269 0.0051 14.4197 0.0124
151.037118 -79.929913 11 0.975 16.4595 0.0082 16.1196 0.0169 15.9022 0.0068 15.8344 0.0068
151.180679 -79.964058 14 0.98 16.1712 0.0105 15.819 0.0278 15.6058 0.0101 15.5525 0.012
151.017865 -79.938979 12 0.977 16.7136 0.0621 16.2154 0.0401 15.7473 0.0175 15.5613 0.0072
151.315833 -79.895753 11 0.968 17.7699 0.019 17.1947 0.0425 16.8703 0.0129 16.7539 0.0277
151.240154 -79.967563 12 0.95 17.8923 0.0251 17.4205 0.0121 17.1299 0.035 17.0534 0.0243
151.412 -79.95308 13 0.981 15.6657 0.0085 15.1983 0.01 14.9544 0.0089 14.8515 0.0058
151.302673 -79.89057700000001 16 0.982 16.2632 0.0261 15.9456 0.0386 15.7398 0.0066 15.6904 0.0102
150.983533 -79.931528 10 0.956 nan nan 17.4037 0.0344 16.5035 0.0225 16.1336 0.0403
150.98001299999999 -79.943988 12 0.976 16.4323 0.0135 15.9508 0.028999999999999998 15.725999999999999 0.0104 15.6134 0.0177
150.97784099999998 -79.916595 13 0.983 14.633 0.0118 14.3267 0.0075 14.1219 0.0074 14.0313 0.0075
151.026783 -79.898643 10 0.97 nan nan 17.826 0.0358 16.8334 0.0119 16.506 0.02
151.39059699999999 -79.89234499999999 11 0.963 18.0965 0.0214 17.5521 0.0199 17.1201 0.022000000000000002 16.9188 0.0169
151.097185 -79.885613 12 0.977 17.3387 0.0125 16.675 0.0446 16.3822 0.0055 16.2194 0.0109
151.38363999999999 -79.97089799999999 20 0.9840000000000001 15.262 0.0092 14.8965 0.0059 14.6944 0.009000000000000001 14.6163 0.0099
151.489059 -79.911875 11 0.98 15.9898 0.055999999999999994 15.6421 0.0401 15.4233 0.0217 15.3344 0.0072
150.979982 -79.958042 12 0.958 17.3279 0.0181 16.9347 0.0377 16.6736 0.0084 16.5803 0.0131
151.50361999999998 -79.916163 9 0.973 16.6266 0.0772 16.1826 0.0122 15.8923 0.0065 15.7514 0.0085
151.394385 -79.887416 13 0.978 16.9745 0.0214 16.6341 0.0115 16.3504 0.0219 16.2638 0.0092
151.334292 -79.880312 12 0.982 16.2569 0.0086 15.8756 0.0101 15.6237 0.0079 15.5341 0.0056
151.42799399999998 -79.89036800000001 16 0.9790000000000001 17.1797 0.0389 16.7479 0.0224 16.4713 0.017 16.2817 0.0075
151.03956200000002 -79.885716 11 0.975 17.2807 0.0179 16.9373 0.0268 16.6865 0.0197 16.5767 0.0219
150.98096 -79.96436 13 0.953 17.4371 0.0187 16.7142 0.0101 16.3602 0.0136 16.2251 0.0061
151.390621 -79.976208 18 0.978 16.9821 0.031 16.5496 0.0167 16.2533 0.0077 16.1844 0.0092
150.904427 -79.915529 11 0.972 16.6822 0.026000000000000002 16.2725 0.0266 15.9437 0.013000000000000001 15.8157 0.0346
151.552262 -79.93355 13 0.983 13.8044 0.0175 13.3964 0.0119 13.1969 0.0075 13.1256 0.0081
150.935921 -79.899413 10 0.9740000000000001 17.2275 0.0205 16.8896 0.0086 16.654 0.0067 16.5911 0.0223
151.135646 -79.871655 13 0.981 16.5332 0.0101 16.2382 0.0264 16.0607 0.011000000000000001 15.9618 0.0101
150.890374 -79.946656 9 0.9520000000000001 17.2655 0.0266 16.8952 0.0208 16.687 0.0123 16.6322 0.0398
151.223916 -79.99043 14 0.9620000000000001 18.1517 0.0351 17.4721 0.0141 16.7928 0.008 16.5869 0.0091
150.904784 -79.955343 11 0.9620000000000001 17.6852 0.0166 17.0848 0.0226 16.6426 0.0077 16.453 0.0106
151.267525 -79.868214 12 0.982 16.0339 0.0163 15.6527 0.0223 15.3587 0.0071 15.2639 0.0071
151.3748 -79.873574 16 0.997 13.6579 0.0074 13.3517 0.008 13.1478 0.0086 13.084000000000001 0.0066
151.552514 -79.906266 13 0.983 13.4162 0.0138 13.0235 0.0109 12.7846 0.0061 12.6974 0.0074
150.874518 -79.910239 8 0.9540000000000001 16.7878 0.0267 16.4028 0.0431 16.2059 0.0095 16.0887 0.0159
151.480025 -79.975601 24 0.983 14.05 0.0119 13.8365 0.0083 13.7277 0.0054 13.7086 0.006
151.441425 -79.877872 16 0.986 14.5375 0.0077 14.3029 0.0188 14.1684 0.0053 14.1299 0.0076
151.382608 -79.988599 18 0.986 16.0301 0.023 15.5765 0.0064 15.2439 0.0107 15.1491 0.0081
151.501628 -79.974285 9 0.958 nan nan 17.8461 0.0135 17.1506 0.0142 16.768 0.01
151.524581 -79.969505 23 0.991 14.124 0.0062 13.8616 0.0055 13.7247 0.0048 13.6903 0.0051
151.600019 -79.929796 11 0.981 15.6682 0.0335 15.3455 0.0092 15.2498 0.0082 15.2067 0.008
150.98859099999999 -79.98167 16 0.977 17.3074 0.0198 16.659000000000002 0.0221 16.2475 0.0174 16.0827 0.0061
150.85346 -79.91428499999999 9 0.9570000000000001 16.9463 0.0503 16.4944 0.0329 16.0807 0.0301 15.8751 0.0156
150.99786 -79.983467 16 0.982 16.0345 0.0076 15.6806 0.011000000000000001 15.4459 0.0065 15.3876 0.0067
151.59768200000002 -79.919113 9 0.9740000000000001 15.5975 0.0397 15.081 0.0239 14.7006 0.016 14.5996 0.0269
151.597849 -79.940939 8 0.9790000000000001 16.0447 0.0119 15.6 0.0088 15.3915 0.009000000000000001 15.3356 0.0331
151.454182 -79.983104 17 0.982 16.676 0.0089 16.0917 0.0062 15.8091 0.0051 15.703 0.0077
150.91830900000002 -79.970804 23 0.985 13.9297 0.0138 13.4871 0.0065 13.1796 0.0108 13.0642 0.0048
151.33045800000002 -79.994311 15 0.976 17.6259 0.0118 17.0951 0.0139 16.7968 0.0196 16.6983 0.0076
151.020429 -79.87226899999999 13 0.981 16.3714 0.0203 16.0759 0.0092 15.8891 0.0107 15.809000000000001 0.0161
150.86283400000002 -79.904477 20 0.983 14.703 0.0061 14.3745 0.0112 14.1784 0.006 14.1009 0.0059
151.119328 -79.864012 9 0.971 17.7594 0.0165 17.3047 0.0634 17.1139 0.0131 16.8998 0.0209
150.94580200000001 -79.881134 12 0.9590000000000001 17.524 0.077 17.3102 0.0444 17.0412 0.0327 16.9472 0.0167
150.994255 -79.987071 4 0.982 16.7475 0.0216 16.3542 0.0116 15.9359 0.0159 15.7994 0.0126
151.401847 -79.867334 10 0.953 17.6624 0.0196 17.262 0.0405 16.9185 0.0216 16.8191 0.0151
150.998449 -79.987963 20 0.983 15.7287 0.0193 15.3051 0.0218 15.0278 0.0174 14.8929 0.0251
151.116447 -79.997592 16 0.9790000000000001 16.6968 0.0081 16.3767 0.0078 16.1848 0.0205 16.1256 0.0274
151.095401 -79.99771700000001 13 0.9570000000000001 17.7267 0.0297 17.2335 0.0185 16.9651 0.0113 16.754 0.0071
151.438792 -79.990525 21 0.985 14.8072 0.0103 14.3641 0.0079 14.0703 0.0086 13.969000000000001 0.0083
151.0359 -79.99374300000001 17 0.982 16.5268 0.0278 15.7843 0.0154 15.2951 0.01 15.0889 0.0059
151.590477 -79.96239399999999 11 0.951 16.8978 0.1296 16.531 0.023 16.241 0.012 16.1671 0.023
151.297086 -79.858053 12 0.982 16.6348 0.0306 16.1822 0.0085 15.7661 0.0111 15.6063 0.0068
151.493782 -79.87281800000001 10 0.9540000000000001 18.346 0.0321 17.8931 0.0233 17.0436 0.033 16.7284 0.013999999999999999
151.589334 -79.89251800000001 13 0.982 16.2316 0.0065 15.8831 0.022000000000000002 15.6551 0.0228 15.5594 0.0108
151.469032 -79.990557 16 0.98 17.0391 0.0199 16.6156 0.0075 16.3545 0.0183 16.2575 0.0158
151.410721 -79.99754399999999 12 0.978 18.3768 0.0205 17.3943 0.0324 16.4218 0.0062 16.0015 0.0193
150.844152 -79.96625300000001 15 0.983 15.2643 0.0074 14.9591 0.0079 14.744000000000002 0.0076 14.695 0.0061
151.234199 -80.00559399999999 17 0.9840000000000001 15.663 0.0327 15.0919 0.0078 14.6807 0.0071 14.5164 0.0048
151.54333799999998 -79.98177700000001 17 0.983 17.0368 0.011000000000000001 16.1655 0.0128 15.4329 0.0093 15.1216 0.0097
150.79891999999998 -79.911502 6 1.0 9.7596 0.0101 nan nan nan nan nan nan
151.624874 -79.898942 13 0.988 14.9187 0.0076 14.3417 0.0066 13.9423 0.0106 13.7935 0.0071
151.404076 -79.859628 11 0.972 17.5833 0.0142 17.0511 0.0123 16.6977 0.015 16.5517 0.028999999999999998
150.786175 -79.917805 8 0.97 15.6727 0.0175 15.0948 0.0164 14.6623 0.0188 14.4571 0.0089
151.207239 -80.007961 14 0.9620000000000001 18.1765 0.0298 17.47 0.0128 16.9735 0.0183 16.7382 0.0247
151.460744 -79.861265 12 0.982 16.4818 0.0093 16.0216 0.0078 15.727 0.0104 15.6375 0.0064
150.779042 -79.909224 14 0.988 12.1841 0.0089 11.833 0.0153 11.6257 0.0062 11.5492 0.0064
150.887311 -79.986086 23 0.99 13.9157 0.0069 13.6015 0.011000000000000001 13.4171 0.0056 13.3672 0.0052
151.429079 -79.85673 10 0.998 12.8046 0.0105 12.1332 0.0191 11.6907 0.0091 11.4612 0.0061
151.466409 -80.00024 14 0.978 17.3316 0.0107 16.6335 0.0159 16.2598 0.006999999999999999 16.090999999999998 0.0058
151.67886000000001 -79.908867 11 0.9640000000000001 16.9774 0.1262 16.5993 0.0117 16.3678 0.0121 16.3224 0.0176
151.406081 -79.85285999999999 12 0.9840000000000001 15.3028 0.017 14.7109 0.0258 14.3041 0.0329 14.0932 0.0138
151.64363899999998 -79.889352 12 0.986 16.4903 0.0109 16.1628 0.0091 15.8862 0.016 15.8061 0.0107
151.662257 -79.966657 8 0.9540000000000001 17.9523 0.0207 17.5036 0.03 17.2785 0.01 17.0785 0.055999999999999994
151.40133799999998 -79.850432 9 0.98 16.4733 0.0253 16.1385 0.0339 15.9441 0.0195 15.8476 0.0139
150.901715 -79.994688 15 0.976 17.2291 0.0881 16.6664 0.0147 16.36 0.0077 16.1602 0.017
151.252774 -79.844125 11 0.977 18.0367 0.0264 17.0568 0.0188 16.392 0.0063 16.05 0.0281
151.366085 -80.011967 12 0.982 15.6174 0.017 15.3103 0.01 15.062999999999999 0.0105 14.9706 0.015
150.76710500000002 -79.965814 12 0.976 16.8559 0.0099 16.3396 0.0084 15.978 0.015 15.8339 0.0065
151.308291 -79.8438 9 0.985 nan nan 17.3399 0.0115 15.9478 0.0064 15.3785 0.0121
151.346276 -80.014472 17 0.9990000000000001 11.9536 0.0109 10.9977 0.0095 9.9887 0.0074 9.5678 0.0113
151.381977 -80.013181 12 0.983 15.4338 0.0087 14.8956 0.0152 14.4749 0.0088 14.333 0.0071
150.80596699999998 -79.879183 11 0.98 16.9926 0.0117 16.4096 0.0178 15.9731 0.0088 15.7782 0.0083
150.854977 -79.992126 17 0.972 17.206 0.0141 16.8864 0.0096 16.6115 0.0075 16.5822 0.0105
151.60926 -79.870987 10 0.982 16.2704 0.0092 15.9858 0.0382 15.7258 0.0101 15.6403 0.0089
151.14466399999998 -80.01892 15 0.9620000000000001 17.6506 0.0102 17.1504 0.0204 16.8886 0.0193 16.7105 0.0095
150.755845 -79.891397 7 0.968 16.9552 0.0111 16.5268 0.0155 16.2189 0.0075 16.0997 0.0111
151.659222 -79.979846 15 0.9540000000000001 16.6912 0.0621 16.3407 0.0207 16.1009 0.0221 15.9067 0.0216
151.359422 -79.841764 16 0.997 13.0321 0.0076 12.3542 0.0075 11.8695 0.0053 11.6413 0.0069
151.668631 -79.97764000000001 14 0.997 15.8946 0.0084 15.4548 0.0082 15.2303 0.0063 15.1182 0.0115
151.10274099999998 -79.840699 12 0.983 17.9183 0.0144 16.9583 0.0124 15.2932 0.0112 14.6593 0.0091
151.742987 -79.94960400000001 12 0.9740000000000001 16.718 0.0385 16.2841 0.0625 15.9499 0.0237 15.8302 0.0118
151.45605600000002 -79.846062 13 0.985 15.4318 0.0076 14.9682 0.008 14.6579 0.0072 14.5484 0.0061
150.70558799999998 -79.907375 14 0.982 14.8154 0.0099 14.4948 0.0151 14.3172 0.0067 14.257 0.0068
151.752854 -79.91605600000001 8 0.9570000000000001 17.3311 0.045 17.0548 0.0345 16.7952 0.0121 16.6656 0.0574
151.033184 -79.84196800000001 13 0.98 17.3158 0.0374 16.6239 0.019 16.2046 0.0144 16.0552 0.0226
150.758771 -79.978398 12 0.976 16.5808 0.0161 16.2312 0.0136 16.011 0.0071 15.8961 0.0108
151.038981 -80.018785 22 0.9840000000000001 14.6454 0.0131 14.1245 0.011000000000000001 13.7381 0.0044 13.5704 0.0067
151.065279 -79.839274 11 0.98 17.1859 0.0807 16.7457 0.0211 16.6167 0.0089 16.4997 0.0179
151.173282 -79.835073 11 0.958 17.6602 0.0605 17.152 0.0204 17.1754 0.0149 17.1551 0.0158
151.546072 -80.006598 20 1.0 12.057 0.01 11.3109 0.0107 10.7684 0.0073 10.5177 0.0076
151.017727 -79.84138 9 0.978 nan nan 18.1701 0.0195 16.682000000000002 0.0182 16.1918 0.0189
150.944355 -80.014711 16 0.98 16.7993 0.0567 16.2565 0.0132 15.8933 0.0055 15.7337 0.006999999999999999
151.76029599999998 -79.902183 7 0.9840000000000001 14.4208 0.0112 13.8252 0.0132 13.4253 0.0226 13.255 0.0105
150.661316 -79.92704 16 0.983 14.4593 0.008 14.0854 0.013000000000000001 13.8839 0.0056 13.7891 0.0063
151.364825 -80.024975 18 0.9990000000000001 12.981 0.0111 12.0658 0.0063 11.1936 0.0061 10.804 0.0047
151.675175 -79.87136 16 0.992 15.2356 0.0172 14.8802 0.0124 14.6306 0.0079 14.5373 0.0103
151.114921 -80.027151 14 0.95 18.0174 0.0219 17.2298 0.0427 16.8949 0.0136 16.7263 0.0151
151.65451299999998 -79.996112 18 0.981 16.315 0.0088 15.9319 0.0085 15.7435 0.0147 15.6417 0.015
150.649786 -79.946563 15 0.9840000000000001 13.7977 0.0074 13.5165 0.0122 13.3784 0.0061 13.3321 0.0084
150.860756 -80.01100100000001 15 0.951 17.6503 0.0402 17.2509 0.0189 17.0929 0.0323 16.9119 0.0413
150.896233 -80.01579 17 0.981 16.7409 0.0191 16.2696 0.0099 15.9213 0.0069 15.7698 0.0092
150.953951 -79.837942 16 0.99 12.8383 0.0076 12.5545 0.0074 12.384 0.0054 12.3221 0.0055
150.95818500000001 -80.022364 17 0.968 17.3716 0.0199 17.0877 0.0387 16.8656 0.0072 16.8003 0.043
151.29424699999998 -79.826396 18 0.982 16.4539 0.0085 16.0181 0.0107 15.7526 0.0102 15.6314 0.0149
151.319515 -80.03295899999999 13 0.956 17.7665 0.0373 17.3272 0.037000000000000005 17.0955 0.0189 16.934 0.0454
150.931194 -80.02249499999999 22 0.983 15.2806 0.019 14.9712 0.0117 14.8034 0.0107 14.755999999999998 0.0054
151.364104 -79.826887 18 0.986 15.4742 0.0097 15.0638 0.0112 14.8244 0.006999999999999999 14.7322 0.0051
150.614481 -79.935664 13 0.982 15.777000000000001 0.0225 15.3972 0.0239 15.2245 0.006 15.1225 0.0095
151.267336 -79.822358 11 0.977 17.0481 0.0689 16.6887 0.016 16.4198 0.0159 16.2724 0.0118
151.23208200000002 -80.037825 13 0.965 nan nan 17.4619 0.0528 16.9271 0.0156 16.7411 0.0074
150.734584 -79.863506 8 0.993 12.3567 0.0115 11.5782 0.0113 11.0009 0.0105 10.72 0.0131
150.900417 -80.022627 17 0.9790000000000001 16.8579 0.0113 16.5066 0.0069 16.2247 0.0068 16.1301 0.0276
151.72963700000003 -79.867496 11 0.965 17.7796 0.0308 17.2137 0.0124 16.7704 0.0146 16.5358 0.0225
151.84321200000002 -79.921887 8 0.9670000000000001 17.2063 0.0254 16.8967 0.0314 16.6764 0.0425 16.6091 0.0103
151.772207 -79.879025 9 0.978 nan nan 18.1125 0.0193 16.6867 0.0228 16.2265 0.0062
151.261303 -79.820638 8 0.973 17.4571 0.0139 16.6963 0.026000000000000002 15.8722 0.0243 15.5317 0.0103
150.930157 -79.833147 18 0.983 15.5256 0.0083 15.2494 0.0134 15.0428 0.0048 14.9855 0.0054
151.821811 -79.897706 10 0.976 17.7918 0.0102 17.2389 0.0122 16.6958 0.0169 16.4136 0.0156
151.430707 -80.03400699999999 17 0.9840000000000001 15.3808 0.0063 14.8012 0.0125 14.3992 0.0085 14.2214 0.0074
151.36874699999998 -80.03758 15 0.973 17.2916 0.0113 16.8748 0.0193 16.6335 0.0167 16.5241 0.0081
150.63341599999998 -79.971345 22 0.99 13.8013 0.0073 13.1749 0.0092 12.7855 0.0051 12.5839 0.0059
151.262333 -79.819102 13 0.983 15.9141 0.0208 15.5159 0.0325 15.2451 0.0157 15.1279 0.0282
151.255924 -79.819034 1 0.977 nan nan nan nan 16.5476 0.0184 nan nan
151.738012 -79.996055 20 0.983 15.7578 0.0099 15.4051 0.0089 15.1798 0.008 15.1075 0.0081
151.67378300000001 -79.851099 15 0.983 15.8396 0.0085 15.4738 0.0152 15.2698 0.0081 15.2144 0.0054
151.086502 -79.820661 15 0.983 16.3946 0.0253 15.74 0.0069 15.2751 0.0091 15.109000000000002 0.0088
151.149797 -80.041824 18 0.981 15.8319 0.009000000000000001 15.5693 0.0111 15.3619 0.0092 15.3277 0.0067
150.93211100000002 -80.030953 13 0.991 16.9188 0.0131 16.464000000000002 0.0127 16.1432 0.0058 15.9833 0.0355
151.307654 -79.817486 24 0.987 13.5946 0.008 13.1133 0.0127 12.7958 0.0044 12.6492 0.0063
151.201145 -79.816337 15 0.975 17.134 0.0268 16.8887 0.0188 16.6565 0.021 16.5315 0.0253
151.360654 -79.81875699999999 17 0.976 16.7891 0.0113 16.5538 0.0424 16.3649 0.0079 16.3529 0.0248
151.87217900000002 -79.93575899999999 10 0.9790000000000001 16.6825 0.0181 16.1368 0.042 15.8781 0.0289 15.7304 0.0073
150.655247 -79.87433 7 0.956 17.4527 0.0369 16.7788 0.0352 16.4718 0.008 16.2785 0.0346
150.646455 -79.983476 24 0.985 14.9292 0.0062 14.5555 0.0055 14.3391 0.0068 14.262 0.0048
151.266516 -80.043689 24 0.987 13.9674 0.0074 13.7379 0.0109 13.5882 0.0095 13.5707 0.0064
151.064321 -79.81875699999999 11 0.951 nan nan 17.2105 0.0263 16.9582 0.0101 16.9066 0.0287
151.687695 -80.010888 19 0.998 13.6603 0.0075 13.1666 0.0071 12.8097 0.0055 12.6435 0.0061
151.361415 -80.041937 18 0.9790000000000001 16.96 0.0146 16.4632 0.0106 16.2171 0.0117 16.1283 0.0215
151.414719 -79.820126 14 0.9520000000000001 nan nan 17.3867 0.065 17.0527 0.0116 16.8281 0.0234
151.251991 -79.81464 15 0.9690000000000001 17.4947 0.0284 17.0244 0.0163 16.6968 0.0136 16.5266 0.0186
151.175514 -79.81464 18 0.983 16.2097 0.0294 15.6612 0.0092 15.3019 0.0084 15.1343 0.0087
151.737308 -80.002904 22 0.986 13.8302 0.012 13.5241 0.0061 13.3472 0.006 13.2917 0.0055
151.640973 -80.01971999999999 14 0.9790000000000001 16.9476 0.0188 16.6532 0.0108 16.4232 0.0268 16.3618 0.0202
151.569021 -79.831216 9 0.982 16.5976 0.023 16.0724 0.0135 15.7317 0.009000000000000001 15.6065 0.0095
151.60745 -80.02453100000001 18 0.983 15.609000000000002 0.0069 15.3001 0.0071 15.0598 0.0113 14.9915 0.0056
151.486841 -80.036808 15 0.978 17.748 0.0129 16.9489 0.0112 16.2197 0.0066 15.9897 0.0252
151.280336 -79.8136 20 0.983 15.8489 0.0207 15.4804 0.018000000000000002 15.237 0.0118 15.1475 0.009000000000000001
151.12051 -79.813969 11 0.971 nan nan nan nan 16.9321 0.0118 16.3634 0.0235
151.27234099999998 -79.812169 16 0.982 16.742 0.0093 16.1433 0.0197 15.7291 0.0059 15.5977 0.0144
150.899251 -80.03479300000001 18 0.982 16.1526 0.0206 15.7514 0.0056 15.5362 0.0068 15.439 0.0186
150.96788700000002 -80.040807 13 0.955 17.8876 0.0505 17.4153 0.0356 17.2376 0.0367 17.1475 0.0284
151.277966 -80.048963 17 0.981 16.5514 0.0166 16.167 0.0099 15.9273 0.0115 15.8225 0.0105
150.952178 -79.819503 22 0.9840000000000001 15.0162 0.0141 14.7033 0.0104 14.505 0.0044 14.4356 0.006
151.017968 -80.044558 15 0.963 17.1442 0.0826 16.8826 0.0143 16.6222 0.0087 16.5818 0.0083
151.05714 -79.81299 12 0.985 18.0986 0.0472 17.0718 0.0148 15.9689 0.0057 15.4829 0.0062
151.42199399999998 -79.814358 11 0.9520000000000001 18.1021 0.0204 17.6448 0.0335 17.2769 0.0254 17.1997 0.0097
151.00575700000002 -79.815129 16 0.977 17.526 0.0568 16.9941 0.0379 16.7323 0.0092 16.5711 0.032
150.78708 -79.836014 17 0.9840000000000001 14.9126 0.0079 14.493 0.0075 14.2328 0.0047 14.1327 0.0136
150.72045 -79.845584 8 0.958 nan nan 17.1771 0.0254 16.7046 0.0124 16.4397 0.0122
150.78195300000002 -80.025628 15 0.982 15.4161 0.0085 15.0701 0.0227 14.7841 0.0126 14.6678 0.0073
151.688533 -79.838279 12 0.981 16.5346 0.0095 16.0733 0.0457 15.8639 0.0188 15.7907 0.0075
151.443016 -80.046516 20 0.983 15.5583 0.0098 15.0825 0.0135 14.7132 0.008 14.582 0.0048
150.64928999999998 -80.00195699999999 17 0.988 16.17 0.032 15.4558 0.0057 14.9335 0.0055 14.6993 0.0051
151.91853600000002 -79.950609 12 0.98 16.9213 0.04 16.3685 0.0256 16.0254 0.0403 15.9127 0.0078
151.592 -79.824499 11 0.983 16.6171 0.01 15.8569 0.006999999999999999 15.2876 0.0061 14.9788 0.0219
151.157686 -79.806442 19 0.986 15.7747 0.0103 15.4542 0.0065 15.2245 0.0068 15.1533 0.0106
150.51322 -79.927591 10 0.9740000000000001 16.514 0.0468 16.1172 0.0071 15.9328 0.0077 15.8705 0.0101
151.128756 -79.805815 16 0.981 16.5964 0.0148 16.1946 0.0066 16.0048 0.0096 15.9171 0.0053
151.61223 -79.824714 14 0.982 15.9141 0.0166 15.359000000000002 0.0082 15.020999999999999 0.0084 14.8723 0.0108
151.706411 -80.023226 22 0.9840000000000001 14.050999999999998 0.0062 13.807 0.006999999999999999 13.6534 0.0084 13.6187 0.0047
150.919731 -79.815663 16 0.9840000000000001 16.7861 0.0087 15.8191 0.0149 14.8486 0.0071 14.45 0.0061
150.626211 -80.001659 18 0.976 16.9325 0.0315 16.5546 0.0239 16.2963 0.0151 16.2303 0.0152
151.460795 -80.049515 15 0.9590000000000001 17.9393 0.0236 17.098 0.0157 16.6411 0.0286 16.4407 0.0091
151.412756 -79.807405 14 0.96 17.7637 0.0585 17.3683 0.0443 17.0929 0.0193 16.9753 0.0145
151.076074 -80.054393 16 0.978 17.6949 0.0164 16.9323 0.0272 16.3447 0.0193 16.1313 0.0134
151.230647 -80.057037 15 0.971 17.7707 0.2343 17.2418 0.0659 16.8406 0.0122 16.7407 0.0093
150.763054 -79.831142 13 0.983 15.243 0.0115 14.6709 0.0103 14.3282 0.0071 14.1453 0.0118
151.909864 -79.973792 15 0.98 16.7721 0.0114 16.3497 0.0305 16.13 0.0101 16.0507 0.026000000000000002
151.022493 -80.052999 10 0.961 17.8613 0.0222 17.385 0.0478 17.0514 0.006999999999999999 16.9517 0.0111
151.012069 -79.806588 16 0.981 16.5105 0.0123 16.0129 0.0166 15.7564 0.0062 15.6238 0.0052
151.450574 -80.05269799999999 18 0.981 16.9336 0.0504 16.5037 0.0269 16.2167 0.0164 16.0857 0.0065
151.859858 -79.997106 14 0.982 16.6086 0.0227 16.0209 0.0095 15.6717 0.0095 15.5058 0.0135
151.9016 -79.984629 13 0.982 16.5374 0.0306 16.1561 0.0071 15.9303 0.0121 15.8462 0.0229
151.75812 -80.021785 17 0.982 16.154 0.0152 15.7591 0.0077 15.5638 0.0128 15.4573 0.0094
151.785213 -79.842388 8 0.963 nan nan nan nan 17.0981 0.0088 16.5921 0.0244
151.312285 -79.798838 11 0.9540000000000001 18.5034 0.0367 17.7235 0.1051 17.1969 0.0083 17.0108 0.0094
151.828058 -79.851178 9 0.966 18.0777 0.0369 17.7143 0.0784 17.3942 0.02 17.2204 0.0151
150.47055600000002 -79.944389 7 0.963 nan nan 16.9271 0.0199 16.4494 0.0301 16.2421 0.0187
151.410185 -80.058153 16 0.975 16.839000000000002 0.011000000000000001 16.4739 0.013000000000000001 16.1785 0.022000000000000002 16.085 0.0069
150.527244 -79.9835 21 0.983 15.5434 0.0211 15.1454 0.0119 14.9412 0.0044 14.8662 0.0048
150.70830700000002 -79.83113 13 0.98 16.4486 0.0407 15.9003 0.0218 15.5103 0.0058 15.3281 0.013000000000000001
150.682035 -79.835493 10 0.9790000000000001 16.0568 0.0118 15.6621 0.046 15.3241 0.0321 15.1982 0.01
150.45691499999998 -79.92854100000001 9 0.976 14.1417 0.0146 13.9195 0.0271 13.7279 0.012 13.6742 0.0129
150.534962 -79.990486 14 0.981 17.777 0.0233 16.8463 0.0324 16.2235 0.0164 15.8955 0.0091
151.0355 -80.060373 16 0.9740000000000001 17.3471 0.044000000000000004 16.9205 0.0261 16.7011 0.0292 16.6176 0.0104
151.282014 -79.79561600000001 15 0.9540000000000001 18.029 0.0393 17.4105 0.0136 17.1707 0.0332 16.9397 0.0185
151.02648200000002 -79.79942 17 0.982 16.269000000000002 0.0076 15.8911 0.0077 15.5949 0.0144 15.5199 0.0057
151.653281 -79.817642 13 0.9790000000000001 nan nan 17.6396 0.0495 16.6247 0.0193 16.2235 0.0116
151.96031200000002 -79.889634 18 0.983 15.2618 0.0064 14.9361 0.0061 14.7537 0.0053 14.700999999999999 0.0139
151.989569 -79.94979599999999 11 0.983 15.7475 0.0735 15.2069 0.0073 14.8948 0.008 14.7272 0.0341
150.452458 -79.911536 9 0.978 14.1897 0.0105 13.9193 0.0203 13.694 0.0082 13.6305 0.0117
151.102688 -80.064932 21 0.986 14.9727 0.0074 14.5628 0.013000000000000001 14.2459 0.0071 14.1338 0.0055
151.96458700000002 -79.974029 14 0.977 17.128 0.0254 16.6158 0.017 16.3778 0.008 16.2513 0.0193
150.586424 -80.010243 23 0.985 14.6186 0.0082 14.3348 0.0054 14.1581 0.0064 14.1211 0.0076
150.497259 -79.982674 11 0.951 17.91 0.021 17.3582 0.0123 16.8825 0.0522 16.7186 0.0173
152.008452 -79.938099 8 0.968 nan nan 17.6861 0.0274 16.3485 0.0067 15.8917 0.0187
150.878328 -79.805542 12 0.971 18.5519 0.0332 17.469 0.0738 16.9849 0.0162 16.791 0.0077
151.712544 -80.038975 12 0.975 16.637 0.0512 16.1147 0.0509 15.8791 0.0075 15.745 0.0127
150.931523 -79.800962 17 0.98 16.7141 0.0088 16.281 0.0211 16.0291 0.009000000000000001 15.9075 0.006999999999999999
150.473287 -79.885122 8 0.963 17.9157 0.0129 17.2023 0.019 16.9083 0.0137 16.7821 0.0132
150.427962 -79.924176 7 0.978 nan nan 16.3517 0.0493 15.2724 0.0111 14.8095 0.0111
151.287881 -80.06848199999999 19 0.9840000000000001 15.8935 0.0208 15.4274 0.006999999999999999 15.0643 0.0078 14.9093 0.005
150.89226499999998 -79.803145 16 0.983 17.7353 0.0246 16.7415 0.0145 15.7431 0.0107 15.3128 0.0077
151.871926 -79.848575 16 0.9990000000000001 12.5804 0.0074 11.8851 0.0106 11.4209 0.0061 11.1758 0.0053
151.777961 -80.031362 16 0.9840000000000001 16.2989 0.0125 15.5076 0.0141 14.9821 0.0191 14.7118 0.0057
151.522565 -79.799672 14 0.972 17.5075 0.0701 17.0997 0.0174 16.7648 0.0095 16.6305 0.0187
151.929134 -79.863737 7 0.978 18.0072 0.0322 17.6587 0.0127 17.0259 0.018000000000000002 16.9493 0.0274
152.024796 -79.945518 10 0.971 17.3429 0.0134 16.8539 0.0196 16.5673 0.0473 16.3915 0.0195
150.414752 -79.937112 8 0.981 16.0627 0.0105 15.6635 0.0185 15.468 0.0122 15.3882 0.0081
150.43416399999998 -79.899109 7 0.95 18.0456 0.0159 17.5181 0.0155 17.1819 0.0311 17.0563 0.0267
150.836556 -80.054333 16 0.9790000000000001 17.0108 0.016 16.5289 0.0166 16.1506 0.0068 16.0284 0.0069
151.78946000000002 -80.031253 7 0.97 17.5695 0.0148 17.3257 0.0469 16.977 0.0299 16.8587 0.0409
151.64125 -80.051534 13 0.9740000000000001 17.303 0.0838 16.8981 0.0212 16.6432 0.0276 16.5595 0.0117
151.463778 -80.065445 22 0.9840000000000001 15.1464 0.0185 14.8076 0.0054 14.5484 0.0072 14.4788 0.0048
150.787364 -80.05014200000001 13 0.982 15.759 0.0162 15.4252 0.0101 15.1657 0.0108 15.0625 0.0111
152.031047 -79.91356999999999 9 0.9790000000000001 16.3126 0.046 15.9839 0.0127 15.6955 0.0229 15.6545 0.011000000000000001
151.841026 -79.837552 14 0.981 16.6304 0.0083 16.3845 0.0212 16.1226 0.0119 16.0389 0.0073
150.520805 -80.003073 20 0.991 15.1225 0.0061 14.4941 0.0053 14.0837 0.0064 13.8758 0.0073
150.562627 -80.01437299999999 20 0.983 16.0059 0.0123 15.6362 0.009000000000000001 15.3683 0.0062 15.2728 0.0086
151.367474 -80.07090600000001 22 0.9840000000000001 15.0147 0.0105 14.6259 0.0058 14.3331 0.0068 14.2521 0.0047
151.944345 -79.862595 15 0.986 14.0021 0.0127 13.4328 0.0061 13.0973 0.0118 12.9453 0.0061
150.465702 -79.987739 12 0.977 17.8857 0.0374 17.0129 0.0154 16.4919 0.0082 16.2387 0.0181
150.40103 -79.943332 10 0.9840000000000001 13.7416 0.0105 13.1398 0.0161 12.7695 0.0146 12.575999999999999 0.008
150.46936000000002 -79.87125999999999 7 0.98 17.2704 0.0126 16.8463 0.0196 16.4967 0.0128 16.3828 0.0081
150.962556 -80.067137 18 0.982 15.8334 0.0129 15.3982 0.0112 15.0899 0.005 14.9561 0.0134
151.81158100000002 -80.031836 11 0.976 18.4333 0.0285 17.4279 0.0121 16.6952 0.0084 16.4185 0.0119
151.434623 -80.069701 12 0.9690000000000001 nan nan 18.2499 0.0289 16.7442 0.0089 16.1018 0.0197
151.178418 -80.074952 21 0.983 15.2314 0.0078 14.9451 0.0143 14.7535 0.0045 14.728 0.008
151.382956 -79.787201 12 0.9620000000000001 17.8296 0.026000000000000002 17.0535 0.0192 16.595 0.0104 16.4361 0.0345
150.50096000000002 -80.00295899999999 11 0.976 17.3432 0.0162 16.7427 0.0135 16.3871 0.0074 16.2278 0.0068
152.034636 -79.898838 16 0.983 15.7373 0.0136 15.3697 0.006999999999999999 15.172 0.0089 15.1055 0.006
151.665045 -80.05438000000001 15 0.9840000000000001 15.2202 0.0181 14.6853 0.0134 14.3293 0.006999999999999999 14.1639 0.0074
151.129101 -79.784162 14 0.9840000000000001 15.7541 0.0084 15.242 0.0077 14.7723 0.0108 14.5834 0.0062
151.791248 -79.82249499999999 8 0.963 nan nan 18.1533 0.0407 16.8521 0.0098 16.3742 0.0115
150.38195 -79.936146 10 0.983 14.5795 0.0105 14.206 0.0309 14.0344 0.0218 13.9456 0.0075
151.644454 -79.801551 15 0.982 17.1664 0.0247 16.2537 0.0086 15.3986 0.0051 15.0492 0.0104
150.441046 -79.872951 8 0.982 16.567 0.0124 16.1038 0.0124 15.9151 0.0062 15.8304 0.0066
150.748594 -79.807011 13 0.982 15.5758 0.0075 15.1526 0.0192 14.8701 0.0076 14.7579 0.0071
151.273706 -79.781068 10 0.966 17.9576 0.0192 17.3418 0.0131 16.9532 0.0121 16.7728 0.0402
150.764698 -79.804321 17 0.977 16.9054 0.0081 16.7349 0.0217 16.5806 0.0082 16.5645 0.009000000000000001
151.896675 -80.022481 15 0.971 17.2033 0.0123 16.8759 0.0068 16.6372 0.0211 16.5504 0.0215
152.004399 -79.991414 9 0.9670000000000001 nan nan 17.7081 0.0136 16.9754 0.0416 16.6556 0.0079
150.44130800000002 -79.99165699999999 11 0.982 17.2621 0.0174 16.3794 0.0118 15.5501 0.0061 15.1867 0.0149
151.078192 -80.077407 12 0.9790000000000001 16.8898 0.0078 16.5649 0.0193 16.2966 0.0302 16.2889 0.0158
150.48401 -79.854448 10 0.9840000000000001 14.8017 0.0105 14.1463 0.0114 13.7243 0.0067 13.519 0.0061
150.377589 -79.90476899999999 10 0.975 17.6995 0.0218 17.2113 0.0403 16.8288 0.0144 16.6272 0.0111
150.85557 -79.79369399999999 15 0.985 16.6136 0.0098 16.2323 0.0086 16.0702 0.0103 15.9692 0.0247
150.39883 -79.975531 16 0.987 14.1819 0.0178 13.8804 0.0075 13.7497 0.0285 13.6915 0.0286
152.08325 -79.943748 7 0.981 16.8715 0.0327 16.3807 0.0333 15.9513 0.0087 15.8572 0.0086
151.29055400000001 -79.77911 16 0.987 14.8264 0.0112 14.5399 0.0078 14.3749 0.0099 14.3302 0.0064
151.07496799999998 -80.078834 13 0.981 16.4359 0.0277 16.0807 0.0093 15.8165 0.0121 15.7463 0.0179
150.492555 -80.01194100000001 14 0.9840000000000001 16.7901 0.0283 16.0344 0.016 15.4113 0.0124 15.1764 0.0057
151.361865 -80.079299 15 0.982 16.7204 0.0103 16.2108 0.0087 15.8063 0.0116 15.6568 0.0055
150.68312 -80.04885300000001 11 0.977 17.6058 0.0198 16.6859 0.0157 15.8468 0.011000000000000001 15.4909 0.0091
151.54028 -79.788607 5 0.982 16.1478 0.0115 15.6153 0.0162 15.2745 0.0105 15.0666 0.0107
150.398351 -79.979214 16 0.98 15.0037 0.0163 14.6325 0.0159 14.3802 0.0089 14.322000000000001 0.0116
150.883648 -80.070107 17 0.981 16.372 0.0355 15.9781 0.0082 15.7145 0.0168 15.5918 0.0085
151.563144 -79.78993100000001 9 0.982 16.1231 0.0112 15.6458 0.0142 15.2976 0.0104 15.1182 0.0086
152.016557 -79.868392 16 0.996 13.2319 0.0076 12.9468 0.0066 12.812999999999999 0.0093 12.7688 0.0061
151.551637 -79.788538 21 0.992 13.1796 0.0062 12.8863 0.0063 12.7395 0.0116 12.6987 0.0097
152.06198799999999 -79.888739 16 0.9890000000000001 14.4575 0.0061 14.1738 0.0103 13.972000000000001 0.0107 13.9247 0.0063
151.760571 -79.809946 17 0.9940000000000001 14.857000000000001 0.0093 14.6254 0.0242 14.4608 0.009000000000000001 14.407 0.0054
151.413572 -79.78054 12 0.981 16.55 0.0284 16.1665 0.0095 15.9594 0.0062 15.8717 0.0062
150.385395 -79.97615 8 0.982 16.553 0.0407 15.9477 0.0099 15.6633 0.0128 15.5541 0.0119
151.989494 -79.856133 10 0.953 17.8324 0.0252 17.462 0.0098 17.0502 0.0083 16.8909 0.008
151.233665 -80.083288 24 0.9890000000000001 12.4346 0.0114 12.2275 0.0057 12.0831 0.006 12.062999999999999 0.0056
150.408036 -79.988153 13 0.98 16.6529 0.0086 16.2596 0.0088 15.9482 0.0115 15.8133 0.0247
151.285033 -80.08297900000001 15 0.982 16.4685 0.0568 15.9699 0.0098 15.6123 0.0064 15.4918 0.015
151.031051 -79.779503 10 0.95 17.9325 0.0136 17.3448 0.0501 17.0143 0.0123 16.6949 0.0439
152.065325 -79.976603 14 0.961 17.4031 0.0896 17.1992 0.0224 16.9693 0.0232 16.9594 0.0383
151.963801 -79.846888 10 0.963 17.4812 0.0437 17.0419 0.0094 16.8141 0.0231 16.6378 0.0083
151.369976 -79.77768499999999 13 0.983 15.1914 0.0202 14.8466 0.0063 14.6123 0.0063 14.5456 0.0107
151.396233 -79.777873 12 0.981 16.7187 0.0088 16.3375 0.0321 16.1103 0.0074 16.048 0.0119
152.10166999999998 -79.951386 12 0.983 15.1818 0.0135 14.8555 0.0196 14.6618 0.0061 14.6205 0.0096
150.38931399999998 -79.875625 10 0.993 12.775 0.0105 12.2341 0.0105 11.8838 0.0065 11.7248 0.0061
151.88664 -80.03484399999999 13 0.983 15.8512 0.0143 15.2659 0.0188 14.888 0.0055 14.6925 0.0063
152.066543 -79.879338 9 0.982 15.9749 0.0117 15.5806 0.0105 15.3761 0.044000000000000004 15.2732 0.0061
152.01751000000002 -80.002274 15 0.982 16.4582 0.0454 16.0696 0.0077 15.838 0.01 15.7765 0.0144
151.034676 -80.082702 18 0.983 15.8543 0.0094 15.5238 0.0072 15.2452 0.0062 15.1511 0.0106
151.874645 -79.823414 16 0.9840000000000001 16.1902 0.0137 15.5781 0.0049 15.1663 0.0068 14.9848 0.0055
152.04763799999998 -79.869191 7 0.972 17.4643 0.0301 17.0651 0.0227 16.8291 0.0183 16.828 0.0309
151.476552 -79.779446 10 0.978 18.4501 0.0313 17.6368 0.0997 16.5494 0.0095 16.0864 0.0234
151.27848 -80.086536 23 0.983 14.7113 0.017 14.3744 0.0112 14.1227 0.0045 14.0336 0.0068
150.421896 -80.00305 12 0.9840000000000001 16.7188 0.0376 16.3574 0.0096 16.0816 0.0158 15.9471 0.0308
151.338559 -80.08613000000001 15 0.978 16.7697 0.013999999999999999 16.4457 0.023 16.1852 0.0103 16.0965 0.0154
152.053522 -79.868472 11 0.9790000000000001 16.686 0.0369 16.2723 0.0128 16.037 0.037000000000000005 16.0109 0.0269
151.989676 -80.01479499999999 14 0.9790000000000001 17.2669 0.0159 16.6303 0.0325 16.2459 0.006999999999999999 16.1021 0.008
151.68031499999998 -79.79284399999999 16 0.978 17.4106 0.0257 16.8505 0.0239 16.4998 0.0167 16.3632 0.0116
150.338405 -79.892966 11 0.983 15.863 0.0092 15.2761 0.0087 14.8164 0.0239 14.6439 0.0062
151.10023600000002 -79.772006 10 0.9670000000000001 17.6127 0.0296 17.2397 0.0271 16.9834 0.0303 16.8253 0.0107
150.70326599999999 -79.79933 15 0.997 11.8944 0.0128 11.342 0.0216 10.9745 0.0061 10.8063 0.0053
151.722498 -79.79655799999999 14 0.9740000000000001 17.5304 0.0099 17.0701 0.0182 16.9209 0.0225 16.7848 0.023
150.795922 -80.07239100000001 15 0.983 15.2103 0.0173 14.774000000000001 0.0068 14.5118 0.0103 14.3929 0.0058
150.453447 -79.842658 4 0.972 nan nan 17.2255 0.0805 16.8589 0.0137 16.8222 0.0152
150.37583899999998 -79.867873 8 0.9990000000000001 11.4873 0.0105 11.3436 0.0105 11.3054 0.0105 11.3133 0.0061
150.889107 -80.08016500000001 15 0.98 16.7486 0.0105 16.3145 0.0204 16.0137 0.005 15.8948 0.0067
151.940713 -80.032241 15 0.975 17.221 0.0131 16.8773 0.031 16.6847 0.0127 16.6247 0.0132
151.180343 -79.768383 11 0.981 16.5881 0.0367 16.143 0.0251 15.8819 0.0129 15.7398 0.0085
151.936881 -79.82767700000001 11 0.981 16.7965 0.0175 16.3881 0.0184 16.0607 0.0233 15.9429 0.013999999999999999
150.297031 -79.934441 10 0.9790000000000001 16.0348 0.0195 15.5921 0.0103 15.2522 0.0076 15.0884 0.022000000000000002
150.82341 -80.07637199999999 9 0.9620000000000001 nan nan 18.296 0.0379 17.1943 0.0122 16.7547 0.0339
151.530247 -80.083107 15 0.9690000000000001 17.5102 0.0313 17.0511 0.0376 16.7893 0.0169 16.7034 0.0319
150.439569 -79.84293100000001 9 0.982 17.0746 0.0174 16.194000000000003 0.0153 15.4779 0.0106 15.2068 0.0097
150.43016 -79.845539 11 0.99 14.5 0.0135 14.0756 0.0281 13.8507 0.0071 13.7716 0.0108
151.811034 -79.803831 12 0.98 16.6445 0.013999999999999999 16.2093 0.0319 15.9137 0.0163 15.7633 0.0103
151.996466 -80.021863 15 0.977 17.1216 0.0333 16.6575 0.0085 16.3815 0.0261 16.2134 0.0077
150.340074 -79.87630300000001 16 0.991 13.7052 0.0122 13.4443 0.0074 13.2776 0.006 13.2316 0.0073
152.011181 -79.842178 19 0.9940000000000001 14.3124 0.0074 13.9464 0.0056 13.7391 0.0053 13.6647 0.0047
150.801063 -79.783013 14 0.983 15.520999999999999 0.0288 15.2149 0.0072 15.0404 0.006 14.9836 0.0061
152.006932 -80.022772 14 0.966 17.237000000000002 0.0727 16.8945 0.0419 16.6344 0.0149 16.5441 0.0226
152.08685 -79.998021 14 0.9690000000000001 18.070999999999998 0.0209 17.3353 0.0155 16.8422 0.0126 16.6764 0.0144
150.276883 -79.935797 10 0.981 15.7781 0.0085 15.3949 0.0211 15.1406 0.0086 15.0434 0.0077
150.422407 -79.84209399999999 10 0.982 16.1788 0.0112 15.792 0.021 15.5689 0.0226 15.4903 0.0067
150.537331 -80.04554 15 0.981 16.6251 0.0103 16.2063 0.008 15.9489 0.0136 15.8111 0.0108
152.069004 -79.855354 13 0.983 15.8176 0.0109 15.4765 0.016 15.2544 0.0127 15.1938 0.0074
152.167506 -79.912607 6 0.98 16.4775 0.0137 16.0739 0.0123 15.8307 0.0081 15.7432 0.0193
152.107582 -79.86908299999999 11 0.993 14.0845 0.0105 13.5905 0.0078 13.2696 0.0088 13.1197 0.0061
151.47748700000002 -79.769278 14 0.988 15.3318 0.0079 15.0031 0.0075 14.8633 0.0198 14.7952 0.0094
152.10697 -79.99448000000001 7 0.97 nan nan nan nan 16.9483 0.0173 16.3965 0.0194
152.016256 -79.83736999999999 9 0.966 17.5653 0.0509 17.0915 0.018000000000000002 16.8204 0.0249 16.6776 0.0361
152.177813 -79.941387 9 0.9840000000000001 13.464 0.0114 13.2717 0.0362 13.1951 0.0076 13.1988 0.0062
151.032928 -80.093919 16 0.978 16.6842 0.0105 16.3065 0.0078 16.0648 0.0081 16.0014 0.0123
152.02326399999998 -79.838801 10 0.978 16.8408 0.011000000000000001 16.430999999999997 0.0253 16.2616 0.0096 16.1548 0.0205
150.272774 -79.908462 11 0.97 17.6389 0.0106 17.182000000000002 0.0154 16.8513 0.0077 16.6564 0.0233
151.43314099999998 -80.093427 16 0.973 17.2748 0.0198 16.8512 0.0115 16.5541 0.0059 16.4517 0.0076
150.370099 -80.008436 15 0.976 18.3123 0.0541 17.4325 0.0241 16.5795 0.0093 16.2594 0.0138
151.631893 -79.777479 14 0.975 16.5794 0.0123 16.0767 0.0172 15.7702 0.0109 15.6153 0.0095
150.804834 -79.778112 11 0.971 17.3184 0.0158 16.9618 0.0593 16.7922 0.0216 16.7972 0.0166
151.351652 -80.097622 16 0.978 16.605999999999998 0.0396 16.2526 0.0161 16.0076 0.0111 15.9535 0.0238
150.778604 -79.77910899999999 15 0.997 12.5193 0.0135 12.0983 0.0099 11.8567 0.0127 11.7526 0.0105
151.78876599999998 -79.792276 11 0.983 16.9909 0.021 16.0919 0.0122 15.040999999999999 0.0063 14.6602 0.0056
150.46938500000002 -79.823276 13 0.983 17.2913 0.0643 16.3095 0.02 15.4028 0.0062 15.0225 0.0064
151.850686 -80.060289 7 0.968 17.6301 0.0193 17.2221 0.0188 16.8939 0.0279 16.7507 0.0511
150.710111 -80.07481800000001 14 0.98 15.8678 0.0191 15.4538 0.0061 15.2234 0.0092 15.1413 0.0053
150.401497 -80.022632 10 0.961 17.749000000000002 0.0186 17.3103 0.0153 17.0524 0.0155 16.8896 0.0131
150.966901 -80.094381 17 0.986 16.3515 0.0142 16.044 0.0161 15.8254 0.0081 15.7453 0.0093
150.84276499999999 -80.087009 23 0.992 12.8603 0.0061 12.1966 0.0072 11.6819 0.0052 11.4398 0.0047
150.305689 -79.989094 20 0.988 13.6799 0.0106 13.3328 0.0136 13.130999999999998 0.0053 13.0611 0.0054
150.652185 -80.068596 22 0.982 14.4121 0.0137 13.9431 0.0155 13.6064 0.0121 13.4829 0.0112
151.83586100000002 -80.063008 17 0.9990000000000001 12.2191 0.0122 11.9288 0.0064 11.773 0.0053 11.7255 0.0053
152.004106 -80.03319499999999 15 0.983 16.1505 0.0103 15.6038 0.0108 15.2911 0.0246 15.1842 0.0165
152.19948 -79.929376 8 0.983 13.8704 0.0105 13.6397 0.0105 13.4936 0.0083 13.4856 0.0061
151.197549 -80.100601 16 0.985 16.5304 0.0122 15.9055 0.0144 15.5504 0.0084 15.3883 0.0055
150.60756 -79.79753199999999 15 0.96 17.5863 0.0265 17.132 0.04 16.8872 0.0064 16.749000000000002 0.0207
150.545763 -80.053925 18 0.978 16.6767 0.0461 16.3658 0.0083 16.0773 0.0106 15.9547 0.0188
150.732459 -80.078195 11 0.958 17.3486 0.0218 16.7603 0.009000000000000001 16.3173 0.0096 16.2118 0.0096
151.693966 -80.080315 19 0.9940000000000001 12.4424 0.0062 12.1504 0.0085 11.9948 0.0053 11.953 0.0053
150.621769 -80.065788 23 0.988 13.7673 0.0086 13.4322 0.015 13.2389 0.0061 13.1689 0.0047
150.874221 -80.09033000000001 11 0.9590000000000001 18.1341 0.0276 17.5645 0.0383 17.12 0.0097 16.9319 0.0096
152.123983 -79.863001 9 0.981 17.0228 0.0126 16.3606 0.0309 15.8956 0.0062 15.6802 0.01
151.5267 -79.766566 7 0.953 18.2042 0.0206 17.5414 0.0642 17.0973 0.0105 16.9587 0.0196
150.444328 -80.03563199999999 13 0.98 17.0423 0.1187 16.5678 0.0228 16.2124 0.0067 16.0527 0.011000000000000001
150.475904 -80.042495 11 0.96 17.7951 0.018000000000000002 17.294 0.0129 17.0564 0.0212 16.9479 0.044000000000000004
150.31346499999998 -79.865372 10 0.9670000000000001 18.1037 0.0321 17.3061 0.0302 16.7975 0.0336 16.5457 0.0247
150.434833 -79.827703 13 0.983 16.5924 0.0474 15.9912 0.0072 15.6204 0.0062 15.4667 0.0076
152.066123 -79.840707 10 0.981 16.3161 0.0105 16.0017 0.0171 15.7775 0.0063 15.6936 0.0068
151.966078 -80.044574 14 0.968 17.526 0.0161 17.0194 0.0247 16.7049 0.0081 16.5843 0.0386
150.73558799999998 -80.080867 14 0.978 16.4918 0.0345 16.1917 0.0299 15.9174 0.0052 15.825 0.0136
150.251917 -79.896408 8 0.95 17.9845 0.0302 17.6218 0.0983 17.2313 0.0184 17.137999999999998 0.0103
152.026724 -79.8294 12 0.97 17.5595 0.0146 17.15 0.0418 16.9788 0.0199 16.807000000000002 0.0298
150.671045 -80.074648 15 0.9620000000000001 17.452 0.0593 17.0822 0.0408 16.8183 0.0238 16.7436 0.0142
151.303098 -80.102896 21 0.983 15.5961 0.0103 15.2415 0.0096 15.011 0.0097 14.936 0.0068
151.903908 -79.80348599999999 16 0.983 16.6099 0.0197 16.2449 0.0124 15.9802 0.0117 15.8761 0.0091
150.91818999999998 -80.095743 22 0.991 15.2351 0.0067 14.8555 0.0055 14.6337 0.0063 14.562000000000001 0.0101
151.44403 -80.099799 16 0.966 17.4677 0.0324 17.1062 0.0258 16.8882 0.015 16.7893 0.0462
151.005524 -79.759674 16 0.985 14.571 0.0122 14.1775 0.0092 13.9702 0.0069 13.8933 0.0067
151.114251 -79.75636 15 0.987 13.9086 0.0145 13.5885 0.0079 13.3467 0.0078 13.265 0.0083
150.319695 -79.856675 11 0.9840000000000001 18.3702 0.0152 17.3684 0.0153 15.806 0.0073 15.2173 0.0127
152.157924 -79.992533 11 0.982 17.1347 0.0126 16.3422 0.0089 15.7911 0.027000000000000003 15.508 0.0232
150.391323 -80.028145 13 0.9790000000000001 17.5151 0.0682 16.7566 0.0136 16.2711 0.0068 16.0621 0.0187
150.222562 -79.92608299999999 11 0.9640000000000001 16.6906 0.0301 16.3567 0.0092 16.0981 0.0111 16.0129 0.0141
152.127107 -80.007053 9 0.965 17.7167 0.0129 17.2601 0.0514 17.0995 0.0104 17.0079 0.0135
151.99653999999998 -79.81898199999999 22 0.983 15.5665 0.008 15.2527 0.0082 15.0333 0.012 14.9764 0.0061
150.25263600000002 -79.976285 18 1.0 11.9286 0.0083 11.3694 0.0729 11.1865 0.0076 10.9578 0.0691
151.780296 -80.076392 15 0.955 17.7712 0.0261 17.2646 0.0181 17.0345 0.0226 16.9806 0.0186
150.361224 -80.021367 9 0.97 nan nan 18.0294 0.0303 17.0079 0.01 16.632 0.0182
152.201439 -79.97330799999999 16 0.986 13.5487 0.0214 13.2632 0.0087 13.0623 0.0061 13.0405 0.0079
152.147922 -80.002104 13 0.981 16.2334 0.0578 16.0383 0.0175 15.8108 0.0074 15.7834 0.0112
151.52007700000001 -79.760899 15 0.9840000000000001 14.5418 0.0138 14.1734 0.0074 13.9861 0.0139 13.9074 0.0101
151.649619 -80.090423 15 0.981 16.4881 0.0169 16.0058 0.0175 15.7135 0.0163 15.5639 0.0067
150.292039 -79.861399 6 0.97 nan nan 18.0956 0.0329 16.7367 0.0082 16.1537 0.009000000000000001
150.403157 -79.826764 12 0.971 17.5608 0.0144 17.1814 0.0166 16.899 0.0119 16.7947 0.0151
150.241076 -79.887058 10 0.978 17.5858 0.0356 17.137999999999998 0.0319 16.7064 0.0218 16.5262 0.0134
150.23578700000002 -79.973805 9 0.986 17.0732 0.0414 16.1799 0.0088 15.5165 0.0088 15.1858 0.0199
151.41048600000002 -79.754837 11 0.982 15.4642 0.3157 14.6849 0.0248 14.4529 0.0184 14.3577 0.0149
152.23492099999999 -79.95137700000001 14 0.9840000000000001 15.3803 0.0277 14.8045 0.0094 14.3958 0.0063 14.2411 0.0054
151.08932 -80.106432 12 0.983 15.4632 0.0102 14.9092 0.0095 14.515 0.0233 14.275 0.0113
150.275567 -79.865279 9 0.963 17.7878 0.0708 17.2279 0.0717 16.9316 0.0091 16.7764 0.0112
151.94387700000001 -80.056597 17 0.982 16.5013 0.0271 16.121 0.0128 15.883 0.013999999999999999 15.7879 0.0064
151.879477 -79.794057 14 0.96 17.3115 0.0516 17.0929 0.0461 16.8667 0.0214 16.7459 0.0206
150.206817 -79.952308 12 0.976 15.3122 0.0237 14.7303 0.0086 14.2806 0.0099 14.0462 0.006999999999999999
151.979284 -79.81024000000001 21 0.9840000000000001 13.7427 0.0251 13.4403 0.0062 13.3049 0.0309 13.2643 0.0211
150.30021000000002 -79.85364100000001 10 0.951 18.3068 0.019 17.4986 0.0715 16.8844 0.0088 16.6439 0.0215
151.545376 -79.760042 12 0.982 16.0489 0.0082 15.7065 0.0139 15.5346 0.0174 15.4437 0.0297
152.211171 -79.883916 13 0.9740000000000001 17.2839 0.0101 16.9958 0.0142 16.7648 0.0297 16.7494 0.0088
152.049193 -79.82479599999999 8 0.972 17.4822 0.0106 17.0494 0.0091 16.7432 0.0097 16.6481 0.0081
151.09757 -80.108038 17 0.982 14.7087 0.0142 13.9484 0.0097 13.3291 0.0302 13.0382 0.0106
152.095255 -79.836163 8 0.9690000000000001 17.747 0.0204 17.0541 0.0243 16.7906 0.0087 16.6113 0.0097
150.235198 -79.98345 14 0.981 17.2477 0.0628 16.6188 0.0168 16.1263 0.022000000000000002 15.9491 0.0123
152.157598 -80.00738100000001 13 0.973 17.1376 0.0123 16.808 0.0318 16.602999999999998 0.0143 16.5646 0.0341
151.983867 -79.808724 9 0.986 15.6122 0.0108 15.2256 0.0203 14.9965 0.0112 14.9249 0.0083
150.189953 -79.927933 14 0.986 13.0681 0.0091 12.565 0.0078 12.1928 0.0061 12.0347 0.0061
151.586451 -79.760947 11 0.983 15.865 0.0221 15.2508 0.0077 14.7811 0.0117 14.5685 0.02
152.037409 -80.042066 16 0.981 16.7546 0.012 16.3998 0.0092 16.1726 0.0198 16.0812 0.0104
150.515501 -80.062691 10 0.981 16.7193 0.0248 16.2772 0.0093 16.0016 0.0212 15.8243 0.0286
150.305786 -80.015064 13 0.9790000000000001 18.395 0.0514 17.4308 0.0551 16.1494 0.0081 15.6624 0.0116
150.328559 -79.839333 13 0.9890000000000001 16.8614 0.0119 16.4857 0.0192 16.1291 0.012 16.0206 0.0136
151.056228 -79.75076899999999 13 0.988 14.7393 0.0177 14.3622 0.0077 14.1336 0.0061 14.0511 0.0076
150.892172 -80.102017 15 0.97 17.2452 0.0165 16.8049 0.0188 16.6046 0.0066 16.5557 0.0274
151.62776200000002 -79.762899 8 0.9690000000000001 17.5899 0.0233 17.3109 0.0157 17.0025 0.0095 16.988 0.0135
150.365556 -80.03341999999999 21 0.986 14.8536 0.0091 14.3027 0.0102 13.8855 0.0063 13.699000000000002 0.0063
151.124558 -80.111039 16 0.98 16.7378 0.0432 16.2771 0.0113 15.9864 0.0078 15.8601 0.0064
152.223026 -79.98184300000001 20 0.9840000000000001 15.2455 0.0281 14.6551 0.0049 14.2716 0.0143 14.1144 0.0084
150.506543 -80.06283499999999 10 0.98 16.8615 0.0095 16.4483 0.0253 16.1305 0.0145 16.0085 0.0245
150.767649 -79.766192 15 0.9840000000000001 15.2873 0.0124 14.9439 0.0144 14.7602 0.0087 14.698 0.0138
152.263795 -79.941073 15 0.983 14.4857 0.0276 14.1748 0.0174 14.0094 0.0082 13.965 0.0101
152.196157 -79.864716 16 0.9840000000000001 14.9245 0.0084 14.6374 0.0115 14.4115 0.006 14.349 0.008
151.988751 -79.80628100000001 17 0.983 16.1236 0.0075 15.619000000000002 0.0088 15.2626 0.0103 15.1482 0.0075
150.20010200000002 -79.969828 11 0.97 16.2874 0.0083 15.864 0.0233 15.6839 0.0122 15.5715 0.0102
152.16357299999999 -80.011716 14 0.981 16.5906 0.0296 16.2102 0.0137 16.0064 0.0093 15.9128 0.0115
150.315815 -79.839254 14 0.978 17.0603 0.0187 16.58 0.0241 16.328 0.0074 16.2357 0.0191
152.269218 -79.92217 14 0.978 14.4058 0.0318 13.9942 0.0307 13.8334 0.0307 13.7629 0.03
150.179613 -79.949048 9 0.983 14.1618 0.0105 13.6234 0.0077 13.3136 0.0074 13.1465 0.0228
150.248919 -79.999214 14 0.9790000000000001 16.9672 0.039 16.5514 0.0179 16.1191 0.0095 15.9368 0.0073
150.716139 -79.769627 7 0.968 16.669 0.0118 16.3376 0.0417 16.1227 0.009000000000000001 15.9893 0.011000000000000001
150.437884 -80.052472 14 0.98 16.7237 0.0507 16.4173 0.0111 16.2182 0.0084 16.131 0.0108
152.26835 -79.948363 14 0.982 16.0759 0.0631 15.6074 0.0202 15.2899 0.0096 15.163 0.0057
151.812575 -79.77819000000001 7 0.951 nan nan 17.742 0.0148 17.1586 0.0325 16.9173 0.0234
151.355228 -79.747085 10 0.9790000000000001 17.0819 0.0131 16.8429 0.0459 16.5766 0.0284 16.5535 0.0181
150.58943200000002 -79.78302099999999 11 0.977 16.7192 0.0432 16.3669 0.0321 16.1992 0.01 16.1047 0.0077
150.52438 -80.06875 12 0.978 17.096 0.0142 16.6565 0.0095 16.323 0.0133 16.1345 0.0064
150.402654 -79.814563 11 0.977 17.5665 0.0168 16.9749 0.0539 16.6636 0.01 16.5656 0.0088
150.82699499999998 -79.758893 11 0.981 16.5587 0.0114 16.1743 0.0112 15.8984 0.0073 15.7447 0.015
151.745503 -79.769717 9 0.9840000000000001 16.5413 0.0141 16.151 0.0284 15.9381 0.0141 15.8098 0.0113
151.973826 -79.800528 17 0.985 17.667 0.0116 16.817 0.0329 16.0299 0.0199 15.7159 0.0083
152.13941200000002 -79.838545 11 0.983 16.2647 0.012 15.7917 0.0231 15.4998 0.0066 15.3689 0.0086
151.597542 -79.75680899999999 9 0.966 18.2094 0.0222 17.5304 0.0187 17.043 0.0158 16.8229 0.0535
151.313471 -80.114421 15 0.981 16.1512 0.0109 15.7846 0.017 15.523 0.0119 15.4101 0.006
152.139528 -80.024912 13 0.981 16.4941 0.01 16.0873 0.0071 15.8232 0.0125 15.7551 0.0063
151.198216 -79.743927 13 0.992 15.0212 0.0094 14.4852 0.0074 14.0608 0.0053 13.8602 0.0113
152.151176 -79.840372 9 0.968 17.5196 0.0214 16.9801 0.0146 16.672 0.0098 16.5769 0.0085
150.15894 -79.92196 8 0.981 15.7996 0.0137 15.3932 0.0125 15.1766 0.0101 15.0676 0.0088
152.257713 -79.887238 18 0.998 12.01 0.006999999999999999 11.6811 0.0075 11.4916 0.0082 11.4343 0.0053
150.545746 -80.074893 14 0.965 17.2011 0.0356 16.7975 0.0212 16.5461 0.01 16.4697 0.0082
150.215429 -79.993346 14 0.981 16.8074 0.0099 16.3366 0.0086 15.9223 0.0144 15.7576 0.0203
152.01565300000001 -79.805686 24 0.986 13.6392 0.0063 13.1462 0.0052 12.7867 0.0063 12.6251 0.0043
151.379519 -80.11489399999999 13 0.9790000000000001 18.1003 0.0273 17.1076 0.0336 16.4306 0.0154 16.2108 0.0074
152.123087 -79.829757 8 0.965 17.7642 0.0206 17.2282 0.0597 17.0231 0.018000000000000002 16.8622 0.0106
152.280806 -79.90248000000001 11 0.982 15.7812 0.0257 15.3633 0.0383 15.1407 0.028999999999999998 15.0649 0.0188
150.83781299999998 -80.104783 11 0.96 18.074 0.0244 17.499000000000002 0.0118 17.2508 0.0112 17.2766 0.0289
150.972624 -79.747365 14 0.985 14.6546 0.0102 14.145 0.0062 13.8007 0.0053 13.6409 0.0084
150.40454499999998 -79.80923100000001 15 0.985 15.8694 0.0091 15.3853 0.0076 15.1658 0.0263 15.0649 0.0186
150.224749 -79.861998 9 0.975 17.3856 0.0409 17.13 0.0905 16.8791 0.0103 16.795 0.0086
152.097074 -80.040352 19 0.982 16.7742 0.0426 16.1591 0.0107 15.7466 0.0087 15.5625 0.0076
150.16016399999998 -79.90174499999999 12 0.981 16.2266 0.0362 15.8563 0.0191 15.6427 0.006999999999999999 15.5134 0.0066
150.340398 -79.822815 16 0.973 17.3026 0.0674 16.9012 0.0112 16.6506 0.0176 16.5593 0.008
150.161755 -79.898443 10 0.9790000000000001 17.9983 0.0155 16.9961 0.0095 16.1848 0.0073 15.8832 0.0093
151.08009099999998 -80.116609 16 0.955 17.4399 0.042 17.0983 0.0092 16.7874 0.0202 16.6387 0.0313
151.33478200000002 -80.117595 17 0.982 16.1202 0.0191 15.7513 0.0223 15.4703 0.0069 15.3827 0.0083
152.092366 -79.818527 14 0.981 16.5613 0.0143 16.268 0.0088 16.0503 0.0113 15.9702 0.0084
152.094926 -80.043205 11 0.968 nan nan 17.7283 0.0149 16.9351 0.0083 16.6736 0.0067
150.319421 -80.03585 14 0.965 17.2857 0.0624 17.0812 0.0216 16.9186 0.0113 16.8759 0.028999999999999998
150.139704 -79.941776 10 0.983 14.5888 0.0105 14.1978 0.0218 13.96 0.02 13.8391 0.0174
151.923467 -80.075507 12 0.9740000000000001 17.5135 0.0444 16.9606 0.0298 16.6066 0.0076 16.4621 0.0143
152.019675 -79.80183000000001 25 0.9840000000000001 14.0687 0.0061 13.7098 0.0062 13.5093 0.0085 13.4348 0.0043
150.61852199999998 -79.77232 5 0.955 nan nan nan nan 17.316 0.0349 16.5942 0.0221
150.536204 -79.782877 12 0.9840000000000001 16.0279 0.0448 15.6811 0.0074 15.4494 0.0154 15.3798 0.0198
150.151723 -79.96855500000001 11 0.982 14.949000000000002 0.0105 14.6671 0.0252 14.5198 0.0061 14.484000000000002 0.0061
150.928315 -80.114064 21 0.983 14.8925 0.0072 14.370999999999999 0.0123 13.9853 0.009000000000000001 13.8274 0.0047
152.033843 -80.059338 8 0.953 nan nan nan nan 17.0617 0.0101 16.5248 0.043
151.28671200000002 -79.738626 8 0.9790000000000001 nan nan 17.5934 0.0536 16.7409 0.018000000000000002 16.3463 0.0244
152.06581200000002 -80.053353 12 0.9590000000000001 17.7943 0.0633 17.3118 0.0148 17.1326 0.011000000000000001 17.0378 0.0276
152.103654 -80.045052 17 0.98 17.5676 0.0379 16.8093 0.0257 16.2343 0.0062 16.0113 0.0217
151.87465600000002 -80.084556 13 0.968 17.7796 0.0368 17.2897 0.0396 16.7119 0.0101 16.5682 0.0126
151.103267 -79.73871 15 0.985 14.7409 0.0143 14.4686 0.0075 14.2647 0.0053 14.2141 0.0062
151.466397 -80.117726 15 0.98 16.5021 0.0107 16.1036 0.0166 15.8377 0.0114 15.739 0.0071
150.747798 -79.755942 7 0.9620000000000001 nan nan 16.7574 0.0836 16.4021 0.0115 16.2632 0.0149
150.118925 -79.92485699999999 7 0.975 16.8162 0.0119 16.4117 0.013999999999999999 16.1538 0.0283 16.0178 0.0191
151.320171 -79.73742800000001 11 0.982 16.4196 0.0134 15.9942 0.0264 15.7391 0.0062 15.5683 0.0309
151.985543 -79.790244 16 0.971 17.3093 0.036000000000000004 16.9329 0.0283 16.7548 0.015 16.6809 0.006999999999999999
151.479161 -80.118792 12 0.9670000000000001 nan nan 17.5403 0.0107 16.8514 0.0193 16.5109 0.0127
150.438076 -79.793229 16 0.986 14.9478 0.0301 14.5715 0.0074 14.314 0.0069 14.2384 0.0072
151.225752 -79.735519 10 0.973 17.5353 0.0134 17.151 0.0091 16.7923 0.0235 16.5722 0.0358
151.433417 -80.120635 22 0.988 13.7329 0.0076 13.4976 0.0071 13.3545 0.0063 13.3327 0.0048
152.23570700000002 -80.011212 23 0.983 15.6276 0.0063 15.3174 0.0127 15.1524 0.0065 15.0886 0.009000000000000001
150.847826 -80.112941 14 0.973 17.4723 0.0149 16.9391 0.0187 16.4834 0.0125 16.3373 0.0068
151.237492 -80.12459799999999 14 0.958 17.7467 0.0589 17.0939 0.0168 16.5516 0.0113 16.3745 0.0096
150.110646 -79.94975 6 0.9640000000000001 16.3808 0.0168 16.1001 0.0116 15.7615 0.0089 15.6673 0.0212
152.18740400000002 -79.832543 12 0.958 17.7852 0.0245 17.444000000000003 0.016 17.1425 0.0223 17.0271 0.012
151.008281 -80.121674 18 0.981 16.0864 0.0085 15.7724 0.0071 15.5453 0.0077 15.47 0.0093
152.295305 -79.986519 20 0.986 13.8707 0.0062 13.3415 0.0061 12.9632 0.0079 12.8061 0.0047
151.538952 -79.74219599999999 7 0.956 17.8289 0.0163 17.2758 0.0806 17.1261 0.0101 17.0661 0.0508
151.25786000000002 -79.733987 12 0.982 15.934000000000001 0.0083 15.5125 0.0182 15.2615 0.0149 15.152000000000001 0.0147
150.529643 -80.084677 14 0.982 16.0957 0.0081 15.725999999999999 0.0178 15.48 0.0065 15.3601 0.0087
151.89535 -79.773553 13 0.995 12.0454 0.0074 11.6759 0.0079 11.4887 0.0074 11.43 0.0061
152.31194299999999 -79.97983 19 0.9840000000000001 15.7135 0.008 15.3928 0.0064 15.2191 0.0106 15.1966 0.0175
151.495407 -79.73926800000001 8 0.9840000000000001 18.0445 0.0308 17.08 0.0186 15.8508 0.0145 15.4155 0.0077
151.468403 -80.121721 17 0.98 16.7038 0.0325 16.3431 0.0205 16.0097 0.0051 15.8926 0.0193
151.52855 -79.74050799999999 11 0.972 17.7169 0.0352 16.9936 0.0109 16.7788 0.0393 16.5855 0.0177
152.306972 -79.877485 12 0.982 16.2098 0.0312 15.7534 0.0087 15.440999999999999 0.0154 15.3079 0.0054
150.119847 -79.974991 11 0.9670000000000001 18.2088 0.0435 17.5964 0.0571 16.8762 0.0102 16.5904 0.0201
151.068895 -80.125726 17 0.9790000000000001 16.0449 0.0122 15.5298 0.0112 15.0871 0.0064 14.8953 0.0086
152.233504 -80.019993 13 0.982 16.729 0.0403 16.1242 0.0078 15.7921 0.0191 15.6539 0.0062
150.502608 -80.083568 10 0.971 18.0041 0.021 17.322 0.0704 16.9869 0.0128 16.85 0.0104
151.354431 -79.73278499999999 13 0.985 15.1358 0.0343 14.6114 0.0062 14.2263 0.0081 14.0611 0.0075
150.99414 -80.124224 18 0.981 16.1136 0.0166 15.7259 0.0057 15.4442 0.0068 15.356 0.0068
150.732292 -79.75112 10 0.983 14.075999999999999 0.0105 13.738 0.0076 13.5438 0.0088 13.4844 0.009000000000000001
150.253098 -79.82791 15 0.981 16.619 0.0087 16.1945 0.0305 15.9387 0.0141 15.8187 0.0123
152.300354 -79.99435 17 0.978 17.0182 0.0304 16.6935 0.0168 16.4755 0.0208 16.4313 0.0093
151.29089399999998 -79.731358 12 0.981 16.4947 0.0124 16.1647 0.0122 15.9426 0.0092 15.8508 0.026000000000000002
150.091377 -79.910754 15 0.9840000000000001 14.2725 0.013999999999999999 13.7026 0.0077 13.2629 0.0066 13.0439 0.0068
152.196434 -80.034286 14 0.983 16.2771 0.0106 15.7496 0.0065 15.342 0.0056 15.1725 0.0058
150.118281 -79.980716 15 0.983 14.8057 0.0075 14.3717 0.0078 14.1405 0.0082 14.0321 0.0061
152.05406499999998 -80.067927 14 0.963 17.5457 0.0181 17.0946 0.0164 16.9078 0.0131 16.7771 0.0297
151.827975 -80.09986500000001 16 0.981 16.5182 0.0393 16.0671 0.019 15.7444 0.0071 15.6197 0.0187
151.72301000000002 -80.11032900000001 18 0.9840000000000001 14.7684 0.0074 14.4677 0.0099 14.2994 0.008 14.2502 0.0062
150.376419 -80.065924 10 0.953 nan nan 17.4245 0.0182 17.2268 0.0202 17.0941 0.0304
151.541268 -79.737234 7 0.9620000000000001 17.9609 0.0146 17.3053 0.0475 17.0632 0.0096 16.8535 0.0097
152.369403 -79.94003199999999 12 0.971 16.9287 0.0404 16.5562 0.0192 16.296 0.0097 16.1826 0.0086
150.13953899999998 -79.865116 7 0.981 nan nan 17.6974 0.0615 16.155 0.0159 15.5848 0.0079
152.35071100000002 -79.89433000000001 8 0.982 15.9765 0.0318 15.5603 0.0147 15.3342 0.008 15.2355 0.0084
152.11813700000002 -79.80505500000001 13 0.965 17.3458 0.0246 16.9357 0.02 16.6441 0.0384 16.5882 0.0385
151.725276 -79.749443 7 0.98 16.5772 0.0117 16.183 0.0681 16.0208 0.0075 15.9601 0.008
151.175491 -79.728822 13 0.977 16.7173 0.0114 16.5025 0.017 16.3937 0.0067 16.4121 0.0248
152.278577 -80.011604 22 0.987 13.3186 0.0061 13.1699 0.0086 13.1697 0.0049 13.1827 0.0053
152.273309 -79.848913 15 0.982 16.1359 0.0232 15.7798 0.0089 15.5551 0.0072 15.4609 0.0053
150.47686399999998 -80.084222 10 0.966 17.5575 0.0465 17.1756 0.0129 16.8284 0.024 16.7875 0.0077
150.76488999999998 -79.745199 12 0.98 16.7467 0.0339 16.2742 0.0131 16.0361 0.0086 15.8983 0.009000000000000001
151.87656 -79.7645 11 0.987 15.470999999999998 0.0079 14.9069 0.0062 14.4682 0.0077 14.2849 0.0061
150.597298 -79.760817 11 0.982 16.4218 0.0289 16.1256 0.0181 15.9143 0.0065 15.8213 0.0085
152.34798999999998 -79.976851 18 0.981 16.2875 0.0088 15.9575 0.0097 15.7704 0.0115 15.7202 0.0094
152.37500500000002 -79.918723 9 0.9740000000000001 16.6089 0.0474 16.2919 0.0171 16.0944 0.0083 16.0389 0.0165
151.76500900000002 -79.751908 6 0.976 17.4801 0.0185 17.061 0.0184 16.8072 0.0093 16.7975 0.0095
150.48863 -80.08670699999999 13 0.972 16.8501 0.0211 16.5136 0.0299 16.2123 0.0174 16.0662 0.0155
152.267874 -79.844059 11 0.9570000000000001 17.6573 0.0159 17.254 0.0256 17.0292 0.0245 16.9278 0.0224
151.62573600000002 -80.120153 14 0.981 16.8565 0.0112 16.3649 0.0074 16.0934 0.0128 15.9547 0.0142
150.745753 -80.114991 12 0.975 16.3223 0.0128 16.0473 0.008 15.878 0.0119 15.8374 0.0079
150.172337 -80.01812 10 0.9690000000000001 17.6443 0.0259 17.2945 0.0167 16.8999 0.0071 16.7542 0.0084
150.061218 -79.934533 12 0.985 14.5473 0.0118 14.2436 0.0112 14.0428 0.0061 13.9732 0.012
150.175105 -79.842747 11 0.981 16.9618 0.0085 16.4634 0.0231 16.1688 0.0089 16.0509 0.013000000000000001
150.16272 -79.847033 14 0.985 15.8482 0.0165 15.5819 0.008 15.4236 0.0117 15.3699 0.0062
152.11209 -80.062934 14 0.9670000000000001 17.7014 0.0195 17.09 0.0346 16.7282 0.0249 16.6138 0.0071
151.387762 -80.131962 15 0.963 17.7039 0.0707 17.0222 0.008 16.7287 0.0088 16.5739 0.0154
151.773554 -80.11039699999999 14 0.988 18.0696 0.0322 17.2137 0.0121 15.6886 0.0106 15.1105 0.0112
152.385758 -79.951922 16 0.9840000000000001 14.4278 0.015 13.7792 0.0107 13.3496 0.0097 13.1496 0.0063
150.62716799999998 -80.10629399999999 17 0.9840000000000001 16.5201 0.0171 15.921 0.0193 15.5196 0.0069 15.331 0.0052
152.375949 -79.897125 10 0.982 16.0623 0.0242 15.3754 0.0416 14.9131 0.0165 14.7622 0.0155
152.16243899999998 -80.053384 15 0.983 16.3581 0.0305 15.6402 0.0072 15.1104 0.0079 14.8889 0.0062
150.145565 -80.012891 15 0.982 15.9647 0.0085 15.5949 0.0117 15.3578 0.0061 15.2605 0.0054
150.457634 -79.774867 9 0.951 nan nan 17.6639 0.0735 16.977 0.0161 16.6409 0.0255
150.614583 -80.10640699999999 14 0.9740000000000001 17.3206 0.0123 16.9732 0.006999999999999999 16.6292 0.0068 16.4903 0.0099
151.808302 -79.751868 6 0.975 17.2187 0.0162 16.8265 0.0136 16.4464 0.0082 16.336 0.0172
152.352425 -79.874076 10 0.983 15.6026 0.0105 15.2184 0.0126 14.9973 0.0067 14.946 0.0075
152.281619 -79.84143399999999 13 0.98 16.5829 0.0438 16.2323 0.0285 15.9579 0.0062 15.8544 0.0061
150.88440400000002 -79.732486 15 0.99 14.3272 0.0095 14.0924 0.0083 13.9071 0.0053 13.8698 0.0064
152.401033 -79.945255 16 0.983 15.3491 0.0291 14.9732 0.0091 14.7453 0.0054 14.6844 0.0091
152.369764 -79.98139499999999 23 0.9890000000000001 14.4754 0.0072 14.1823 0.0071 14.0503 0.0047 14.0133 0.0045
152.394013 -79.960151 13 0.982 15.8182 0.0084 15.2864 0.0101 14.9247 0.0082 14.7787 0.0086
151.20404 -80.13668 16 0.9690000000000001 17.3222 0.0738 16.9618 0.0495 16.7166 0.0104 16.586 0.0197
152.381929 -79.889893 9 0.982 16.4586 0.0469 15.8603 0.0346 15.4162 0.0143 15.2785 0.0082
150.942225 -80.131068 5 1.0 nan nan nan nan nan nan nan nan
150.146388 -79.844546 11 0.983 16.6889 0.0111 15.754000000000001 0.0183 14.7866 0.0054 14.3932 0.0061
150.18072800000002 -79.832435 17 0.983 15.8004 0.0298 15.4517 0.0062 15.2014 0.0064 15.1169 0.013000000000000001
152.39091000000002 -79.895135 12 0.982 15.4525 0.0154 15.1602 0.0333 14.9507 0.0092 14.8951 0.0064
152.033681 -80.082387 17 0.9890000000000001 14.7445 0.0077 14.1204 0.0061 13.6993 0.0054 13.4762 0.0068
152.01769 -79.77623100000001 9 0.955 17.9666 0.0311 17.5103 0.0147 17.2378 0.0414 17.1777 0.0107
150.036746 -79.91744200000001 11 0.977 16.1181 0.0473 15.8039 0.0105 15.5868 0.0086 15.4488 0.0071
150.908793 -80.130769 13 0.9790000000000001 16.5823 0.0262 16.2311 0.0225 15.9376 0.0071 15.8864 0.0087
151.966055 -80.093337 21 0.986 14.895 0.0079 14.5451 0.0081 14.2959 0.0081 14.2091 0.0048
150.355403 -79.787791 15 0.983 15.5716 0.0104 15.0878 0.0085 14.8592 0.0072 14.7407 0.0053
150.798493 -79.73505300000001 11 0.981 16.9642 0.0128 16.43 0.022000000000000002 16.0117 0.0135 15.8453 0.0085
151.106111 -79.722073 18 0.983 15.0992 0.0125 14.5578 0.0175 14.1862 0.01 14.0175 0.0055
150.431535 -80.087162 14 0.982 16.7747 0.0119 16.2599 0.0159 15.9067 0.0108 15.7437 0.0093
150.050243 -79.892059 12 0.978 16.8933 0.0099 16.558 0.0297 16.334 0.0121 16.2457 0.0325
151.2568 -80.138825 13 0.96 17.5026 0.0279 17.1159 0.013000000000000001 16.9343 0.0112 16.8928 0.0287
150.033817 -79.957642 8 0.972 17.3437 0.0214 16.462 0.0194 15.9038 0.0201 15.603 0.0105
150.199421 -80.040397 15 0.9890000000000001 14.0388 0.0074 13.7101 0.0077 13.4948 0.0053 13.4282 0.0061
150.0222 -79.926674 15 0.983 14.7165 0.0134 14.3013 0.0134 14.0167 0.0056 13.8994 0.0069
150.067227 -79.989204 19 0.9840000000000001 15.92 0.0154 15.5808 0.0115 15.3381 0.0084 15.2664 0.0119
150.02436699999998 -79.95233 9 0.95 17.3306 0.0455 16.9233 0.0181 16.7676 0.0134 16.7001 0.0106
150.538266 -79.75720799999999 10 0.978 16.6638 0.0165 16.3065 0.0089 16.0202 0.0082 15.9413 0.0089
150.081165 -79.862043 16 0.983 15.7026 0.0462 15.3756 0.0117 15.1654 0.0057 15.0747 0.0116
151.056092 -79.72019399999999 5 0.9590000000000001 17.7949 0.0171 17.4946 0.0353 17.4366 0.0339 17.4067 0.0233
150.283606 -79.797428 13 0.9790000000000001 16.9772 0.0283 16.6173 0.0076 16.5035 0.0062 16.4573 0.0263
150.359576 -79.782348 10 0.973 17.3659 0.0298 16.8878 0.0388 16.7527 0.0079 16.6694 0.0098
152.388878 -79.989346 15 0.982 15.8645 0.0362 15.5325 0.0136 15.3086 0.0115 15.2506 0.0089
150.064888 -79.99490300000001 20 0.986 14.6762 0.0098 14.1917 0.0073 13.8425 0.0055 13.6947 0.0054
151.257154 -80.14200699999999 17 0.972 17.2933 0.0286 16.9276 0.0533 16.5889 0.0071 16.4771 0.0273
150.027285 -79.970035 17 0.9840000000000001 14.2444 0.0078 13.7515 0.0078 13.4214 0.0085 13.2608 0.0053
152.23347900000002 -79.813223 10 0.97 nan nan 18.3019 0.0254 17.0522 0.0138 16.5556 0.006999999999999999
150.010665 -79.91485 11 0.982 15.8786 0.0233 15.3291 0.0093 14.9382 0.0053 14.7582 0.0069
150.535945 -80.10651899999999 14 0.98 16.9039 0.078 16.6169 0.0077 16.3178 0.0171 16.242 0.0292
151.069455 -79.718334 23 0.998 13.6917 0.0061 13.4204 0.0055 13.2655 0.0043 13.2325 0.0047
150.723577 -80.125137 11 0.956 17.3787 0.0118 17.0264 0.0655 16.7499 0.0101 16.6065 0.0092
151.862932 -79.74820600000001 14 0.996 14.2611 0.0098 13.8206 0.0101 13.4448 0.0074 13.2758 0.0064
151.178531 -79.715939 9 0.966 17.6624 0.0161 17.3877 0.0119 17.0775 0.0104 17.0722 0.0096
152.21381599999998 -80.05704399999999 11 1.0 11.4552 0.0074 10.8695 0.0076 10.4407 0.0074 10.2442 0.0098
152.098254 -80.080922 20 0.9840000000000001 15.304 0.0124 14.7857 0.0074 14.4531 0.0061 14.2815 0.0072
151.328429 -79.716196 17 0.98 16.4907 0.0321 16.1603 0.013000000000000001 15.9604 0.0111 15.9166 0.0175
150.196022 -79.814044 10 0.9590000000000001 17.8567 0.016 17.4108 0.0115 17.0529 0.0117 16.9026 0.0371
152.20616 -79.80268000000001 18 0.982 16.384 0.0094 15.9192 0.0139 15.6117 0.0057 15.507 0.0085
152.265978 -79.81794599999999 22 0.998 12.3641 0.0062 11.8217 0.0061 11.4477 0.0069 11.2871 0.0044
150.81755 -79.727086 10 0.9540000000000001 nan nan 17.6052 0.0233 17.016 0.0284 16.869 0.0306
152.407509 -79.873356 11 0.987 12.5863 0.0124 12.2935 0.0163 12.1715 0.0101 12.1277 0.0076
149.99298100000001 -79.920325 12 0.958 16.854 0.0357 16.5734 0.0344 16.3143 0.0288 16.1805 0.039
152.031567 -79.768292 11 0.976 17.1547 0.0165 16.6931 0.0151 16.4002 0.0157 16.3153 0.0093
150.64378200000002 -79.739694 9 0.986 13.796 0.0109 13.2165 0.0077 12.8959 0.0086 12.7549 0.0086
152.38235600000002 -79.857535 9 0.972 17.1929 0.0123 16.7516 0.036000000000000004 16.4999 0.0073 16.392 0.009000000000000001
151.149566 -79.71400600000001 23 0.993 14.1634 0.0061 13.8605 0.0077 13.6951 0.0114 13.6546 0.008
151.373702 -80.144497 15 0.978 16.8186 0.0098 16.4457 0.0189 16.1665 0.0161 15.9737 0.0068
151.206704 -79.713358 18 0.98 16.8533 0.0159 16.4347 0.0076 16.1617 0.0092 16.0776 0.0056
150.189707 -79.81195699999999 14 0.982 16.7408 0.0369 16.3945 0.037000000000000005 16.149 0.0241 16.0769 0.0099
152.409127 -79.868734 7 0.981 16.1931 0.0123 15.7604 0.0494 15.452 0.0181 15.3462 0.0212
152.127242 -79.78264399999999 17 0.9890000000000001 12.9896 0.0074 13.0453 0.0158 13.1691 0.0061 13.2287 0.0047
151.611195 -79.723382 12 0.966 17.8076 0.0303 17.334 0.0407 17.1373 0.011000000000000001 16.9154 0.0253
151.257285 -80.14733100000001 16 0.975 17.1921 0.0149 16.8719 0.0255 16.5763 0.0089 16.4789 0.0225
152.46665900000002 -79.924941 11 0.981 16.3975 0.018000000000000002 15.931 0.008 15.579 0.0084 15.4588 0.011000000000000001
150.909231 -79.71925 12 0.96 17.9274 0.019 17.5106 0.0427 17.1729 0.0305 17.0469 0.0171
150.231704 -79.798846 15 0.986 16.7819 0.0101 15.9138 0.0215 15.2707 0.0108 15.0004 0.0084
150.689234 -79.73286 11 0.982 15.9671 0.0197 15.4753 0.0066 15.2134 0.013999999999999999 15.1068 0.0304
151.99792 -79.759548 9 0.971 17.5913 0.0171 17.0806 0.0145 16.7645 0.009000000000000001 16.6495 0.0093
151.37088899999998 -79.712942 16 0.983 16.1606 0.0161 15.6168 0.0092 15.2643 0.0055 15.0926 0.0118
152.324291 -79.828575 10 0.9890000000000001 17.0325 0.012 16.6691 0.0094 16.337 0.01 16.2471 0.0095
150.044693 -79.85892 10 0.975 17.9205 0.0193 17.3125 0.0115 16.7471 0.006999999999999999 16.5156 0.0177
152.46967800000002 -79.94699 14 0.983 15.7899 0.0378 14.8598 0.0097 14.2139 0.0068 13.9557 0.0065
150.750762 -80.132586 12 0.9540000000000001 17.5646 0.0294 17.0136 0.0128 16.7765 0.0263 16.7211 0.0081
150.269501 -80.073003 8 0.96 18.0449 0.0166 17.4994 0.0208 17.0128 0.0098 16.7792 0.009000000000000001
152.46518899999998 -79.96029899999999 17 0.988 12.232000000000001 0.0261 11.9057 0.0058 11.7707 0.0078 11.74 0.0085
151.46416599999998 -80.145413 12 0.951 18.3358 0.0552 17.6772 0.02 17.0357 0.0071 16.8593 0.0123
151.799075 -79.735013 8 0.9840000000000001 15.2279 0.0105 14.6977 0.0107 14.3397 0.0103 14.1851 0.0074
151.028493 -80.147576 15 0.981 16.6909 0.0093 16.3264 0.0285 15.9956 0.0285 15.8428 0.0394
149.987628 -79.97771800000001 18 0.983 15.8901 0.0064 15.5018 0.0102 15.2753 0.0099 15.1934 0.0055
152.25226899999998 -80.05931700000001 21 0.9890000000000001 14.8656 0.0062 14.5498 0.0054 14.3129 0.0082 14.2363 0.0058
151.864625 -80.120711 14 0.9840000000000001 15.99 0.0129 15.6392 0.0068 15.424000000000001 0.0083 15.3329 0.0133
150.32003899999998 -80.087406 15 0.983 16.2703 0.0195 15.7059 0.0135 15.3184 0.0184 15.1502 0.0077
150.271596 -79.78376899999999 11 0.983 15.9 0.0143 15.4218 0.013999999999999999 15.1584 0.0192 15.061 0.0178
151.624556 -80.141213 17 0.986 12.6091 0.0132 12.3725 0.0118 12.2199 0.0067 12.1892 0.0077
151.37066399999998 -79.708738 15 0.961 17.6173 0.0194 17.137999999999998 0.0277 16.9483 0.0192 16.8823 0.0148
150.915818 -79.713787 19 0.982 16.2589 0.0197 15.8615 0.0066 15.6578 0.0049 15.5804 0.008
152.482814 -79.899456 9 0.968 16.5897 0.016 16.2725 0.0224 16.0855 0.0086 16.0484 0.009000000000000001
151.97276000000002 -79.750357 7 0.963 17.7688 0.0235 17.5378 0.03 17.3019 0.0101 17.2231 0.0797
152.022569 -79.7569 9 0.965 17.5059 0.0164 17.1999 0.0365 16.9348 0.0145 16.8871 0.0146
149.967592 -79.973077 16 0.98 16.8206 0.0113 16.3287 0.0213 15.9491 0.0317 15.7885 0.0269
152.217432 -79.791116 17 0.9840000000000001 16.2229 0.0082 15.6234 0.0065 15.1939 0.0079 15.0592 0.0106
151.620807 -79.71761500000001 9 0.972 nan nan nan nan 16.7472 0.0227 16.0649 0.0347
152.18334199999998 -80.07878199999999 11 0.977 18.2013 0.0477 17.3262 0.0255 16.7088 0.0106 16.4171 0.0175
151.896343 -79.739958 15 0.991 13.2788 0.0074 13.0164 0.0053 12.843 0.0083 12.7946 0.0078
151.23091499999998 -79.70518100000001 17 0.971 17.58 0.0263 17.2924 0.0412 17.0875 0.0114 16.9926 0.0241
151.887646 -79.738218 5 0.972 17.0846 0.0317 16.3439 0.2906 16.7961 0.0174 16.7132 0.0198
152.336751 -80.044821 23 0.998 12.6439 0.0121 12.2866 0.0049 12.0687 0.006 12.0003 0.0056
150.347057 -79.765412 8 0.9690000000000001 18.282 0.0184 17.5375 0.1023 17.0355 0.0353 16.7696 0.0096
150.932974 -80.149716 18 0.98 16.6253 0.0165 16.1393 0.0171 15.7573 0.0052 15.5905 0.0098
152.16408700000002 -79.776837 14 0.98 17.7744 0.0294 16.9158 0.0368 16.1624 0.021 15.8909 0.0079
151.447968 -80.152174 21 0.985 15.6159 0.0229 15.2913 0.0069 15.061 0.0046 14.992 0.0085
151.25207 -79.704032 17 0.958 17.5301 0.0129 16.9985 0.0344 16.7737 0.015 16.6509 0.0441
150.77781399999998 -79.71775699999999 13 0.97 nan nan 17.7242 0.0352 16.859 0.0079 16.5247 0.0258
149.95511499999998 -79.886852 12 0.985 16.1114 0.0194 15.7737 0.0272 15.4881 0.017 15.3667 0.0333
152.517152 -79.93262800000001 11 0.983 16.0787 0.0113 15.4189 0.0147 14.9807 0.021 14.777000000000001 0.0061
151.047014 -80.154436 18 0.982 15.9103 0.008 15.5549 0.0064 15.2893 0.0112 15.222999999999999 0.0108
151.83796999999998 -79.730763 10 0.9840000000000001 15.470999999999998 0.0074 15.062999999999999 0.0208 14.8146 0.0074 14.7357 0.0074
152.502627 -79.969208 18 0.977 16.9916 0.0152 16.518 0.0161 16.257 0.0154 16.1489 0.0181
152.227039 -80.075036 11 0.9690000000000001 17.3417 0.0159 17.0008 0.0135 16.8437 0.0103 16.7741 0.0065
152.50725500000001 -79.899506 10 0.98 16.1379 0.0224 15.8196 0.0183 15.62 0.0282 15.5809 0.0103
152.37156399999998 -80.037853 10 0.956 nan nan 17.9426 0.0286 17.3529 0.016 17.1691 0.031
150.707987 -79.72104399999999 17 0.983 14.4818 0.0255 14.0221 0.0077 13.7753 0.0068 13.6797 0.0053
151.821472 -79.728078 12 0.983 15.324000000000002 0.0097 14.9816 0.018000000000000002 14.758 0.0107 14.6793 0.0061
152.373972 -79.825133 11 0.982 15.5062 0.0105 15.1637 0.0721 14.9347 0.0082 14.8634 0.0062
151.680657 -79.71679300000001 16 0.986 15.6204 0.0138 15.1873 0.0105 14.9164 0.0062 14.8082 0.0089
152.361274 -79.820392 12 0.9840000000000001 14.6229 0.0105 14.2498 0.0213 14.0145 0.0061 13.9484 0.0053
151.565419 -80.150251 17 0.98 16.7912 0.0279 16.4474 0.0101 16.1515 0.01 16.0635 0.0206
152.530172 -79.922371 14 0.9840000000000001 14.4004 0.0074 14.0995 0.006999999999999999 13.9484 0.0076 13.9189 0.0087
150.675942 -80.138469 21 0.983 14.9837 0.0273 14.5548 0.0098 14.2921 0.0047 14.1766 0.0047
150.474962 -80.118841 12 0.963 17.789 0.033 17.142 0.011000000000000001 16.8859 0.033 16.791 0.0118
150.582784 -80.131057 15 0.96 18.3052 0.0464 17.3753 0.071 16.9397 0.0161 16.6641 0.0251
152.158571 -79.769852 15 0.9840000000000001 15.484000000000002 0.0139 15.0599 0.0118 14.7927 0.006999999999999999 14.6824 0.0061
151.00866100000002 -80.156982 22 0.9940000000000001 13.2711 0.0061 12.8007 0.0054 12.4901 0.0053 12.3637 0.0048
152.433775 -79.840925 7 0.96 nan nan 17.3876 0.0628 16.7028 0.0129 16.4698 0.0095
151.282345 -80.160302 16 0.975 17.4866 0.0178 16.9866 0.0121 16.6315 0.0142 16.4852 0.0252
150.79061299999998 -79.71204499999999 12 0.9540000000000001 17.6485 0.0207 17.2794 0.0185 17.1507 0.0124 17.1391 0.0193
152.53120900000002 -79.90167199999999 9 0.981 16.6654 0.0361 16.2197 0.0146 15.952 0.008 15.8817 0.0082
151.523791 -80.154871 13 0.968 17.3668 0.0505 16.9437 0.0189 16.7143 0.0105 16.6283 0.0104
151.968316 -80.12136600000001 12 0.976 18.3753 0.0302 17.3723 0.0118 16.5052 0.0137 16.1545 0.0089
149.903924 -79.914123 13 0.987 12.7348 0.0171 12.1789 0.0062 11.7656 0.0076 11.5935 0.0222
151.930124 -80.125997 10 0.953 nan nan 17.2636 0.0176 16.6608 0.0078 16.4406 0.0112
151.625877 -79.709103 24 0.998 13.3849 0.0084 13.1185 0.0054 12.9845 0.006999999999999999 12.9402 0.0047
149.962829 -79.859426 10 0.9640000000000001 18.0984 0.037000000000000005 17.4548 0.0126 16.9068 0.0076 16.6052 0.0355
149.916446 -79.974818 15 0.98 16.7318 0.0081 16.4173 0.0114 16.1632 0.0114 16.1259 0.0195
151.253037 -79.697304 22 0.983 15.5415 0.0069 15.2467 0.0121 15.0563 0.0063 15.0157 0.0075
150.505601 -80.12648399999999 10 0.973 18.3056 0.022000000000000002 17.5584 0.0155 16.6612 0.0206 16.3145 0.0235
152.231064 -80.083431 6 0.9540000000000001 nan nan nan nan 17.3195 0.0181 16.9875 0.0141
152.377323 -79.815127 18 0.983 14.5218 0.0077 14.08 0.0062 13.8107 0.0061 13.7285 0.005
151.636332 -79.70836800000001 4 0.9790000000000001 17.0738 0.0156 16.4997 0.0227 16.1279 0.0117 16.0167 0.016
149.92153000000002 -79.984378 16 0.983 15.767000000000001 0.0142 15.1812 0.0056 14.8067 0.0061 14.6147 0.0058
152.063593 -79.749414 9 0.97 17.9038 0.0254 17.2904 0.0116 16.9126 0.0431 16.7418 0.0241
152.429383 -80.032709 17 0.9840000000000001 14.4207 0.0087 13.8547 0.0063 13.4236 0.0084 13.2343 0.0057
150.166097 -80.075126 13 0.976 17.5788 0.0596 17.0855 0.0502 16.6508 0.0066 16.4906 0.0217
151.612454 -79.705968 19 0.985 15.2665 0.0077 14.9544 0.0066 14.7638 0.0047 14.7095 0.0083
152.469278 -79.845822 10 0.953 nan nan 17.4443 0.0887 16.823 0.0133 16.5808 0.0083
152.390672 -80.047062 16 0.972 17.2811 0.0787 16.9382 0.0243 16.6076 0.021 16.5193 0.0115
152.435642 -79.831325 3 0.975 nan nan 16.0901 0.0417 nan nan 15.8108 0.0144
151.12292 -80.163931 19 0.985 14.8494 0.0064 14.4602 0.009000000000000001 14.1465 0.0062 14.0267 0.0048
151.430752 -79.69783000000001 17 0.982 16.3173 0.0124 15.8949 0.0078 15.645 0.0097 15.5641 0.0134
152.178806 -80.09626999999999 16 0.985 15.3834 0.0089 14.9713 0.0123 14.6942 0.0071 14.5566 0.0049
152.53082 -79.986491 13 0.9790000000000001 16.7936 0.0115 16.5097 0.0172 16.3074 0.0191 16.2367 0.0072
149.92275 -79.872288 10 0.9790000000000001 16.8427 0.0344 16.5796 0.0184 16.3458 0.0369 16.2555 0.0346
151.117446 -79.695201 16 0.982 17.0062 0.0143 16.273 0.0114 15.8044 0.0079 15.6308 0.0071
149.879291 -79.90944 14 0.9790000000000001 16.8259 0.023 16.5549 0.0326 16.2779 0.0071 16.2105 0.0214
151.819479 -80.14215 16 0.955 17.4865 0.0102 17.0845 0.0333 16.8563 0.0107 16.7304 0.0372
152.353809 -80.060722 22 0.9990000000000001 12.449000000000002 0.0062 11.8829 0.0073 11.5091 0.0047 11.3347 0.0047
152.573235 -79.92523800000001 5 0.99 11.5112 0.0105 10.8754 0.0114 10.4871 0.0105 10.322000000000001 0.0106
152.443327 -79.83050899999999 12 0.983 15.2596 0.0788 14.6341 0.0588 14.6061 0.03 14.3552 0.0289
150.95046100000002 -79.69802 14 0.9740000000000001 17.3723 0.0151 16.9975 0.036000000000000004 16.7161 0.0096 16.6535 0.0065
152.573724 -79.948349 8 0.977 16.6519 0.0129 16.0791 0.0069 15.7592 0.0273 15.6244 0.0127
149.982476 -79.835629 22 0.993 13.9145 0.0074 13.4344 0.0061 13.1315 0.0053 13.0258 0.0071
152.53193000000002 -79.86939 13 0.987 16.8017 0.027000000000000003 16.3823 0.0338 16.0528 0.0133 15.9472 0.0122
149.972275 -80.024905 14 0.982 16.1175 0.0157 15.6865 0.006999999999999999 15.4136 0.0059 15.2991 0.0076
152.559899 -79.890474 18 0.987 14.6011 0.0079 14.0371 0.0086 13.6736 0.0079 13.5151 0.0053
151.40214 -79.694372 17 0.9670000000000001 17.6826 0.015 17.2949 0.0263 16.9764 0.0273 16.8825 0.0169
152.582243 -79.93601600000001 11 0.982 16.4182 0.0154 15.6337 0.0151 15.1481 0.0077 14.9604 0.0092
151.398231 -80.16565200000001 20 0.9840000000000001 15.6957 0.0071 15.4487 0.0059 15.2643 0.0075 15.1937 0.0058
150.741862 -80.15273499999999 15 0.982 15.5879 0.0175 15.2685 0.0077 14.9922 0.0055 14.8829 0.0054
152.395803 -79.81121999999999 14 0.981 16.1954 0.0422 15.7171 0.0136 15.3769 0.0061 15.2141 0.0104
152.581129 -79.947686 9 0.98 16.2495 0.0446 15.8761 0.008 15.6592 0.011000000000000001 15.6155 0.0135
150.363328 -80.115806 18 0.981 16.3251 0.0071 15.9735 0.0081 15.6979 0.0086 15.5916 0.006
151.53108899999998 -79.697801 17 0.983 16.3521 0.0083 16.0852 0.0069 15.8718 0.008 15.8085 0.0068
149.917587 -79.861868 9 0.973 18.0002 0.0146 17.2215 0.0401 16.6842 0.0092 16.4775 0.0199
152.449305 -80.037384 14 0.9790000000000001 15.5792 0.0259 15.1292 0.0274 14.7544 0.0144 14.6381 0.0113
150.20971200000002 -79.77090600000001 10 0.982 16.2947 0.0119 16.0085 0.0091 15.8067 0.0083 15.7627 0.0127
152.068592 -79.743128 12 0.997 17.0638 0.0251 16.6073 0.0096 16.2281 0.0185 16.0951 0.0195
152.46288700000002 -79.830286 13 0.978 16.8213 0.0102 16.4404 0.0253 16.1593 0.0134 16.0662 0.0069
149.86147 -79.960216 11 0.9620000000000001 16.6775 0.098 16.3215 0.0201 16.0795 0.0657 15.905999999999999 0.009000000000000001
149.857767 -79.955662 14 0.983 14.7891 0.0082 14.2305 0.0116 13.8471 0.0095 13.6688 0.0095
151.72658 -79.707208 18 0.99 14.8674 0.027000000000000003 14.5141 0.0063 14.3336 0.0199 14.2772 0.0177
150.371942 -79.742734 8 0.983 nan nan 16.7657 0.0723 15.3885 0.0071 14.8295 0.0061
151.17371699999998 -79.690046 22 0.987 15.3631 0.0092 15.0802 0.0075 14.9359 0.013000000000000001 14.8809 0.0164
152.494998 -79.84176 15 0.986 16.3559 0.0511 15.9303 0.013999999999999999 15.6335 0.0053 15.5341 0.0049
152.163522 -79.755864 13 0.982 16.4707 0.0195 15.8466 0.0223 15.3994 0.0169 15.23 0.0101
152.415372 -79.812374 13 0.966 16.9637 0.0151 16.505 0.033 16.2612 0.0177 16.1927 0.0067
152.29017 -80.083028 17 0.976 17.3338 0.011000000000000001 16.8207 0.0172 16.4526 0.006999999999999999 16.3089 0.0136
150.1057 -80.072227 16 0.99 13.9087 0.0077 13.5761 0.0098 13.3871 0.0061 13.3333 0.0062
151.05470400000002 -79.690993 16 0.971 18.1999 0.0552 17.3688 0.0285 16.8303 0.0111 16.6229 0.018000000000000002
151.778799 -79.710082 16 0.986 14.3201 0.0074 13.6841 0.0093 13.2378 0.0053 13.0328 0.0063
149.922922 -79.852985 9 0.9840000000000001 16.4532 0.034 15.9642 0.0078 15.5663 0.0068 15.4301 0.0075
151.821644 -79.713471 10 0.977 18.0115 0.0225 17.3422 0.0119 16.6768 0.0184 16.4252 0.0125
150.953933 -80.16633900000001 15 0.98 16.441 0.0299 16.0527 0.006999999999999999 15.7834 0.0175 15.679 0.0071
152.139083 -80.111276 21 0.983 14.8594 0.0266 14.4463 0.0143 14.2173 0.005 14.1081 0.0047
151.167128 -79.688795 4 0.965 17.611 0.0126 17.2332 0.0144 17.1164 0.0141 16.9593 0.0218
151.875407 -80.143095 15 0.981 16.3085 0.0105 15.9631 0.0136 15.712 0.0061 15.6183 0.0073
152.38075800000001 -80.063193 18 0.986 16.3293 0.0244 15.9217 0.0159 15.5454 0.0082 15.3986 0.0058
152.014375 -80.12856 21 0.988 15.3459 0.0062 14.8885 0.0059 14.6044 0.0123 14.4848 0.0069
151.488382 -80.166898 14 0.991 16.7258 0.0098 16.3309 0.0199 16.1077 0.0066 16.0576 0.0127
152.358241 -80.06936800000001 11 0.96 18.2332 0.0148 17.5961 0.0622 17.0653 0.0194 16.878 0.012
151.725323 -79.704738 9 0.973 17.5672 0.0169 17.1021 0.0132 16.867 0.0226 16.72 0.0336
150.440407 -80.13051 13 0.981 16.6577 0.0844 16.1517 0.0085 15.8036 0.0097 15.6379 0.0075
150.275613 -79.754293 12 0.9840000000000001 15.5606 0.0085 14.9712 0.0219 14.6587 0.0174 14.5382 0.0078
152.323874 -80.079092 12 0.978 nan nan 17.643 0.0176 16.6501 0.0221 16.2369 0.0124
149.85101699999998 -79.895436 9 0.982 18.3742 0.0385 17.5166 0.0235 16.105 0.0084 15.5702 0.0155
152.304145 -80.08377 14 0.98 nan nan 17.0 0.0129 16.0348 0.0058 15.6481 0.0055
152.167977 -80.109076 13 0.9790000000000001 17.3405 0.0169 16.969 0.0097 16.7342 0.0275 16.5746 0.0348
151.570516 -80.16511 15 0.965 17.4718 0.0185 17.0372 0.0346 16.6711 0.0074 16.5251 0.0146
150.562996 -79.716722 20 0.993 15.1035 0.0107 14.6228 0.0073 14.3184 0.0049 14.1827 0.0061
152.401933 -80.060426 15 0.983 16.9308 0.0116 16.4904 0.0133 16.2125 0.0089 16.1408 0.0055
150.076731 -79.794205 9 0.981 16.6467 0.0118 16.0592 0.0127 15.6709 0.0056 15.4876 0.0141
150.29648400000002 -79.749085 12 0.98 16.8007 0.0104 16.2886 0.0069 15.9161 0.0059 15.7884 0.0124
150.78163700000002 -80.16138199999999 14 0.978 16.4827 0.0107 15.9482 0.0101 15.5326 0.0088 15.3596 0.0124
151.77348 -79.706007 11 0.983 16.3413 0.0459 15.8775 0.0088 15.5636 0.0061 15.4348 0.009000000000000001
149.93713799999998 -80.027398 14 0.9790000000000001 17.5622 0.0184 16.9357 0.0154 16.4214 0.0233 16.1891 0.0189
151.006831 -80.171212 16 0.981 16.4322 0.0208 16.1253 0.0107 15.9289 0.0122 15.8827 0.0139
150.624631 -80.15115899999999 18 0.9790000000000001 17.1315 0.0158 16.5922 0.0136 16.2021 0.016 16.0168 0.0104
151.531523 -80.16826 10 0.976 nan nan nan nan 16.6033 0.0127 15.9432 0.0095
149.870045 -79.871039 9 0.976 17.4539 0.0636 17.0872 0.0648 16.7991 0.0303 16.7012 0.0106
152.50568700000002 -79.835212 14 0.981 17.2712 0.0409 16.4509 0.0233 16.0121 0.0068 15.794 0.0177
151.010379 -79.688087 19 0.985 15.3555 0.0085 14.8011 0.0056 14.4045 0.0056 14.2249 0.0091
151.347832 -80.173564 14 0.975 17.3637 0.1382 16.9987 0.0195 16.7376 0.0095 16.6384 0.0317
152.454753 -80.048272 12 0.9590000000000001 17.2302 0.0233 17.018 0.0259 16.6994 0.0245 16.6057 0.0091
152.146161 -79.746862 10 0.966 17.4046 0.0295 16.9217 0.0355 16.7302 0.0133 16.6322 0.0359
152.484774 -80.03877299999999 12 0.9790000000000001 16.4858 0.0232 16.1303 0.0099 15.880999999999998 0.0181 15.8548 0.0076
149.83185 -79.901507 14 0.982 16.6215 0.0118 16.1077 0.0089 15.8098 0.0087 15.6431 0.0138
152.555477 -80.009288 23 0.99 14.6905 0.0074 14.1242 0.0048 13.7312 0.005 13.5258 0.0043
151.632483 -79.694879 16 0.981 16.7079 0.0365 16.3152 0.019 16.0627 0.006999999999999999 15.9326 0.0185
151.139289 -80.175253 16 0.9590000000000001 17.3172 0.0294 16.964000000000002 0.0141 16.6269 0.0138 16.5442 0.0293
150.660394 -80.155984 17 0.982 16.592 0.008 16.1882 0.0197 15.9133 0.0124 15.8105 0.0153
152.531778 -80.023432 15 0.961 17.4787 0.0382 17.107 0.0413 16.8909 0.0123 16.8194 0.0189
150.960309 -80.171962 15 0.972 17.3308 0.0115 16.8962 0.0176 16.5253 0.006999999999999999 16.3968 0.0311
152.595766 -79.988056 11 0.9570000000000001 17.8792 0.021 17.5008 0.0144 17.2878 0.0142 17.1905 0.038
152.263184 -80.09769 17 0.985 15.1966 0.0105 14.9095 0.0072 14.6959 0.0057 14.6253 0.0044
149.891224 -79.851393 14 0.9890000000000001 15.0939 0.0312 14.6203 0.0075 14.2487 0.0086 14.0918 0.0099
151.17431499999998 -80.176199 13 0.9620000000000001 17.9148 0.0286 17.2371 0.0434 16.6571 0.0133 16.439 0.0144
152.51696299999998 -80.030181 16 0.985 12.4136 0.0075 12.0376 0.0061 11.8534 0.0059 11.7791 0.0071
150.958418 -79.687699 16 0.98 17.2884 0.0134 16.8594 0.0094 16.5866 0.0156 16.4705 0.0205
149.94276000000002 -79.828583 15 0.981 16.4487 0.0404 16.1306 0.0085 15.8634 0.0069 15.8177 0.021
151.245931 -80.176582 19 0.982 15.7716 0.0112 15.3092 0.0131 14.9579 0.0055 14.8214 0.0057
150.60753 -80.152772 15 0.983 16.7743 0.013000000000000001 16.1503 0.0206 15.6933 0.0055 15.4907 0.0057
150.457459 -79.72279 15 0.983 15.2611 0.0214 14.6883 0.0081 14.3205 0.0052 14.1495 0.0082
151.374621 -79.683777 18 0.982 16.317 0.0121 15.88 0.0081 15.6355 0.0131 15.5489 0.0109
152.16414 -79.74631099999999 8 0.953 18.4166 0.0122 17.6358 0.0142 16.9798 0.0164 16.6958 0.0251
151.91312299999998 -79.714251 13 0.9740000000000001 17.0692 0.0131 16.7156 0.0287 16.4367 0.0093 16.2939 0.0201
150.841609 -79.691038 15 0.9740000000000001 17.8189 0.0142 17.1624 0.013000000000000001 16.6479 0.0177 16.3851 0.0364
150.818548 -80.167914 15 0.982 15.2587 0.0093 14.9333 0.0204 14.6963 0.0084 14.5978 0.0118
151.082397 -79.682793 16 0.9640000000000001 17.7292 0.0158 17.2835 0.0449 16.8603 0.0081 16.7552 0.0296
150.984937 -79.685016 23 0.983 15.0167 0.0075 14.6797 0.0063 14.4982 0.0079 14.4459 0.005
149.827791 -79.980595 22 0.998 13.782 0.0061 13.2559 0.0076 12.8705 0.005 12.7095 0.0062
150.233996 -80.10991800000001 13 0.966 17.4572 0.0515 17.0975 0.0273 16.8561 0.0078 16.7826 0.0506
151.363441 -79.682373 16 0.982 16.5438 0.0289 16.1691 0.0084 15.8978 0.0059 15.8283 0.0066
152.57106299999998 -79.853367 17 0.9840000000000001 14.7134 0.0083 14.2417 0.0117 13.9726 0.006 13.8599 0.006
151.847266 -80.153911 19 0.986 14.3574 0.0215 14.0244 0.0061 13.8094 0.0095 13.7389 0.0076
149.807619 -79.905312 17 0.99 15.3975 0.0111 14.6726 0.0133 14.1686 0.0073 13.9641 0.0098
150.661877 -79.701406 13 0.98 16.313 0.0282 15.7857 0.0085 15.4445 0.0057 15.2692 0.0102
152.62608799999998 -79.97523000000001 9 0.963 nan nan 17.7322 0.0484 16.9104 0.0081 16.5978 0.0084
150.279725 -79.744262 6 0.971 nan nan 18.2884 0.0268 16.835 0.0155 16.3401 0.0646
150.433656 -79.722752 10 0.983 16.0409 0.0203 15.5395 0.0083 15.1721 0.0068 15.0182 0.0065
152.335323 -79.774443 9 0.9670000000000001 nan nan 17.1089 0.0117 16.3904 0.0067 16.1125 0.0132
150.447976 -80.141403 12 0.971 17.2664 0.0134 17.0018 0.0545 16.7921 0.0154 16.7393 0.0207
152.406954 -79.790816 14 0.981 15.8373 0.0331 15.4976 0.0257 15.3006 0.0101 15.2345 0.0123
149.795544 -79.909675 13 0.982 18.2458 0.023 17.3018 0.0477 16.0631 0.008 15.5856 0.0128
150.438875 -79.720734 9 0.99 17.9952 0.034 16.9751 0.0118 15.9061 0.0137 15.4879 0.0093
152.145792 -80.12303 14 0.978 16.9069 0.0109 16.543 0.0334 16.2468 0.0154 16.1435 0.013000000000000001
151.307245 -79.679324 17 0.98 17.2125 0.012 16.6796 0.0079 16.3695 0.0056 16.253 0.0179
152.38546200000002 -79.78469799999999 13 0.976 16.2718 0.0274 15.9372 0.011000000000000001 15.7155 0.0159 15.6261 0.0071
151.459123 -80.17761 14 0.983 17.7969 0.0236 16.7083 0.0171 15.0997 0.0065 14.4604 0.0047
150.141821 -79.766014 6 0.9620000000000001 17.8143 0.0143 17.1383 0.0131 16.7425 0.0285 16.608 0.0327
150.306346 -79.737324 8 0.956 17.9866 0.0315 17.5151 0.0191 17.0611 0.0108 16.8846 0.0119
152.11875600000002 -80.127654 15 0.981 16.497 0.0096 16.0585 0.0115 15.729000000000001 0.0067 15.5882 0.0112
151.824034 -80.158781 16 0.9690000000000001 17.518 0.0189 17.0518 0.0238 16.6739 0.0311 16.5798 0.0329
149.851202 -80.008826 24 0.985 14.9167 0.0131 14.6279 0.0171 14.4311 0.0059 14.3794 0.0065
151.260278 -79.678135 23 0.988 13.4644 0.0061 13.0947 0.0084 12.882 0.0058 12.8142 0.0047
150.97894 -79.681605 16 0.978 16.9306 0.0129 16.5952 0.0188 16.3055 0.0405 16.2539 0.0072
152.14411 -79.737348 13 0.981 16.962 0.0332 16.4628 0.018000000000000002 16.0648 0.0115 15.9179 0.0066
152.026305 -79.721559 10 0.971 17.287 0.0323 16.8073 0.0155 16.6353 0.0496 16.5369 0.0164
152.186942 -79.743801 10 0.951 17.4914 0.0162 17.1977 0.0206 16.9678 0.0133 16.8958 0.0266
152.43176499999998 -79.794487 11 0.965 nan nan 17.6523 0.02 16.3362 0.0104 15.8313 0.0214
150.789674 -79.689521 17 0.98 16.8188 0.0082 16.4518 0.0218 16.2067 0.0091 16.1546 0.0115
149.811598 -79.880359 14 0.997 12.0288 0.0085 11.5411 0.0156 11.1429 0.0074 10.9672 0.0074
152.665504 -79.93047800000001 13 0.983 14.9181 0.0077 14.5904 0.0153 14.4186 0.0075 14.3809 0.0085
152.07531 -80.134519 17 0.9740000000000001 17.4733 0.0755 16.8705 0.0328 16.5285 0.0285 16.3299 0.0105
152.573874 -79.843538 13 0.9740000000000001 17.4144 0.0377 17.0509 0.0324 16.7049 0.0108 16.6279 0.0156
150.359252 -79.72855799999999 10 0.971 17.3198 0.0142 16.9068 0.0175 16.7008 0.0389 16.6201 0.0177
152.247601 -79.753486 13 0.9840000000000001 16.1913 0.023 15.3873 0.0138 14.7908 0.0062 14.5187 0.0117
150.165572 -80.103635 16 0.9840000000000001 15.2471 0.0213 14.7667 0.0181 14.4232 0.0048 14.2767 0.0082
149.86756599999998 -79.844699 1 0.978 nan nan nan nan 16.9387 0.12 nan nan
150.686449 -79.695444 13 0.983 15.3968 0.0105 14.839 0.0088 14.4826 0.0069 14.3087 0.0054
150.004382 -80.06835500000001 21 0.9840000000000001 15.3045 0.0183 14.9912 0.008 14.7944 0.0047 14.7247 0.0067
152.63851599999998 -79.984675 16 0.977 17.1119 0.0969 16.7432 0.0132 16.4473 0.0108 16.3213 0.0169
151.382466 -79.678449 15 0.97 17.8421 0.0283 17.276 0.0156 16.6773 0.0082 16.4904 0.0139
150.491191 -80.14894 15 0.983 16.0863 0.0175 15.6082 0.0193 15.2308 0.0093 15.0571 0.0054
152.52463600000002 -79.82181800000001 12 0.971 17.3246 0.0306 17.0266 0.0212 16.7422 0.0188 16.6932 0.0173
152.390267 -80.081914 14 0.977 16.8833 0.0168 16.5158 0.0074 16.2791 0.0067 16.1518 0.0059
151.042167 -80.181389 22 0.983 15.4237 0.0111 15.1043 0.006 14.8801 0.0059 14.7871 0.0075
150.49531100000002 -79.711271 17 0.983 16.6716 0.0241 15.952 0.0151 15.4875 0.0124 15.2924 0.0058
151.363705 -80.182548 12 0.971 nan nan 18.0374 0.0228 16.7592 0.0101 16.2748 0.0149
149.954619 -79.807867 15 0.977 17.3902 0.0523 17.1037 0.0205 16.8223 0.0077 16.769000000000002 0.0242
149.914658 -79.820881 19 0.992 14.2813 0.0074 13.99 0.018000000000000002 13.8702 0.0269 13.7716 0.006999999999999999
