ra dec ngood class_star g_psf e_g_psf r_psf e_r_psf i_psf e_i_psf z_psf e_z_psf
176.522896 -84.552102 21 0.9840000000000001 15.84 0.0131 15.5022 0.0155 15.2482 0.005 15.1688 0.0048
176.45621200000002 -84.55178199999999 12 0.982 nan nan nan nan 16.9574 0.0142 16.5697 0.0096
176.452109 -84.550588 8 0.981 nan nan 17.3406 0.0192 17.2665 0.0089 17.1797 0.0143
176.415414 -84.55383499999999 19 0.983 17.2284 0.0189 16.8697 0.019 16.5836 0.0057 16.4854 0.0121
176.59042 -84.553501 6 0.9690000000000001 nan nan nan nan 17.8765 0.009000000000000001 17.5935 0.0124
176.599104 -84.54945500000001 12 0.98 nan nan nan nan 17.2041 0.0054 17.0448 0.0153
176.60917 -84.554317 18 0.9840000000000001 17.1839 0.0385 16.7826 0.0574 16.3455 0.0063 16.1594 0.0058
176.548746 -84.562134 21 0.9840000000000001 16.9022 0.0226 16.4909 0.015 16.1459 0.0089 15.999 0.013000000000000001
176.368925 -84.554588 8 0.976 nan nan nan nan 17.5906 0.0077 17.2132 0.0144
176.513021 -84.567929 9 0.98 nan nan 17.5577 0.0197 17.3099 0.0102 17.2042 0.0147
176.68862099999998 -84.55504499999999 16 0.983 nan nan 18.2228 0.0127 16.6944 0.0045 16.0828 0.0122
176.291457 -84.55820600000001 22 0.986 15.6596 0.0095 15.2751 0.0055 15.0493 0.0057 14.9731 0.006999999999999999
176.709724 -84.558963 7 0.977 nan nan 17.921 0.0108 17.6614 0.0129 17.5491 0.0087
176.70363899999998 -84.539351 7 0.975 nan nan nan nan 17.6208 0.0077 17.5352 0.012
176.27680700000002 -84.54227 20 0.9840000000000001 16.0182 0.009000000000000001 15.6399 0.0091 15.4272 0.0056 15.3789 0.0041
176.709956 -84.560631 14 0.98 nan nan 18.0384 0.0113 17.2853 0.0089 16.9391 0.0253
176.359001 -84.568629 13 0.982 nan nan 17.4185 0.1014 17.1655 0.0092 17.0832 0.01
176.69358300000002 -84.536028 19 0.983 16.4025 0.0184 16.0416 0.0137 15.7936 0.0047 15.7239 0.0078
176.721825 -84.537399 8 0.973 nan nan 18.3936 0.0105 17.7815 0.0078 17.5589 0.0132
176.702438 -84.534384 19 0.987 15.814 0.0154 15.2791 0.0143 14.9174 0.0049 14.7591 0.0078
176.245919 -84.543533 5 0.975 nan nan nan nan 17.7247 0.0224 17.5881 0.0114
176.303291 -84.533039 16 0.982 nan nan 16.842 0.0166 16.125 0.0071 15.799000000000001 0.0099
176.715444 -84.56514399999999 18 0.982 17.4733 0.0272 17.1961 0.0256 16.9922 0.0081 16.9166 0.0117
176.222714 -84.54854499999999 17 0.982 nan nan 17.1502 0.0229 16.7338 0.0088 16.5758 0.015
176.560598 -84.523142 7 0.9790000000000001 nan nan 17.4142 0.0355 17.4235 0.0066 17.3675 0.0083
176.64748 -84.573798 22 0.9840000000000001 15.739 0.0066 15.3323 0.006 15.0851 0.0059 15.0063 0.0044
176.207924 -84.550111 15 0.982 nan nan 17.1893 0.055 16.601 0.0064 16.36 0.0089
176.446913 -84.577499 6 0.972 nan nan nan nan 17.9174 0.0155 17.7667 0.0186
176.502528 -84.52134699999999 20 0.987 16.5901 0.0335 16.4113 0.0139 16.1967 0.0064 16.1399 0.0179
176.390253 -84.577648 9 0.98 nan nan 17.4725 0.0476 17.2726 0.0062 17.1973 0.0272
176.197477 -84.557009 25 0.991 14.6768 0.0061 14.1704 0.0064 13.8153 0.0054 13.6686 0.0063
176.718665 -84.571288 25 0.983 16.4526 0.0205 16.0418 0.0098 15.7824 0.0048 15.6738 0.0119
176.30516699999998 -84.574566 13 0.986 nan nan 17.3043 0.053 16.9725 0.0109 16.8215 0.0089
176.818658 -84.541914 15 0.982 nan nan 17.1568 0.0373 16.7395 0.006 16.5756 0.0137
176.63124299999998 -84.520168 9 0.982 nan nan 17.4885 0.0965 17.0713 0.0064 16.8801 0.0086
176.846448 -84.547888 10 0.9740000000000001 nan nan 19.3829 0.0126 17.7576 0.0167 17.1372 0.0083
176.81278500000002 -84.564637 16 0.983 17.3131 0.0205 16.7892 0.0107 16.5005 0.0045 16.3827 0.0058
176.791884 -84.530336 16 0.983 nan nan 16.8828 0.0166 16.3609 0.0063 16.1628 0.0067
176.318165 -84.579442 8 0.9790000000000001 nan nan nan nan 17.3622 0.0144 17.2878 0.0144
176.55340800000002 -84.514985 13 0.983 nan nan 16.845 0.0575 16.6634 0.0055 16.528 0.0078
176.827871 -84.533111 8 0.975 nan nan 18.0803 0.0105 17.8343 0.0159 17.7695 0.0136
176.845359 -84.535453 7 0.972 nan nan 18.0208 0.0111 17.7771 0.0073 17.6865 0.0165
176.10908899999998 -84.546242 6 0.953 nan nan nan nan 18.1021 0.0428 17.9962 0.0383
176.34418200000002 -84.515343 11 0.981 nan nan nan nan 17.284000000000002 0.0153 17.1604 0.0286
176.878369 -84.537531 6 0.973 nan nan 18.339000000000002 0.0148 17.7725 0.0072 17.6434 0.0111
176.502493 -84.510311 14 0.988 12.0316 0.0061 11.4328 0.0074 11.0658 0.0105 10.8718 0.0074
176.69908700000002 -84.51371800000001 19 0.997 13.7244 0.0076 13.0406 0.0062 12.502 0.0106 12.2702 0.0047
176.24711299999998 -84.516625 7 0.968 nan nan nan nan 17.8505 0.0071 17.5124 0.0169
176.85478 -84.57374399999999 8 0.9670000000000001 nan nan 18.7269 0.012 18.1445 0.0121 17.8761 0.02
176.94358 -84.550165 6 0.9620000000000001 nan nan nan nan 17.9441 0.0105 17.7671 0.0323
176.68635 -84.511739 5 0.982 nan nan nan nan 15.8391 0.0096 15.7142 0.0113
176.057928 -84.55563599999999 24 0.993 16.2041 0.0181 15.7113 0.0121 15.3318 0.0064 15.1811 0.0096
176.530256 -84.50745500000001 4 0.9520000000000001 nan nan nan nan 17.4832 0.0307 17.3774 0.0263
176.370374 -84.50871 7 0.968 nan nan nan nan 17.8284 0.018000000000000002 17.7056 0.0274
176.889548 -84.52768499999999 7 0.971 nan nan 18.3098 0.0139 17.68 0.0061 17.4706 0.0107
176.059129 -84.561223 6 0.9620000000000001 nan nan nan nan 17.94 0.0345 17.8879 0.0318
176.923343 -84.56658900000001 7 0.971 nan nan 17.9618 0.0105 17.6592 0.0205 17.5692 0.0107
176.96223 -84.549297 26 0.986 16.3721 0.0242 15.8543 0.0285 15.4732 0.0085 15.3163 0.0044
176.900169 -84.528021 9 0.976 nan nan nan nan 17.8519 0.0071 16.9548 0.0143
176.296268 -84.510336 5 0.977 nan nan nan nan 17.5861 0.0079 17.2465 0.0099
176.204196 -84.584358 7 0.977 nan nan nan nan 17.6202 0.0107 17.5178 0.0252
176.978105 -84.544531 7 0.9790000000000001 nan nan nan nan 17.1616 0.0335 16.8812 0.0289
176.798174 -84.586206 14 0.981 nan nan 17.4325 0.0102 17.1324 0.0073 17.0407 0.0176
176.02408 -84.540002 12 0.981 nan nan nan nan 17.2473 0.0073 17.0305 0.0092
176.005818 -84.550924 17 0.983 16.1535 0.0093 15.7818 0.0081 15.5139 0.0083 15.4382 0.0056
176.480702 -84.597164 6 0.968 nan nan nan nan 17.9128 0.0106 17.4455 0.012
176.78905600000002 -84.588909 11 0.98 nan nan 17.642 0.0105 17.3534 0.0055 17.2356 0.0085
176.02018999999999 -84.535845 6 0.9590000000000001 nan nan nan nan 18.0597 0.0152 18.0015 0.012
176.118281 -84.518168 8 0.976 nan nan nan nan 17.5009 0.0187 17.4392 0.0162
177.002579 -84.53913 15 0.996 11.3066 0.0283 10.492 0.0078 9.8804 0.0097 9.6045 0.0074
176.102645 -84.51800300000001 6 0.953 nan nan nan nan 18.1418 0.018000000000000002 17.7002 0.0118
176.964008 -84.526811 7 0.976 nan nan 18.2786 0.0131 17.7989 0.0071 17.6022 0.0126
176.531975 -84.59999499999999 12 0.9620000000000001 nan nan nan nan 17.3334 0.0169 16.8963 0.0272
176.908278 -84.582612 0 0.9540000000000001 nan nan nan nan nan nan nan nan
176.32298899999998 -84.598014 11 0.981 nan nan nan nan 17.061 0.006999999999999999 16.6951 0.0109
177.007542 -84.532275 8 0.973 nan nan 18.2257 0.0106 17.8401 0.0185 17.6515 0.0218
176.702673 -84.59773 19 0.983 17.2618 0.0132 16.8633 0.0317 16.6224 0.0076 16.5417 0.0061
177.03913400000002 -84.555316 10 0.975 nan nan 17.8551 0.0105 17.5801 0.0094 17.4618 0.0298
175.9675 -84.561385 5 0.97 nan nan nan nan 17.7722 0.0082 17.6607 0.0225
176.488798 -84.497742 10 0.983 nan nan 17.1104 0.0259 16.7517 0.0068 16.6484 0.0064
176.64951299999998 -84.600387 7 0.965 nan nan 18.1874 0.0109 17.9171 0.0118 17.8391 0.0473
176.534801 -84.49739 14 0.991 15.5524 0.0116 15.2419 0.0143 15.0206 0.0061 14.9393 0.0096
176.63433600000002 -84.602429 14 0.9790000000000001 nan nan 18.5648 0.0162 17.3565 0.0051 16.8938 0.0112
175.97636200000002 -84.52893 12 0.982 nan nan 17.1411 0.039 16.7596 0.0069 16.5979 0.013000000000000001
175.99123400000002 -84.575878 18 0.983 16.736 0.0131 16.1831 0.024 15.9172 0.0195 15.804 0.0056
176.067691 -84.513933 6 0.961 nan nan nan nan 17.9429 0.0118 17.8753 0.012
176.922526 -84.512845 7 0.9740000000000001 nan nan 17.9812 0.0107 17.7421 0.0071 17.6206 0.0115
176.781815 -84.50219 23 0.99 14.2875 0.0053 13.7249 0.0109 13.2925 0.0061 13.1179 0.0047
175.960322 -84.570123 19 0.9840000000000001 15.5699 0.0243 15.1959 0.0095 14.9957 0.0081 14.9493 0.0097
177.05544799999998 -84.533783 22 0.977 17.2175 0.0303 16.8852 0.0086 16.6451 0.0101 16.5898 0.0068
176.483699 -84.605278 9 0.981 nan nan nan nan 17.3123 0.0106 17.2505 0.0086
176.007666 -84.520359 10 0.98 nan nan 17.4695 0.0178 17.2215 0.0085 17.1143 0.009000000000000001
176.703192 -84.497901 12 0.9840000000000001 nan nan 16.4759 0.0087 16.1341 0.009000000000000001 15.9759 0.0051
176.222374 -84.599034 14 0.982 17.5593 0.0154 17.0865 0.016 16.9353 0.0143 16.8494 0.0066
176.613202 -84.495276 6 0.978 nan nan nan nan 17.4544 0.008 17.3149 0.0097
177.090489 -84.555498 13 0.981 nan nan 17.5789 0.0508 17.3085 0.0054 17.1916 0.0193
177.036078 -84.525309 8 0.9790000000000001 nan nan 17.7699 0.0105 17.457 0.0101 17.3584 0.0077
176.51449 -84.606756 12 0.981 nan nan 17.1689 0.1256 16.9449 0.008 16.8952 0.0095
176.337168 -84.49505699999999 10 0.982 nan nan 16.8899 0.0158 16.6071 0.0164 16.5022 0.0069
175.957048 -84.575559 10 0.982 nan nan 17.3777 0.0509 17.098 0.0074 16.9736 0.0298
175.99563700000002 -84.582729 18 0.9840000000000001 16.4973 0.0118 16.0402 0.0286 15.7466 0.0111 15.6337 0.0052
176.378137 -84.493022 14 0.986 16.585 0.0208 16.2651 0.0229 15.9577 0.0104 15.8993 0.0052
175.92958000000002 -84.57491 10 0.9840000000000001 nan nan 17.1645 0.0289 16.3612 0.0066 16.0214 0.0078
176.47888899999998 -84.609643 23 0.9840000000000001 15.6092 0.017 14.940999999999999 0.0239 14.4087 0.0103 14.1925 0.0043
177.108011 -84.56596 9 0.966 nan nan 19.0626 0.0142 18.0263 0.0121 17.6092 0.0171
177.100436 -84.568481 19 0.983 17.2458 0.0221 17.0658 0.0118 16.8348 0.0104 16.7462 0.012
176.80093 -84.497076 8 0.981 nan nan nan nan 17.1803 0.0124 16.9874 0.0225
176.38022800000002 -84.490566 14 0.983 16.6108 0.0456 16.0164 0.0356 15.6302 0.0092 15.4866 0.0055
176.90726999999998 -84.503528 11 0.981 nan nan 17.4163 0.0276 17.1202 0.0054 17.0667 0.0065
176.711058 -84.608035 7 0.966 nan nan 18.2651 0.011000000000000001 17.9517 0.0117 17.8415 0.0119
177.061846 -84.580587 9 0.972 nan nan 18.0744 0.0158 17.7623 0.0126 17.6292 0.0257
176.794162 -84.495153 4 0.978 nan nan nan nan 17.5582 0.0298 17.1968 0.0077
175.877763 -84.53179399999999 4 0.9670000000000001 nan nan nan nan 17.8679 0.0083 17.7322 0.0237
177.032548 -84.586112 14 0.98 nan nan 18.0041 0.0166 17.3384 0.0086 17.0457 0.016
177.07574499999998 -84.579862 8 0.963 nan nan 18.287 0.0117 17.9828 0.0166 17.8199 0.01
176.273495 -84.608664 17 0.982 nan nan 16.8818 0.0345 16.5811 0.012 16.4289 0.0083
176.616433 -84.611499 34 0.988 15.0467 0.0091 14.7259 0.0096 14.5153 0.0054 14.4681 0.0051
176.80958600000002 -84.49493199999999 11 0.982 nan nan 17.3546 0.0263 16.9272 0.0122 16.7986 0.006999999999999999
175.966083 -84.51364000000001 8 0.98 nan nan 17.5036 0.0275 17.0969 0.0083 17.0045 0.0222
177.136277 -84.533271 22 0.983 nan nan 17.1742 0.032 16.6805 0.006999999999999999 16.4585 0.0151
176.536215 -84.48715200000001 7 0.982 nan nan nan nan 16.9701 0.0079 16.5558 0.0107
176.617378 -84.487891 9 0.981 nan nan 17.0393 0.1525 16.8699 0.0192 16.81 0.0152
176.026609 -84.595516 5 0.973 nan nan nan nan 17.8163 0.0087 17.5994 0.0257
176.774401 -84.608633 23 0.9840000000000001 15.7671 0.0205 15.4046 0.0074 15.1865 0.0038 15.1193 0.0046
176.256058 -84.490059 13 0.983 16.6934 0.0208 16.2309 0.0153 16.0203 0.0064 15.922 0.0062
176.83776 -84.493931 6 0.965 nan nan 18.5284 0.0116 17.8422 0.0109 17.569000000000003 0.012
175.834331 -84.564929 12 0.982 17.1256 0.0339 17.0542 0.03 16.8278 0.0071 16.748 0.0193
177.130272 -84.576121 22 0.982 17.3705 0.0677 17.0602 0.0108 16.785 0.0093 16.6648 0.0133
175.90159599999998 -84.584064 4 0.956 nan nan nan nan 18.1784 0.0384 17.5027 0.0305
176.873867 -84.606054 22 0.982 17.1272 0.0205 16.8613 0.0072 16.6262 0.0072 16.5478 0.0058
176.770153 -84.48841999999999 4 0.972 nan nan nan nan 17.8645 0.0165 17.3596 0.0144
176.48629499999998 -84.617522 8 0.975 nan nan nan nan 17.6298 0.0064 17.1939 0.0066
177.119111 -84.58392099999999 15 0.981 nan nan 17.5397 0.0504 17.1615 0.0093 17.0153 0.011000000000000001
177.13503799999998 -84.581485 18 0.981 nan nan 17.2733 0.0081 16.9816 0.0046 16.8399 0.0187
175.97843899999998 -84.597219 19 0.987 15.8083 0.0131 15.4648 0.011000000000000001 15.2396 0.0051 15.1693 0.0051
175.80883899999998 -84.531274 16 0.986 15.7531 0.0123 15.3605 0.0062 15.1454 0.0048 15.0792 0.0072
175.824538 -84.574551 11 0.982 nan nan nan nan 16.7905 0.0108 16.354 0.01
175.868507 -84.51613 4 0.966 nan nan nan nan 18.0544 0.0344 18.0072 0.0831
175.775825 -84.542941 18 0.983 17.1825 0.019 16.6172 0.0145 16.2906 0.005 16.1688 0.0079
176.519199 -84.480801 15 0.988 14.0029 0.0061 13.495999999999999 0.0066 13.1068 0.0074 12.9624 0.0077
176.46179899999998 -84.6193 5 0.9570000000000001 nan nan nan nan 17.9529 0.0102 17.9416 0.02
176.57920900000002 -84.619287 27 0.986 16.0705 0.01 15.5982 0.016 15.2175 0.0055 15.0626 0.0052
177.232745 -84.544758 8 0.976 nan nan 18.2315 0.0107 17.747 0.0078 17.5473 0.0102
177.096198 -84.508916 13 0.981 nan nan 17.3191 0.0356 17.1022 0.0058 17.0424 0.0238
177.045219 -84.502447 10 0.981 nan nan 17.8965 0.0123 17.309 0.0062 17.0755 0.031
176.757711 -84.48378000000001 11 0.986 16.2045 0.0112 15.7626 0.0096 15.5571 0.0145 15.4796 0.0058
177.052921 -84.597572 22 0.983 17.3323 0.0443 16.8276 0.0166 16.6358 0.0052 16.5434 0.0055
176.416581 -84.620476 16 0.983 nan nan 17.0847 0.0121 16.6185 0.0087 16.4282 0.0065
175.83170900000002 -84.582192 6 0.9790000000000001 nan nan nan nan 17.5693 0.0074 17.4742 0.0265
176.606434 -84.620306 25 0.985 15.4451 0.0067 14.8563 0.011000000000000001 14.4399 0.0039 14.2546 0.0045
176.437242 -84.478912 13 0.986 15.7577 0.0348 15.3742 0.0178 15.0765 0.0064 14.993 0.0133
175.746722 -84.554645 13 0.9790000000000001 nan nan 17.5007 0.0316 17.2569 0.016 17.1656 0.0271
177.03585 -84.499698 6 0.965 nan nan 18.4042 0.0108 18.028 0.0185 17.8066 0.0499
176.447661 -84.621779 4 0.96 nan nan nan nan 17.9313 0.0078 17.927 0.0246
177.25009 -84.56074699999999 9 0.977 nan nan 17.9071 0.0105 17.6467 0.0135 17.5585 0.0108
175.895951 -84.595676 16 0.983 16.8112 0.0167 16.4055 0.008 16.090999999999998 0.0075 15.9888 0.0077
175.73500900000002 -84.559658 5 0.965 nan nan nan nan 17.9474 0.0064 17.9498 0.011000000000000001
176.636942 -84.47716 2 0.956 nan nan nan nan 17.9595 0.0154 17.9036 0.0119
176.298507 -84.621563 23 0.987 14.6223 0.0081 14.0483 0.0079 13.6383 0.0058 13.4589 0.004
176.085433 -84.61292900000001 4 0.973 nan nan nan nan 17.7454 0.0298 17.5154 0.0094
176.753897 -84.479849 12 0.985 15.3115 0.0179 14.7344 0.0097 14.327 0.0075 14.1474 0.0077
177.192447 -84.585835 12 0.977 nan nan 18.3157 0.0121 17.4876 0.0112 17.1708 0.0162
175.75008300000002 -84.527578 23 0.9840000000000001 16.1937 0.0218 15.8206 0.0161 15.6109 0.0049 15.5472 0.0091
176.957134 -84.611092 38 0.986 14.9957 0.0114 14.6729 0.0044 14.4937 0.0038 14.4614 0.0047
177.147903 -84.593221 28 0.998 15.9209 0.0186 15.5723 0.0073 15.3433 0.0049 15.2782 0.004
177.20129 -84.514753 18 0.982 nan nan 17.1007 0.0079 16.7327 0.0043 16.5591 0.0142
176.821808 -84.62046 15 0.983 nan nan 17.7757 0.0106 16.3897 0.006 15.8591 0.0113
176.124761 -84.48177199999999 4 0.971 nan nan nan nan 17.9704 0.0273 17.933 0.0145
175.87366200000002 -84.501114 12 0.983 16.4787 0.0111 16.1001 0.0105 15.8258 0.0137 15.7519 0.01
175.864752 -84.50215899999999 5 0.982 nan nan 17.0813 0.0365 16.8462 0.0232 16.743 0.0105
175.931434 -84.494524 13 0.983 15.7083 0.0274 15.367 0.028999999999999998 15.0948 0.0073 15.0162 0.0061
176.84678300000002 -84.62048 7 0.958 nan nan 18.2144 0.0108 17.9798 0.0111 17.9461 0.0121
175.742959 -84.579963 25 0.983 15.7771 0.0061 15.4339 0.0136 15.2761 0.0073 15.2385 0.0073
176.805918 -84.477991 4 0.977 nan nan nan nan 17.5342 0.0113 16.994 0.0165
176.315232 -84.473153 13 0.986 15.902999999999999 0.0129 15.2389 0.0339 14.7532 0.0161 14.5799 0.0153
175.760446 -84.514347 9 0.982 nan nan 16.8348 0.0163 16.5554 0.0089 16.4705 0.012
176.622273 -84.62821600000001 8 0.9640000000000001 nan nan 18.9208 0.0129 18.0161 0.0293 17.6758 0.0175
177.178975 -84.50365 26 0.9840000000000001 16.0468 0.009000000000000001 15.6388 0.0074 15.3729 0.0049 15.298 0.0081
176.30146200000001 -84.472635 3 0.982 nan nan nan nan 16.6612 0.0106 16.3747 0.02
176.438679 -84.629778 13 0.982 nan nan 17.397000000000002 0.02 17.1019 0.0066 16.9509 0.012
177.279287 -84.519853 8 0.973 nan nan 18.4369 0.0129 17.8339 0.0077 17.5377 0.0266
176.825533 -84.476093 13 0.9840000000000001 15.3205 0.0074 14.7875 0.0145 14.4644 0.0064 14.357999999999999 0.0064
176.06706599999998 -84.480948 9 0.983 nan nan 17.4729 0.0499 16.6663 0.0128 16.2919 0.0102
176.250956 -84.472876 4 0.98 nan nan nan nan 17.2671 0.0107 17.0738 0.0128
177.241458 -84.590389 8 0.953 nan nan 18.5071 0.0124 18.1266 0.0318 17.9822 0.0139
175.83596599999998 -84.499527 3 0.956 nan nan nan nan 18.0924 0.0113 17.6869 0.0824
175.655103 -84.56428100000001 11 0.977 nan nan nan nan 17.1929 0.0185 16.8618 0.0209
175.769537 -84.507704 9 0.981 nan nan 16.9895 0.0229 16.4509 0.0173 16.3557 0.0278
177.362232 -84.550797 23 0.992 14.7579 0.0077 14.1565 0.0127 13.8022 0.004 13.6451 0.0045
175.651011 -84.536261 22 0.982 16.7415 0.032 16.3657 0.0169 16.1489 0.0055 16.1132 0.0235
175.671213 -84.526014 18 0.983 16.7991 0.0207 16.2748 0.0207 15.9562 0.0098 15.8321 0.0098
175.849924 -84.495642 2 0.9520000000000001 nan nan nan nan 18.0191 0.0105 17.8776 0.0139
175.654853 -84.53151899999999 4 0.9670000000000001 nan nan nan nan 17.7042 0.0232 17.4562 0.0101
175.853896 -84.605738 12 0.9790000000000001 nan nan 17.3202 0.033 17.0221 0.0142 16.8611 0.0159
176.947526 -84.621625 28 0.985 15.8471 0.0062 15.5322 0.0085 15.3279 0.004 15.272 0.0045
176.486379 -84.466788 6 0.981 nan nan 17.1338 0.0112 16.8279 0.0293 16.7775 0.0233
176.55206 -84.466523 3 0.968 nan nan nan nan 17.7632 0.0118 17.5445 0.0471
175.654823 -84.52703299999999 19 0.983 16.0645 0.0194 15.7608 0.0204 15.5672 0.0127 15.5426 0.0049
177.381066 -84.552604 11 0.981 nan nan nan nan 16.9697 0.0079 16.6642 0.0146
175.622817 -84.56267 23 0.988 16.7328 0.0316 16.3401 0.0133 16.0083 0.0063 15.9188 0.0078
177.276655 -84.591601 19 0.982 nan nan 17.1121 0.0214 16.7792 0.0113 16.6656 0.0189
176.3143 -84.632662 8 0.9790000000000001 nan nan nan nan 17.3743 0.0106 17.1947 0.0066
175.755949 -84.599087 7 0.976 nan nan nan nan 17.7245 0.0086 17.5582 0.0178
177.20885 -84.604056 25 0.983 16.3117 0.0427 16.1381 0.0083 16.077 0.0063 16.0843 0.0126
175.670151 -84.58529300000001 28 0.9990000000000001 13.0246 0.0048 12.4015 0.0059 11.9877 0.0057 11.7977 0.0047
177.399683 -84.53806999999999 11 0.976 nan nan 18.4452 0.0156 17.5815 0.0098 17.2573 0.033
176.777834 -84.467339 3 0.975 nan nan nan nan 17.4735 0.0148 17.3877 0.0405
176.576599 -84.463452 3 0.963 nan nan nan nan 17.8236 0.0134 17.4312 0.0439
175.76728 -84.60274 8 0.973 nan nan nan nan 17.8156 0.0073 17.3643 0.0308
176.820618 -84.46834399999999 12 0.973 16.5369 0.0196 15.9985 0.0117 15.4892 0.0087 15.2982 0.0097
175.68436699999998 -84.510071 8 0.982 nan nan nan nan 16.482 0.0217 15.9747 0.0077
177.182022 -84.491372 20 0.985 15.1095 0.0115 14.6189 0.0053 14.2986 0.0075 14.1728 0.0112
175.627728 -84.580153 5 0.98 nan nan nan nan 16.837 0.0317 16.2857 0.0138
175.61235200000002 -84.579093 20 0.985 15.4073 0.0157 14.9074 0.0075 14.5817 0.0114 14.4514 0.0161
176.527556 -84.460951 14 0.986 16.9268 0.0387 16.0791 0.0087 15.2746 0.0139 14.9805 0.0117
176.35398899999998 -84.638085 5 0.9570000000000001 nan nan nan nan 17.9955 0.0099 18.0038 0.0164
176.245993 -84.636032 20 0.9840000000000001 16.9676 0.0557 16.6557 0.0183 16.3909 0.0081 16.3152 0.0075
177.279929 -84.50056500000001 9 0.981 nan nan 17.8043 0.0105 17.3386 0.0084 17.111 0.0081
175.556525 -84.553264 8 0.98 nan nan nan nan 17.1702 0.0076 17.0481 0.0094
177.148225 -84.615619 38 0.99 14.7506 0.0058 14.4624 0.0065 14.309000000000001 0.0055 14.2825 0.0041
177.44455 -84.54128 26 0.985 15.0786 0.0173 14.6944 0.0057 14.4442 0.0041 14.3561 0.0043
176.256686 -84.462797 11 0.982 17.3715 0.0144 16.9235 0.0362 16.7654 0.0135 16.6816 0.019
176.465049 -84.45951 3 0.9690000000000001 nan nan nan nan 17.7814 0.0108 17.5927 0.0142
177.416251 -84.577063 13 0.982 nan nan 17.2797 0.0083 16.9799 0.0053 16.8745 0.0107
177.215352 -84.48979399999999 4 0.975 nan nan 18.0319 0.0126 17.7384 0.033 17.5999 0.0126
175.680156 -84.597868 17 0.982 nan nan 17.1856 0.0705 16.8151 0.0092 16.7104 0.021
175.907972 -84.478481 5 0.98 nan nan nan nan 17.115 0.0182 16.7722 0.0228
176.40321 -84.458984 3 0.975 nan nan nan nan 17.5963 0.0108 17.5343 0.0163
176.804343 -84.637489 20 0.982 nan nan 17.3696 0.0089 16.9857 0.005 16.8221 0.0076
177.366635 -84.592477 16 0.982 nan nan 17.3796 0.024 17.1257 0.0062 17.0389 0.0126
176.42343400000001 -84.642471 16 0.975 nan nan 17.3731 0.0168 16.9536 0.0098 16.788 0.0284
177.262953 -84.609442 12 0.9790000000000001 nan nan 17.6317 0.0349 17.416 0.0071 17.3983 0.0183
176.851844 -84.637606 9 0.9790000000000001 nan nan 17.6817 0.0107 17.4943 0.0127 17.4331 0.033
177.166744 -84.620028 7 0.97 nan nan 18.09 0.0119 17.834 0.0068 17.7692 0.0364
176.701065 -84.64235500000001 7 0.9590000000000001 nan nan 18.4458 0.0117 18.2115 0.0134 18.1558 0.0277
175.618414 -84.594534 31 0.99 14.767999999999999 0.0128 14.4928 0.0079 14.3392 0.0044 14.3049 0.0049
176.854061 -84.46170500000001 3 0.971 nan nan nan nan 17.6786 0.0162 17.3779 0.0095
177.121952 -84.476454 15 0.981 16.85 0.0153 16.5086 0.0386 16.2236 0.0152 16.1669 0.0074
175.545064 -84.578928 18 0.983 16.8913 0.0135 16.4529 0.027000000000000003 16.204 0.006 16.1468 0.0096
177.39848 -84.59316899999999 16 0.982 nan nan 17.3853 0.0128 17.0982 0.0052 16.9968 0.0299
177.349796 -84.60165500000001 23 0.987 14.8221 0.0161 13.9593 0.0059 13.3073 0.004 13.0617 0.0047
175.545381 -84.582376 16 0.982 17.1725 0.0134 16.5696 0.0146 16.1878 0.0116 15.997 0.0128
175.797506 -84.619599 13 0.982 nan nan 17.3561 0.0127 17.0528 0.0151 16.942999999999998 0.0106
176.146035 -84.459988 2 0.971 nan nan nan nan 17.7828 0.0133 17.5766 0.0127
175.641952 -84.60367600000001 6 0.955 nan nan nan nan 18.1109 0.0105 18.0856 0.0375
175.74493 -84.48435500000001 2 0.966 nan nan nan nan 17.9344 0.0257 17.9011 0.0137
176.001403 -84.46485 13 0.983 15.957 0.0095 15.5216 0.0118 15.228 0.0069 15.1363 0.0066
177.413966 -84.50591700000001 11 0.98 nan nan 17.6639 0.0721 17.3956 0.0066 17.2736 0.0214
177.249438 -84.483246 8 0.982 nan nan 17.0963 0.0348 16.8881 0.0169 16.8348 0.0152
175.566363 -84.592539 21 0.992 15.407 0.0076 15.0336 0.0071 14.8132 0.0062 14.7224 0.0041
175.69563200000002 -84.48893000000001 5 0.978 nan nan nan nan 16.9254 0.0232 16.3017 0.0123
176.052605 -84.46159399999999 15 0.983 16.6684 0.0213 16.3519 0.0173 16.0565 0.015 16.0101 0.0103
177.49548000000001 -84.578307 9 0.978 nan nan 17.9722 0.0105 17.6146 0.0085 17.4782 0.0211
176.43652 -84.648359 14 0.982 nan nan 17.0805 0.0105 16.7934 0.0134 16.6904 0.0086
175.461379 -84.547092 22 0.985 16.4105 0.0319 15.6898 0.0059 15.2902 0.0053 15.0895 0.0047
176.250849 -84.646112 5 0.963 nan nan nan nan 17.913 0.0121 17.756 0.0179
177.402663 -84.60071500000001 11 0.98 nan nan 17.6274 0.0083 17.3224 0.0066 17.2307 0.0127
176.09911200000002 -84.64202399999999 18 0.983 16.7085 0.0614 16.1637 0.0314 15.8613 0.0155 15.699000000000002 0.0077
175.759072 -84.620758 13 0.982 nan nan 17.1674 0.0147 16.9084 0.0058 16.7784 0.0135
176.294289 -84.452259 4 0.977 nan nan nan nan 17.3696 0.0117 16.9978 0.011000000000000001
177.532589 -84.531471 7 0.9790000000000001 nan nan 18.0314 0.0105 17.6527 0.0078 17.4929 0.0103
177.532961 -84.570175 20 0.983 nan nan 16.794 0.018000000000000002 16.5483 0.0097 16.4468 0.0151
175.533322 -84.590654 4 0.955 nan nan nan nan 17.9913 0.036000000000000004 17.9822 0.0835
177.487506 -84.586365 9 0.978 nan nan 17.8687 0.0105 17.5936 0.0058 17.483 0.0193
177.051949 -84.63605799999999 8 0.9520000000000001 nan nan 18.3921 0.0107 18.1706 0.0078 18.1611 0.0664
176.870036 -84.64488 14 0.98 nan nan 17.7131 0.0106 17.3403 0.0058 17.1318 0.0152
176.206576 -84.45290899999999 3 0.977 nan nan nan nan 17.5414 0.0146 17.1517 0.0477
176.79228500000002 -84.647583 8 0.9570000000000001 nan nan 18.6148 0.0116 18.4267 0.031 18.3677 0.0261
177.046853 -84.463068 11 0.983 nan nan 17.1251 0.0123 15.9562 0.0061 15.5371 0.0103
177.566315 -84.561899 7 0.9540000000000001 nan nan 18.4422 0.0144 18.0682 0.0123 17.9953 0.0093
176.72215 -84.65028000000001 26 0.991 13.6967 0.0053 13.4118 0.0062 13.2326 0.0043 13.192 0.0044
175.640958 -84.488589 2 0.968 nan nan nan nan 17.8931 0.0141 17.5424 0.0108
177.34323500000002 -84.615386 8 0.9790000000000001 nan nan 17.8529 0.011000000000000001 17.5682 0.0087 17.4909 0.0091
177.566757 -84.531676 14 0.983 nan nan 17.9243 0.0107 16.3833 0.0071 15.8172 0.0096
176.21131499999998 -84.450638 2 0.9620000000000001 nan nan nan nan 17.9918 0.0142 17.8723 0.0158
177.316361 -84.482189 5 0.963 nan nan 19.4357 0.0159 17.9394 0.0281 17.2866 0.0244
176.01124099999998 -84.64281899999999 18 0.992 15.4841 0.0083 15.0983 0.0079 14.8555 0.0083 14.7903 0.0057
177.387302 -84.490185 5 0.9640000000000001 nan nan 19.3204 0.034 17.8605 0.0152 17.2654 0.0875
177.591218 -84.544161 27 0.986 14.8882 0.0296 14.6033 0.0055 14.4155 0.004 14.372 0.0048
175.820014 -84.63181800000001 6 0.955 nan nan nan nan 18.0831 0.0346 17.9067 0.0149
176.88419299999998 -84.452675 4 0.976 nan nan nan nan 17.4694 0.1041 17.5263 0.0166
176.55928400000002 -84.65402900000001 11 0.9790000000000001 nan nan 17.6153 0.1008 17.3359 0.0094 17.1839 0.0073
177.55006200000003 -84.581671 22 0.983 nan nan 16.4173 0.0167 16.0187 0.0063 15.8662 0.0096
176.65523100000001 -84.653437 25 0.983 16.7092 0.0126 16.2736 0.0148 16.0258 0.0053 15.9345 0.0081
176.773911 -84.65129 8 0.953 nan nan 18.5392 0.0132 18.069000000000003 0.0102 17.8474 0.031
177.225906 -84.47170200000001 4 0.973 nan nan 18.2004 0.0105 17.8602 0.027999999999999997 17.7372 0.0147
176.454505 -84.65520699999999 7 0.972 nan nan 18.1905 0.0106 18.0533 0.0089 17.8615 0.0159
177.386709 -84.487217 18 0.983 16.6064 0.026000000000000002 16.044 0.0064 15.6781 0.0153 15.5098 0.0069
176.449075 -84.443259 8 0.9790000000000001 nan nan nan nan 17.2668 0.0085 16.9925 0.0241
176.132828 -84.449075 14 0.99 17.0609 0.0406 16.0759 0.013000000000000001 15.0669 0.0065 14.683 0.0084
175.457739 -84.510315 22 0.9940000000000001 15.0021 0.0064 14.7236 0.0094 14.5494 0.0123 14.5006 0.0063
175.419355 -84.581245 14 0.982 nan nan 17.0409 0.0117 16.5372 0.0096 16.2596 0.0102
177.248017 -84.630738 24 0.982 15.557 0.0107 15.1221 0.0208 14.8387 0.0174 14.7583 0.0166
176.158494 -84.44787099999999 16 0.983 16.3614 0.0387 15.9287 0.0168 15.7394 0.0055 15.6861 0.0053
177.605563 -84.573243 34 0.997 12.9564 0.0116 12.655999999999999 0.0059 12.5381 0.0056 12.512 0.0036
177.63320900000002 -84.550901 25 0.9890000000000001 16.2927 0.0105 15.8502 0.0152 15.5989 0.0043 15.5182 0.0091
177.58233700000002 -84.58290699999999 21 0.982 nan nan 17.1523 0.023 16.8888 0.0093 16.8038 0.0055
176.523143 -84.657798 12 0.98 nan nan 18.6057 0.0141 17.4811 0.0113 17.0184 0.0074
177.446074 -84.61039699999999 8 0.9540000000000001 nan nan 18.4427 0.0115 18.1584 0.021 18.0562 0.0248
177.069747 -84.456859 15 0.9840000000000001 15.1244 0.0086 14.7258 0.0082 14.4654 0.0062 14.3877 0.0188
175.443368 -84.590858 5 0.977 nan nan nan nan 17.4031 0.0175 17.2921 0.0222
175.62813799999998 -84.62120999999999 23 0.9840000000000001 16.474 0.0197 15.9262 0.0209 15.6264 0.0054 15.5026 0.006
175.473902 -84.59979 5 0.9670000000000001 nan nan nan nan 17.6612 0.0274 17.5401 0.0331
176.534495 -84.659071 16 0.983 nan nan 17.4018 0.0105 16.5546 0.0075 16.2229 0.011000000000000001
175.374312 -84.52879200000001 6 0.975 nan nan nan nan 17.3772 0.0175 17.2777 0.015
176.12106699999998 -84.653309 6 0.98 nan nan nan nan 17.3697 0.0321 17.1653 0.0157
177.601159 -84.583019 8 0.97 nan nan 18.4454 0.013999999999999999 17.9925 0.008 17.8071 0.0265
177.331759 -84.474584 7 0.9790000000000001 nan nan 17.9514 0.0115 17.1683 0.0109 16.8057 0.045
175.372325 -84.57649599999999 3 0.96 nan nan nan nan 17.8682 0.0145 17.4765 0.0114
175.884175 -84.64370799999999 7 0.9790000000000001 nan nan nan nan 17.4814 0.0113 17.2959 0.0105
177.290132 -84.46970400000001 14 0.983 16.3283 0.0455 15.7619 0.0097 15.3963 0.0094 15.2286 0.0078
176.85701699999998 -84.444761 10 0.982 17.5124 0.03 17.0995 0.0317 16.817999999999998 0.0245 16.6797 0.0084
175.541465 -84.48740699999999 7 0.982 nan nan 17.0215 0.0206 16.7177 0.0421 16.5421 0.017
176.755151 -84.44171 8 0.981 nan nan 17.322 0.0449 17.1035 0.0113 17.0136 0.0113
176.21578799999997 -84.657967 15 0.982 nan nan 17.2153 0.0529 16.8396 0.0078 16.6855 0.0122
176.018825 -84.448516 4 0.975 nan nan nan nan 17.6977 0.0132 17.5459 0.0109
176.312574 -84.439661 5 0.973 nan nan nan nan 17.6917 0.0074 17.5599 0.0142
176.237322 -84.440872 14 0.983 16.6643 0.0122 16.3052 0.0264 16.108 0.0066 16.0531 0.0196
175.558803 -84.483039 13 0.9840000000000001 15.7795 0.0163 15.4448 0.0179 15.1737 0.0232 15.1017 0.0116
177.613755 -84.513655 8 0.975 nan nan 17.9491 0.0105 17.5951 0.0172 17.4307 0.0185
175.63525 -84.627385 11 0.981 nan nan 17.3423 0.0427 17.2296 0.0074 17.185 0.019
175.31458899999998 -84.560659 15 0.981 17.0431 0.0725 16.3995 0.0339 16.0629 0.0152 15.9451 0.0108
177.185051 -84.643194 23 0.9840000000000001 16.8438 0.0804 16.1137 0.0139 15.5088 0.0044 15.2449 0.0052
175.494617 -84.489457 3 0.9670000000000001 nan nan nan nan 17.7217 0.0126 17.5521 0.0154
176.506559 -84.66359 33 0.997 13.2567 0.0061 13.0114 0.0062 12.8753 0.0038 12.8541 0.0037
177.260109 -84.46250699999999 5 0.977 nan nan 17.9377 0.011000000000000001 17.4523 0.0247 17.2581 0.0141
176.19684099999998 -84.660504 23 0.988 16.314 0.026000000000000002 15.7158 0.0057 15.2951 0.0098 15.1112 0.0042
177.595661 -84.598378 18 0.98 nan nan 17.224 0.0113 16.9251 0.0064 16.8019 0.0094
175.852726 -84.646873 23 0.983 16.686 0.02 16.2794 0.0148 16.0539 0.0057 15.9023 0.0142
177.579207 -84.499884 17 0.983 16.6272 0.028999999999999998 16.1519 0.0201 15.8958 0.0054 15.8017 0.0063
176.308194 -84.43692 4 0.968 nan nan nan nan 18.0742 0.0543 17.980999999999998 0.032
176.200356 -84.43882099999999 9 0.981 nan nan 17.2222 0.0332 17.0091 0.0077 16.9104 0.0224
177.63630700000002 -84.59133100000001 27 0.986 15.661 0.0075 15.0987 0.009000000000000001 14.754000000000001 0.0053 14.616 0.004
175.311918 -84.527467 7 0.972 nan nan nan nan 17.4181 0.0378 17.0175 0.0395
177.37874 -84.630977 8 0.9620000000000001 nan nan 18.2573 0.0173 18.0697 0.0371 18.0071 0.0111
176.04672 -84.65783499999999 14 0.986 11.8092 0.0074 11.5782 0.0134 11.4352 0.0105 11.4177 0.0074
177.584095 -84.604844 18 0.982 nan nan 17.5134 0.0361 17.1116 0.0082 16.9543 0.0253
177.60395 -84.603013 4 0.976 nan nan nan nan 17.5872 0.0092 17.4812 0.0295
175.282232 -84.532115 3 0.97 nan nan nan nan 17.5423 0.011000000000000001 17.4775 0.0364
175.26686999999998 -84.545966 2 0.961 nan nan nan nan 18.0317 0.0118 17.7411 0.012
177.672377 -84.588098 16 0.982 nan nan 17.7969 0.0108 16.8952 0.0046 16.5442 0.0182
177.607077 -84.603358 16 0.9790000000000001 nan nan 18.0023 0.1792 17.3319 0.013000000000000001 17.0583 0.0127
177.516069 -84.483772 7 0.981 nan nan 18.142 0.0127 16.7745 0.0096 16.2366 0.0078
175.343513 -84.593294 9 0.98 nan nan 17.1095 0.012 16.8735 0.009000000000000001 16.7192 0.0082
177.083749 -84.65451999999999 30 0.9840000000000001 15.7148 0.0062 15.4499 0.0063 15.3252 0.0062 15.3074 0.0046
177.39088700000002 -84.633024 23 0.983 16.1018 0.0086 15.7465 0.0071 15.534 0.0071 15.4582 0.0052
175.593423 -84.469787 2 0.9620000000000001 nan nan nan nan 17.8476 0.0119 17.7711 0.0187
175.25196699999998 -84.54482900000001 8 0.97 nan nan 17.2952 0.1182 17.1821 0.0198 17.0651 0.0264
177.745972 -84.56080899999999 27 0.995 12.7021 0.0145 12.3144 0.0049 12.1071 0.0047 12.0421 0.0041
176.850688 -84.664121 24 0.975 17.2416 0.0297 16.6964 0.0121 16.1877 0.0102 15.982000000000001 0.012
177.385402 -84.46661 12 0.983 16.8168 0.0329 16.371 0.0158 16.0667 0.011000000000000001 15.9586 0.0072
177.509838 -84.621892 27 0.9840000000000001 16.6032 0.0119 16.1115 0.0187 15.8623 0.0254 15.7639 0.0149
175.561749 -84.47109499999999 5 0.977 nan nan nan nan 17.2036 0.0289 17.0842 0.0245
175.240189 -84.552361 2 0.96 nan nan nan nan 17.6992 0.0123 17.5621 0.0389
175.449173 -84.484654 3 0.976 nan nan nan nan 17.5335 0.0155 17.44 0.0131
177.69368899999998 -84.590223 23 0.991 16.4973 0.0152 15.9533 0.0138 15.6361 0.0093 15.5141 0.0046
177.253981 -84.454299 4 0.9540000000000001 nan nan 18.831 0.0144 18.1241 0.0249 17.954 0.0179
177.747498 -84.570678 19 0.9790000000000001 nan nan 17.2107 0.0084 16.9678 0.0112 16.8747 0.022000000000000002
177.66826899999998 -84.59800200000001 31 0.993 15.3786 0.0099 15.0499 0.0163 14.8381 0.0102 14.7923 0.0172
177.749727 -84.57251 12 0.978 nan nan 18.5857 0.0115 17.4689 0.0058 17.0292 0.0224
177.67720400000002 -84.59689 5 0.983 nan nan nan nan 16.6282 0.0084 16.557000000000002 0.0119
175.676906 -84.64325500000001 21 0.987 15.7621 0.0231 15.3901 0.0058 15.179 0.0073 15.1065 0.0051
175.901014 -84.443212 12 0.987 16.9853 0.0137 16.6794 0.0111 16.4348 0.019 16.3913 0.0122
177.761334 -84.532261 18 0.983 nan nan 16.7148 0.0077 16.333 0.0068 16.1547 0.0067
175.96034 -84.660285 19 0.9840000000000001 16.0164 0.0118 15.4572 0.0105 15.0383 0.0064 14.8518 0.0073
176.359617 -84.429163 19 0.986 15.6074 0.0088 15.2225 0.011000000000000001 14.9566 0.0059 14.8697 0.006
177.730094 -84.517076 11 0.98 nan nan 17.7219 0.0179 17.4559 0.0054 17.3235 0.0244
175.724594 -84.453582 2 0.968 nan nan nan nan 17.8735 0.0141 17.5223 0.0141
176.315554 -84.670638 22 0.9940000000000001 12.7566 0.0054 11.8832 0.0066 11.0581 0.0074 10.6773 0.0061
176.600107 -84.67183399999999 17 0.992 nan nan 17.0312 0.0295 15.4338 0.0042 14.8101 0.0045
176.44182800000002 -84.67274300000001 8 0.975 nan nan 18.5508 0.0105 17.6782 0.0208 17.2833 0.0064
175.905755 -84.44071600000001 11 0.983 16.8989 0.0134 16.6285 0.0163 16.3843 0.0173 16.3317 0.0066
177.74851 -84.585583 11 0.976 nan nan 18.726 0.0109 17.6406 0.0053 17.2759 0.01
177.260883 -84.449987 4 0.9690000000000001 nan nan 18.1987 0.0121 17.8367 0.013000000000000001 17.7192 0.0133
177.107637 -84.440629 5 0.981 nan nan 17.1056 0.016 16.8459 0.0877 16.7035 0.0193
177.715461 -84.597719 25 0.9890000000000001 15.6643 0.0156 15.2832 0.0045 15.0349 0.0039 14.9578 0.004
177.61291599999998 -84.61698100000001 29 0.983 16.4485 0.0579 16.0818 0.0057 15.8889 0.0042 15.8303 0.005
177.44833 -84.464626 6 0.978 nan nan 18.1239 0.011000000000000001 17.5155 0.0158 17.3301 0.0108
176.565888 -84.42513100000001 4 0.9540000000000001 nan nan nan nan 17.9906 0.0199 17.6308 0.0269
175.183496 -84.548227 16 0.982 16.2084 0.0133 15.7201 0.0167 15.4617 0.0093 15.3893 0.0094
177.780236 -84.519313 22 0.9840000000000001 16.1711 0.0091 15.8714 0.0093 15.6409 0.005 15.5601 0.0048
175.877176 -84.66141999999999 20 0.983 17.3258 0.049 16.7972 0.0196 16.4623 0.0073 16.3106 0.0129
177.31555600000002 -84.64994 9 0.97 nan nan 18.5007 0.0123 17.846 0.0067 17.5672 0.0286
175.805054 -84.65781899999999 14 0.981 nan nan nan nan 17.0356 0.0163 16.7731 0.0119
176.56000600000002 -84.423857 0 0.9570000000000001 nan nan nan nan nan nan nan nan
177.20910700000002 -84.443414 5 0.981 nan nan 17.3918 0.0105 16.9183 0.0074 16.7022 0.0135
177.582331 -84.62486899999999 22 0.986 nan nan 17.0969 0.013000000000000001 15.7472 0.0044 15.2447 0.0039
175.185342 -84.530125 13 0.982 16.5219 0.016 16.2157 0.0273 16.0463 0.0188 16.0201 0.0239
176.96317 -84.431077 10 0.981 nan nan nan nan 16.6724 0.027000000000000003 16.4249 0.0089
175.212244 -84.588157 12 0.9790000000000001 nan nan 16.9345 0.0501 16.6997 0.0074 16.6 0.015
175.321203 -84.489602 6 0.978 nan nan 17.1423 0.0142 17.0254 0.0165 16.9606 0.0372
175.654947 -84.451175 13 0.983 17.4264 0.0388 16.5694 0.0293 15.9054 0.0058 15.6333 0.006999999999999999
175.262147 -84.601458 16 0.983 16.2407 0.0149 15.9535 0.0059 15.769 0.0175 15.7061 0.01
175.596588 -84.455409 5 0.978 nan nan 17.3255 0.0241 17.0603 0.0112 17.045 0.011000000000000001
177.402313 -84.454161 11 0.983 nan nan 16.6353 0.0074 16.2617 0.0088 16.1434 0.012
176.327393 -84.421964 13 0.983 16.5772 0.0097 16.1458 0.0132 15.9068 0.0076 15.8308 0.0065
176.38504 -84.679202 14 0.982 nan nan 17.398 0.0155 16.8511 0.0052 16.633 0.0067
175.4295 -84.63157199999999 3 0.972 nan nan nan nan 17.5762 0.0136 17.4699 0.0571
177.175104 -84.664163 13 0.981 nan nan 17.7848 0.0107 17.2854 0.0109 17.0729 0.0094
175.197953 -84.59485500000001 10 0.981 nan nan nan nan 16.8851 0.0383 16.4906 0.0089
175.15638 -84.583062 9 0.98 nan nan nan nan 17.1512 0.0177 16.9841 0.0244
177.76057600000001 -84.606151 21 0.983 nan nan 16.8553 0.0178 16.596 0.0083 16.5219 0.0123
177.81927199999998 -84.50922 17 0.983 nan nan 17.4473 0.0129 16.714000000000002 0.0062 16.3948 0.016
175.88227 -84.66926 6 0.971 nan nan nan nan 18.117 0.0367 17.9266 0.0274
177.894163 -84.56013399999999 7 0.972 nan nan nan nan 17.7219 0.0098 17.3054 0.0107
177.252464 -84.438581 11 0.983 17.2094 0.0201 16.8215 0.0242 16.4874 0.0268 16.4273 0.055999999999999994
175.159375 -84.590486 17 0.988 16.5872 0.0115 15.9551 0.0165 15.5877 0.0054 15.4428 0.0049
177.787123 -84.4977 26 0.9890000000000001 14.6698 0.0125 14.1095 0.006 13.717 0.0045 13.5568 0.004
177.85795 -84.516574 7 0.9620000000000001 nan nan 19.2294 0.0145 18.0942 0.0081 17.7153 0.009000000000000001
177.429192 -84.450211 8 0.982 nan nan 17.2701 0.0325 16.9628 0.0218 16.8212 0.0434
175.752935 -84.663877 19 0.982 17.2963 0.0281 16.7021 0.0335 16.2726 0.0064 16.0885 0.0091
175.722317 -84.438757 9 0.982 nan nan 17.0054 0.0375 16.631 0.0208 16.4854 0.0246
175.737919 -84.663223 11 0.981 nan nan nan nan 17.0253 0.0062 16.6382 0.0104
175.452751 -84.641188 7 0.977 nan nan 17.43 0.0161 17.2722 0.0194 17.1464 0.0182
175.083745 -84.551636 24 0.983 15.1731 0.0092 14.8531 0.0064 14.6694 0.0066 14.6113 0.0047
177.914771 -84.560108 25 0.983 16.7521 0.0159 16.2383 0.0109 15.9936 0.0068 15.8794 0.0119
176.599756 -84.415688 20 0.986 14.7601 0.0061 14.4097 0.0091 14.1883 0.0058 14.1217 0.005
177.741401 -84.4862 14 0.982 nan nan 16.7568 0.0083 16.5136 0.0124 16.4059 0.0106
175.234569 -84.612095 14 0.982 16.519000000000002 0.0227 16.182000000000002 0.0109 15.8634 0.0169 15.7572 0.006999999999999999
177.30269199999998 -84.661569 10 0.9790000000000001 nan nan 17.7445 0.0113 17.499000000000002 0.0079 17.4435 0.0098
177.541885 -84.45944399999999 4 0.956 nan nan 18.7621 0.0144 18.0512 0.0078 17.7864 0.0183
177.420527 -84.447975 7 0.982 nan nan 17.2939 0.0098 17.0319 0.0084 16.9073 0.0132
177.821705 -84.601274 11 0.9690000000000001 nan nan 19.278 0.0251 17.8948 0.0104 17.3282 0.0255
176.743585 -84.416719 19 0.9840000000000001 16.1072 0.0244 15.6402 0.0162 15.3667 0.006999999999999999 15.2682 0.0072
176.529292 -84.68529699999999 23 0.993 11.3585 0.0066 11.0456 0.0061 10.8547 0.0061 10.8031 0.0078
177.712213 -84.622585 8 0.976 nan nan 18.1122 0.012 17.7455 0.0086 17.5758 0.018000000000000002
177.914558 -84.529501 21 0.985 16.7137 0.0185 16.0553 0.0162 15.65 0.0095 15.5146 0.0071
177.08424399999998 -84.425845 0 0.9990000000000001 nan nan nan nan nan nan nan nan
177.855407 -84.596644 9 0.971 nan nan 19.1449 0.0144 17.7836 0.0128 17.2602 0.0066
175.075779 -84.570864 22 0.983 16.4482 0.0141 16.1516 0.0195 15.929 0.0094 15.8845 0.0099
176.15131399999999 -84.682823 24 0.9840000000000001 14.4253 0.0093 14.1116 0.0084 13.9249 0.005 13.8741 0.0049
175.39406100000002 -84.638796 13 0.9840000000000001 15.7325 0.0077 15.3753 0.0137 15.1463 0.0068 15.0684 0.0121
176.64655 -84.686415 16 0.983 nan nan 18.4656 0.0409 16.6325 0.0067 15.9602 0.0064
177.838379 -84.499866 11 0.978 nan nan 17.7678 0.0473 17.3781 0.0096 17.2042 0.021
177.422281 -84.65651 25 0.983 17.0051 0.081 16.4422 0.0066 16.0445 0.0047 15.8979 0.0092
175.121502 -84.593278 20 0.981 17.1836 0.0203 16.79 0.0139 16.6013 0.0178 16.5617 0.0138
175.966896 -84.678117 6 0.976 nan nan nan nan 17.6831 0.0079 17.235 0.0286
175.79213700000003 -84.67051500000001 23 0.985 15.8988 0.0119 15.5326 0.0164 15.2947 0.0051 15.208 0.0046
175.075747 -84.525515 15 0.983 16.3865 0.013000000000000001 16.0092 0.0108 15.8467 0.0054 15.7786 0.0065
175.789798 -84.43004 6 0.981 17.2436 0.0141 16.9633 0.0139 16.8032 0.0556 16.7483 0.0187
177.333329 -84.43726 5 0.9790000000000001 nan nan 17.8393 0.0111 17.5893 0.0116 17.5565 0.0236
176.23699399999998 -84.414 15 0.9990000000000001 13.0625 0.0108 12.5117 0.0155 12.1303 0.0097 11.9684 0.0053
175.221071 -84.61774799999999 20 0.986 15.7019 0.0171 15.2395 0.0136 14.9471 0.0051 14.8371 0.005
175.232677 -84.482743 10 0.986 13.0776 0.0095 12.3927 0.0133 11.8371 0.0298 11.6081 0.0074
176.307052 -84.412689 9 0.982 nan nan 17.1281 0.0171 16.9876 0.0071 16.9212 0.0104
177.628256 -84.46304599999999 9 0.981 nan nan 17.0822 0.008 16.7007 0.0066 16.569000000000003 0.0086
175.045369 -84.565256 29 0.987 14.77 0.0082 14.4765 0.0059 14.2993 0.0071 14.2536 0.0051
176.91751599999998 -84.683366 30 0.993 16.2393 0.0159 15.8924 0.012 15.6708 0.0088 15.6169 0.0052
175.88038 -84.6764 14 0.982 nan nan 17.3421 0.0196 17.0671 0.0127 16.8976 0.0185
175.064639 -84.580147 14 0.9790000000000001 nan nan 17.2535 0.0718 16.714000000000002 0.0064 16.4722 0.0071
177.811492 -84.489007 4 0.963 nan nan 18.5817 0.0112 18.4173 0.0247 18.2023 0.0249
177.08567299999999 -84.678053 28 0.983 16.6692 0.037000000000000005 16.3322 0.0088 16.1034 0.0041 16.0475 0.0082
177.12910300000001 -84.676704 10 0.968 nan nan 19.1926 0.0139 17.8407 0.0082 17.3064 0.0111
175.429437 -84.454981 4 0.961 nan nan nan nan 17.9525 0.0339 17.8954 0.0122
177.176951 -84.674679 29 0.9890000000000001 15.4222 0.0226 15.0518 0.0064 14.8151 0.0038 14.7446 0.008
177.970599 -84.540157 16 0.981 nan nan 17.8245 0.0097 17.2763 0.0099 17.0514 0.0161
175.377906 -84.642225 12 0.982 nan nan 17.003 0.0325 16.5795 0.006999999999999999 16.3493 0.0073
176.32825 -84.410472 10 0.982 nan nan 17.2097 0.1171 16.6326 0.01 16.3857 0.0087
175.838431 -84.424339 2 0.9540000000000001 nan nan nan nan 18.0022 0.0196 17.8563 0.0162
177.76478999999998 -84.624905 21 0.983 16.9204 0.0207 16.3784 0.01 16.0586 0.0047 15.9225 0.0054
176.003428 -84.683157 12 0.982 nan nan 16.9347 0.0228 16.8107 0.0147 16.75 0.0155
177.959439 -84.524274 9 0.9590000000000001 nan nan 17.9866 0.0314 17.5603 0.0217 17.3693 0.022000000000000002
175.056999 -84.516501 6 0.97 nan nan nan nan 17.3729 0.0262 17.0849 0.0253
176.49123 -84.691968 7 0.96 nan nan 18.3879 0.0157 17.8838 0.0069 17.7063 0.0375
177.98808200000002 -84.568106 7 0.97 nan nan 18.201 0.0123 18.0129 0.0083 17.9136 0.0126
176.878611 -84.687766 7 0.9690000000000001 nan nan 18.2861 0.011000000000000001 17.9193 0.0118 17.8714 0.04
177.99074 -84.535286 23 0.9840000000000001 nan nan 16.3167 0.0217 15.9447 0.0082 15.7727 0.0109
177.632224 -84.644637 14 0.9790000000000001 nan nan 18.5792 0.0109 17.4141 0.0133 17.0012 0.0234
176.062427 -84.41358199999999 7 0.982 nan nan 17.428 0.0183 16.7776 0.0105 16.5282 0.0149
176.515534 -84.692782 11 0.978 nan nan 18.0826 0.0118 17.4465 0.0081 17.2163 0.0124
176.287891 -84.691489 15 0.982 nan nan 17.3374 0.0749 17.0244 0.0089 16.961 0.0166
175.773453 -84.675578 9 0.9740000000000001 nan nan nan nan 17.8694 0.0147 17.1497 0.0302
177.52798700000002 -84.44624300000001 11 0.983 17.1806 0.0235 16.4438 0.0081 15.9008 0.0061 15.6568 0.0102
175.498379 -84.658342 5 0.9740000000000001 nan nan nan nan 17.7016 0.0133 17.5682 0.0468
177.917406 -84.60239399999999 15 0.982 nan nan 17.2053 0.0144 16.9469 0.0083 16.8407 0.0077
177.293658 -84.673496 10 0.975 nan nan 17.9678 0.0105 17.6828 0.0111 17.6259 0.0109
177.893087 -84.60943 8 0.9620000000000001 nan nan 18.2697 0.0111 17.9549 0.0064 17.7995 0.0336
177.899014 -84.495001 17 0.983 nan nan 16.5233 0.0231 15.7231 0.0047 15.4082 0.0082
177.955474 -84.593866 28 0.983 16.6052 0.0131 16.1272 0.0175 15.9146 0.0045 15.837 0.0118
176.43925900000002 -84.405621 11 0.981 nan nan 17.4157 0.0224 17.1062 0.0147 16.9669 0.0062
176.323692 -84.693586 27 0.9840000000000001 15.9148 0.0197 15.5036 0.0055 15.2834 0.0049 15.2101 0.0043
175.167518 -84.621306 19 0.982 17.1424 0.0615 16.8206 0.069 16.4862 0.0092 16.3725 0.0145
175.92768700000002 -84.684824 6 0.973 nan nan nan nan 17.7343 0.0074 17.5116 0.008
175.834849 -84.419708 7 0.985 17.2548 0.0153 16.9658 0.1256 16.5245 0.0097 16.4352 0.0104
177.800222 -84.475009 10 0.98 nan nan 17.9165 0.0129 16.9078 0.013000000000000001 16.5092 0.0276
175.656002 -84.42950400000001 4 0.975 nan nan nan nan 17.6128 0.0171 17.5427 0.0605
176.794145 -84.692773 8 0.9590000000000001 nan nan 18.426 0.0117 18.1368 0.0072 18.0569 0.0253
176.194251 -84.40755300000001 7 0.98 nan nan nan nan 17.3248 0.0097 17.0398 0.006999999999999999
177.34968600000002 -84.429374 10 0.977 nan nan 18.1743 0.0113 17.5616 0.0081 17.3397 0.009000000000000001
177.85210800000002 -84.481859 17 0.982 17.0712 0.0481 16.5531 0.0259 16.2997 0.0064 16.1792 0.0064
177.88696000000002 -84.488394 19 0.9840000000000001 16.1232 0.012 15.7106 0.0094 15.4457 0.0089 15.3602 0.0049
174.96100800000002 -84.556489 17 0.98 17.0996 0.0365 16.7563 0.0225 16.7835 0.0071 16.791 0.0202
177.584416 -84.447132 11 0.982 17.3047 0.0174 17.0018 0.0243 16.7631 0.0097 16.6901 0.0094
175.05829599999998 -84.50014 5 0.978 nan nan 17.2669 0.0181 16.9435 0.0437 16.8465 0.0239
175.047009 -84.601635 27 0.991 14.2371 0.0073 13.6517 0.0154 13.286 0.0051 13.1443 0.0055
175.971573 -84.41232600000001 13 0.9840000000000001 15.5025 0.0078 15.1601 0.0145 14.8837 0.0076 14.7944 0.0068
177.83148500000001 -84.626235 19 0.982 nan nan 17.2421 0.0159 16.9493 0.0058 16.8635 0.0103
176.177176 -84.40635400000001 15 0.985 15.5214 0.0113 14.9888 0.0125 14.6856 0.0056 14.5705 0.0061
177.664967 -84.647971 7 0.9620000000000001 nan nan 18.6063 0.018000000000000002 17.9846 0.0214 17.7446 0.0109
177.812998 -84.47339699999999 4 0.9590000000000001 nan nan 18.8573 0.0113 18.0198 0.0088 17.7638 0.0275
178.002856 -84.515472 17 0.982 nan nan 17.4597 0.0122 17.0638 0.0074 16.9082 0.0164
176.082684 -84.408278 6 0.978 nan nan 17.4823 0.0299 17.3523 0.0098 17.2596 0.0089
175.706818 -84.423934 2 0.9690000000000001 nan nan nan nan 18.128 0.0194 18.0256 0.0173
175.40919399999999 -84.44605899999999 4 0.95 nan nan nan nan 18.0824 0.0166 18.1008 0.0152
178.05598700000002 -84.554011 14 0.981 nan nan 17.6651 0.0101 17.1644 0.0061 16.9492 0.0153
175.432351 -84.443101 17 0.998 12.705 0.0086 12.4846 0.0232 12.3235 0.0081 12.3029 0.0111
177.952973 -84.605599 29 0.986 16.037 0.0113 15.5711 0.0146 15.214 0.0038 15.0708 0.0038
174.984999 -84.515534 21 0.983 15.7331 0.0079 15.3924 0.0116 15.1927 0.0103 15.1273 0.0058
177.651379 -84.65149100000001 8 0.95 nan nan 18.4809 0.0144 18.2922 0.0071 18.2881 0.0173
178.058304 -84.564138 7 0.976 nan nan 18.1063 0.0153 17.7754 0.0228 17.5856 0.0156
177.192809 -84.68354599999999 17 0.9840000000000001 nan nan 17.0564 0.0267 16.9071 0.0088 16.8771 0.0092
175.736863 -84.420771 2 0.955 nan nan nan nan 16.8207 0.0244 16.4193 0.0325
177.141898 -84.686076 14 0.973 nan nan 18.9121 0.223 17.5772 0.0353 17.2077 0.0202
176.98395 -84.408609 15 0.9840000000000001 15.7751 0.0236 15.3324 0.0091 14.9843 0.0055 14.8685 0.0063
178.061418 -84.538411 40 0.9940000000000001 13.6953 0.0073 13.4 0.0055 13.2548 0.0038 13.2219 0.0036
176.1435 -84.695121 4 0.963 nan nan nan nan 17.8452 0.0305 17.7106 0.0185
175.14578999999998 -84.47631899999999 8 0.9540000000000001 16.4269 0.0092 15.9842 0.0268 15.7042 0.0355 15.6034 0.0143
175.452542 -84.439991 15 0.9840000000000001 16.9584 0.0219 16.3464 0.0143 16.014 0.0067 15.8803 0.016
177.012631 -84.409203 12 0.992 16.4144 0.052000000000000005 15.8852 0.0105 15.4346 0.0054 15.277000000000001 0.0074
178.05540200000002 -84.529588 8 0.972 nan nan 18.3276 0.0105 17.9586 0.0245 17.862000000000002 0.0627
178.053071 -84.576779 12 0.9790000000000001 nan nan 17.5235 0.0151 17.2715 0.0083 17.1771 0.0077
176.776385 -84.40281 10 0.981 17.3964 0.0202 17.4349 0.0259 17.0112 0.0062 16.9043 0.0165
176.8651 -84.695787 24 0.983 16.4356 0.0091 16.0662 0.0083 15.8829 0.0055 15.817 0.0103
175.710925 -84.420553 2 0.9620000000000001 nan nan nan nan 17.6373 0.0168 17.5007 0.0165
177.757573 -84.64210200000001 9 0.98 nan nan 17.9158 0.011000000000000001 17.4848 0.0085 17.2891 0.0089
175.730898 -84.419292 10 0.9890000000000001 14.6206 0.0154 14.2815 0.0082 14.0603 0.0206 13.9969 0.0229
177.362446 -84.424727 10 0.982 nan nan 17.2094 0.0092 16.9309 0.0066 16.855999999999998 0.0096
177.531218 -84.665128 11 0.976 nan nan 18.1474 0.1361 17.6225 0.0137 17.4798 0.0293
174.934046 -84.527215 16 0.981 17.4117 0.0311 16.9292 0.0728 16.6243 0.0108 16.4962 0.0207
176.89976299999998 -84.696214 35 0.9990000000000001 13.8625 0.0055 13.7074 0.0054 13.6719 0.0047 13.6762 0.0035
178.058201 -84.522021 12 0.98 nan nan 17.6278 0.0753 17.2497 0.0054 17.1078 0.0101
175.689313 -84.680759 23 0.993 11.2051 0.0053 11.0091 0.0053 10.9129 0.0061 10.8975 0.0064
175.131771 -84.62915 22 0.9840000000000001 16.1439 0.0183 15.5211 0.0186 15.2126 0.0243 15.0629 0.0281
177.020929 -84.407012 11 0.985 nan nan 17.0409 0.052000000000000005 16.2312 0.009000000000000001 15.8967 0.0056
177.685021 -84.652866 26 0.986 15.5775 0.0089 15.2058 0.0054 14.9829 0.0038 14.9139 0.0041
176.122807 -84.402408 6 0.961 nan nan nan nan 18.1214 0.0252 17.6844 0.0093
176.14070800000002 -84.401974 7 0.98 nan nan nan nan 17.5239 0.0109 17.4604 0.0136
176.046584 -84.696237 5 0.961 nan nan nan nan 18.008 0.0091 17.5288 0.0243
177.646619 -84.65754100000001 15 0.981 nan nan 17.393 0.0219 17.1862 0.0051 17.1028 0.0339
177.154267 -84.689389 0 0.9670000000000001 nan nan nan nan nan nan nan nan
178.010874 -84.603847 6 0.9570000000000001 nan nan 18.4909 0.0108 18.2228 0.0313 18.184 0.0567
176.214341 -84.700311 8 0.981 nan nan 17.3471 0.022000000000000002 17.1542 0.0086 17.027 0.008
177.86794799999998 -84.47131800000001 4 0.961 nan nan 18.4982 0.0162 18.1193 0.0349 17.7743 0.0134
178.069852 -84.586034 31 0.9840000000000001 15.4939 0.0091 15.1409 0.0063 14.9507 0.0069 14.8869 0.0061
174.937185 -84.59012299999999 14 0.982 17.3175 0.0492 17.0125 0.0413 16.761 0.0062 16.656 0.0162
177.638643 -84.442317 14 0.9890000000000001 15.7178 0.0316 15.269 0.008 14.9758 0.0053 14.8558 0.0151
175.2309 -84.45618 3 0.973 nan nan nan nan 17.5716 0.0114 17.4916 0.0109
177.787518 -84.64461800000001 25 0.985 15.3716 0.0188 14.9286 0.0068 14.6716 0.0041 14.5902 0.0043
178.067038 -84.512558 33 0.995 13.9564 0.0104 13.5554 0.0093 13.3108 0.0041 13.2229 0.0047
177.712622 -84.653594 29 0.988 16.0433 0.0165 15.7499 0.0118 15.5703 0.011000000000000001 15.5155 0.0073
176.193175 -84.39866500000001 15 0.983 16.8751 0.0475 16.5441 0.0333 16.3663 0.009000000000000001 16.3099 0.0097
175.26440300000002 -84.65131600000001 14 0.981 17.230999999999998 0.0295 16.6939 0.0301 16.2282 0.0069 16.0643 0.0205
177.40223999999998 -84.678921 10 0.976 nan nan 17.792 0.0673 17.5258 0.0088 17.4117 0.0105
177.950454 -84.621285 8 0.968 nan nan 18.3682 0.0111 17.9986 0.018000000000000002 17.8586 0.0151
177.948709 -84.48175400000001 15 0.983 nan nan 16.7787 0.0159 16.3421 0.0174 16.1749 0.0061
176.38376499999998 -84.703999 10 0.972 nan nan 19.0403 0.0118 17.8183 0.0131 17.3589 0.0206
174.880966 -84.56639799999999 4 0.96 nan nan nan nan 17.7357 0.0143 17.6249 0.0189
175.243948 -84.649582 8 0.978 nan nan nan nan 17.095 0.0108 16.9206 0.0086
177.706549 -84.65510400000001 5 0.9740000000000001 nan nan nan nan 17.4489 0.0168 17.3316 0.0286
175.285654 -84.65435 20 0.993 13.3688 0.0077 13.1225 0.0074 12.9977 0.0111 12.9789 0.0054
177.812515 -84.459776 9 0.981 nan nan 17.3087 0.0115 17.0045 0.0062 16.8771 0.0162
177.60765 -84.437466 16 0.987 16.6127 0.0646 16.1873 0.0151 15.8759 0.0058 15.7409 0.0116
175.849598 -84.408389 4 0.978 nan nan nan nan 17.332 0.0157 17.2511 0.0155
177.641674 -84.661846 28 0.985 16.2766 0.0078 15.7919 0.0083 15.4857 0.0047 15.354000000000001 0.0044
175.86678 -84.69346800000001 6 0.9670000000000001 nan nan nan nan 17.9401 0.0166 17.814 0.0405
174.896338 -84.521771 19 0.983 16.0088 0.0183 15.7204 0.0066 15.6121 0.0188 15.5803 0.0167
177.150271 -84.407825 12 0.982 nan nan 17.1585 0.0141 16.9452 0.0052 16.8707 0.0163
175.204404 -84.455959 7 0.983 nan nan 16.5318 0.1024 16.1298 0.009000000000000001 15.9409 0.0145
178.114486 -84.524472 13 0.983 nan nan 17.0397 0.0121 16.6671 0.0078 16.5456 0.0074
175.25465400000002 -84.449809 13 0.983 15.4214 0.0137 15.072000000000001 0.0064 14.8546 0.0063 14.7849 0.0062
177.449052 -84.423578 11 0.983 nan nan 16.9941 0.0109 16.7313 0.0055 16.6412 0.0284
176.755749 -84.70411999999999 18 0.981 nan nan 17.4404 0.0229 17.157 0.0112 17.0343 0.019
178.114932 -84.522713 16 0.9840000000000001 nan nan 16.2049 0.0123 15.6305 0.005 15.3737 0.009000000000000001
178.144099 -84.555277 8 0.95 nan nan 18.674 0.0136 18.3834 0.016 18.2536 0.0417
177.772266 -84.452093 16 0.986 15.7228 0.0193 15.0032 0.011000000000000001 14.4687 0.0047 14.2495 0.0116
174.90522099999998 -84.512722 19 0.982 16.8063 0.0248 16.4609 0.0132 16.2388 0.0172 16.1244 0.0154
175.502647 -84.426098 7 0.981 nan nan nan nan 17.1086 0.013999999999999999 16.826 0.0165
175.73228799999998 -84.689633 24 0.9840000000000001 16.1581 0.0247 15.747 0.0095 15.4731 0.005 15.3934 0.0048
175.223995 -84.451291 3 0.975 nan nan nan nan 17.4041 0.0118 17.2443 0.0129
175.306197 -84.44206 10 0.9790000000000001 nan nan 16.9158 0.0807 16.6774 0.0104 16.5375 0.0084
177.729127 -84.656968 16 0.981 nan nan 17.3583 0.0166 17.1267 0.0195 17.0281 0.0059
175.07911399999998 -84.632912 27 0.985 14.7319 0.0129 14.4677 0.0075 14.2827 0.0043 14.2501 0.0055
174.91788 -84.599776 16 0.981 nan nan 16.9633 0.0133 16.561 0.0053 16.369 0.0108
177.704918 -84.65966 19 0.983 nan nan 17.0635 0.0085 16.7122 0.0076 16.5697 0.0067
175.87837 -84.403821 12 0.983 16.2822 0.0143 15.9349 0.0225 15.6761 0.009000000000000001 15.574000000000002 0.0093
176.658142 -84.392777 14 0.988 15.9072 0.0153 15.4646 0.0079 15.1716 0.006 15.0577 0.006999999999999999
178.16319099999998 -84.563964 8 0.9670000000000001 nan nan 18.3982 0.0117 17.9555 0.0064 17.6831 0.0097
174.862933 -84.583168 7 0.97 nan nan nan nan 17.3625 0.0113 17.2762 0.0111
177.831675 -84.455816 14 0.9840000000000001 17.5197 0.04 16.6233 0.0111 15.8524 0.009000000000000001 15.5428 0.0142
175.47867 -84.676559 19 0.985 16.9086 0.0917 16.4872 0.0143 16.1298 0.0057 15.9701 0.0104
177.46903700000001 -84.421373 14 0.988 15.9283 0.0112 15.5213 0.0078 15.2711 0.0047 15.2028 0.0055
177.22511799999998 -84.407271 18 0.9940000000000001 15.9126 0.0101 15.4194 0.0111 15.0889 0.0056 14.9574 0.0059
178.07416 -84.606128 11 0.9790000000000001 nan nan 18.0452 0.0124 17.4629 0.0108 17.192999999999998 0.0077
174.90066000000002 -84.599388 4 0.965 nan nan nan nan 17.8922 0.0147 17.8114 0.055
177.16759199999998 -84.404049 11 0.986 nan nan 17.7776 0.0142 17.3098 0.0122 17.1043 0.0141
174.902429 -84.50291899999999 3 0.97 nan nan nan nan 17.6394 0.0109 17.1508 0.018000000000000002
175.379368 -84.67024599999999 18 0.983 16.1038 0.0074 15.7034 0.0083 15.4732 0.006999999999999999 15.392000000000001 0.0048
175.270556 -84.66069499999999 19 0.983 16.5555 0.0087 16.1568 0.0161 15.937000000000001 0.0078 15.8883 0.0082
178.170061 -84.574722 8 0.975 nan nan 18.0923 0.0108 17.8643 0.0122 17.771 0.0123
175.468509 -84.42411899999999 10 0.981 nan nan 17.1655 0.033 16.8786 0.0139 16.7928 0.0366
177.339981 -84.41159499999999 9 0.976 nan nan 18.4761 0.0148 17.6691 0.0111 17.3928 0.0169
178.18815 -84.546208 9 0.976 nan nan 17.8901 0.0107 17.6549 0.0078 17.5945 0.0114
177.924012 -84.46459499999999 6 0.968 nan nan 18.0652 0.0105 17.7937 0.015 17.7074 0.0251
177.191021 -84.697276 31 0.986 15.069 0.0084 14.7271 0.0079 14.5279 0.0045 14.4721 0.0046
176.60695800000002 -84.38918000000001 8 0.983 nan nan nan nan 16.5594 0.0109 16.1508 0.0145
175.551719 -84.416973 5 0.978 nan nan nan nan 17.4986 0.0078 17.3611 0.0124
175.675801 -84.691569 14 0.9840000000000001 nan nan 17.0146 0.0146 16.7075 0.0061 16.5939 0.0143
174.80165300000002 -84.544954 22 0.985 15.1911 0.0088 14.5344 0.0072 14.0944 0.0046 13.8688 0.006999999999999999
176.039446 -84.394695 14 0.9890000000000001 15.5935 0.0114 14.9696 0.0178 14.5075 0.0092 14.3043 0.0053
176.732627 -84.389942 13 0.997 16.910999999999998 0.0439 16.4858 0.0123 16.2179 0.0126 16.1212 0.0093
177.570171 -84.677219 21 0.983 nan nan 17.0062 0.0324 16.2868 0.005 16.0123 0.0047
177.854883 -84.45235 4 0.965 nan nan 18.2178 0.0118 17.9761 0.0397 17.8979 0.0148
178.18939 -84.579819 12 0.98 nan nan 17.5574 0.0094 17.3437 0.0145 17.1984 0.0183
176.470749 -84.38713 4 0.972 nan nan nan nan 17.8827 0.009000000000000001 17.7267 0.0092
176.69521899999998 -84.38782900000001 9 0.98 nan nan nan nan 17.3385 0.0103 17.232 0.0311
178.14521499999998 -84.59973000000001 14 0.9840000000000001 nan nan 17.6893 0.0124 16.1301 0.0049 15.5279 0.0046
175.397475 -84.676969 3 0.971 nan nan nan nan 17.5326 0.0142 17.4063 0.0136
177.906302 -84.646489 7 0.966 nan nan 18.0732 0.0121 17.8665 0.0287 17.7243 0.0103
178.167649 -84.509495 6 0.961 nan nan 18.788 0.0118 18.208 0.0148 17.941 0.062
177.992471 -84.46923100000001 4 0.95 nan nan 18.4919 0.0121 18.2755 0.0326 18.1927 0.0162
176.64514 -84.386531 12 0.983 16.750999999999998 0.043 16.5796 0.0096 16.3156 0.0055 16.2636 0.0072
178.01971 -84.63000600000001 21 0.982 nan nan 16.875999999999998 0.0105 16.7032 0.0076 16.6278 0.0223
175.52633500000002 -84.41470600000001 4 0.9690000000000001 nan nan nan nan 17.7868 0.0081 17.1714 0.0088
177.78991399999998 -84.661642 31 0.9890000000000001 15.3287 0.0129 15.0018 0.0056 14.7953 0.0041 14.7431 0.006
177.572237 -84.421224 10 0.972 nan nan 17.8926 0.0658 17.7195 0.013000000000000001 17.6654 0.0201
178.137234 -84.60722700000001 32 0.991 15.3868 0.0078 15.0625 0.0051 14.8615 0.0056 14.8181 0.0047
177.79328 -84.440984 15 0.983 16.9663 0.0169 16.4164 0.0111 16.0127 0.0089 15.8557 0.0073
175.69144599999998 -84.403865 6 0.982 17.2263 0.0146 16.9136 0.0398 16.706 0.0141 16.6841 0.0174
175.873445 -84.704865 12 0.98 nan nan 17.5273 0.0288 17.3008 0.0072 17.1832 0.0241
174.841063 -84.50109499999999 15 0.988 12.9916 0.0117 12.5545 0.0061 12.2307 0.0082 12.1415 0.0061
177.920003 -84.647906 10 0.975 nan nan 17.9439 0.0292 17.7738 0.0117 17.6801 0.0208
177.726033 -84.669262 9 0.965 nan nan 19.5152 0.0107 17.9674 0.0113 17.4299 0.0251
177.448845 -84.690058 21 0.982 nan nan 17.2772 0.0272 16.7533 0.0063 16.5648 0.0113
176.264485 -84.714628 31 0.986 14.9554 0.0084 14.6788 0.0063 14.5381 0.0041 14.5127 0.0038
176.532272 -84.716606 8 0.98 nan nan 17.8996 0.0118 17.6172 0.0069 17.5689 0.0083
178.255167 -84.557326 36 0.991 14.1958 0.0181 13.7874 0.0068 13.5436 0.0038 13.4635 0.0056
174.88445900000002 -84.61873299999999 13 0.978 nan nan 17.4159 0.0403 17.0513 0.0297 16.9523 0.0221
177.432213 -84.408018 13 0.978 nan nan 18.6107 0.0135 17.529 0.0104 17.1284 0.0122
176.212279 -84.38409 5 0.966 nan nan nan nan 17.789 0.009000000000000001 17.3645 0.0095
178.077239 -84.47530400000001 3 0.982 nan nan 16.7386 0.0157 16.444000000000003 0.0141 16.3293 0.0218
175.957877 -84.38985500000001 7 0.98 nan nan 17.4507 0.0353 17.2495 0.0159 17.0668 0.037000000000000005
178.033126 -84.46707099999999 13 0.981 nan nan 17.3623 0.0092 16.8661 0.0119 16.6489 0.0118
174.815354 -84.498239 13 0.983 15.3748 0.0181 15.0193 0.0066 14.8246 0.0187 14.7623 0.0138
176.13800700000002 -84.384727 4 0.965 nan nan nan nan 17.8285 0.0084 17.7628 0.0134
177.565997 -84.415627 13 0.981 nan nan 17.5093 0.0139 17.1567 0.0064 17.0347 0.0205
178.082435 -84.474655 21 0.985 16.272000000000002 0.0388 15.5409 0.0208 14.9358 0.0229 14.6898 0.0248
175.277528 -84.674247 5 0.9670000000000001 nan nan nan nan 17.5919 0.0174 17.4932 0.0181
177.35235 -84.40195600000001 8 0.966 nan nan 18.4938 0.0106 18.2442 0.0271 18.2557 0.0309
177.02738 -84.388526 12 0.985 16.9331 0.0738 16.5259 0.0165 16.2407 0.0065 16.1746 0.018000000000000002
178.28253600000002 -84.547888 34 0.9940000000000001 14.584000000000001 0.0499 14.2733 0.0053 14.1015 0.0036 14.0692 0.0048
175.93393899999998 -84.710916 8 0.977 nan nan nan nan 17.5716 0.0094 17.4027 0.0099
175.388259 -84.68354599999999 13 0.982 16.8479 0.0155 16.4544 0.0116 16.253 0.0156 16.1174 0.006999999999999999
178.232872 -84.512 21 0.9890000000000001 14.9947 0.0361 14.4192 0.0083 14.0341 0.0045 13.8565 0.0055
177.200894 -84.39443299999999 23 0.9890000000000001 14.9278 0.0205 14.5677 0.0058 14.3247 0.0046 14.2709 0.0075
177.605945 -84.684229 12 0.976 nan nan 18.7982 0.0131 17.581 0.0107 17.1148 0.006
177.779051 -84.66978 7 0.966 nan nan 19.2346 0.0173 18.0185 0.0068 17.5784 0.0234
178.245716 -84.58885500000001 29 0.983 16.6117 0.0147 16.2757 0.0079 16.0834 0.0052 15.9946 0.0086
178.261753 -84.581946 40 0.997 13.8279 0.015 13.1947 0.0044 12.8163 0.0042 12.6395 0.004
178.278605 -84.575673 38 0.987 14.617 0.0092 14.2145 0.0055 14.0304 0.0036 13.9685 0.0043
178.09884499999998 -84.474265 2 0.983 nan nan nan nan 16.2246 0.0152 15.7122 0.012
176.309294 -84.379963 6 0.9620000000000001 nan nan nan nan 17.9376 0.0094 17.4244 0.0117
175.485406 -84.692181 4 0.972 nan nan nan nan 17.723 0.0092 17.4869 0.0305
177.25441999999998 -84.706075 26 0.9840000000000001 16.4483 0.0186 15.9436 0.0103 15.6069 0.006999999999999999 15.467 0.0057
177.548167 -84.69037800000001 21 0.982 nan nan 17.2206 0.0241 16.9921 0.0087 16.94 0.0154
177.216432 -84.707768 8 0.977 nan nan 17.8263 0.0119 17.5359 0.0064 17.3997 0.0134
177.713515 -84.678205 31 0.987 14.8911 0.0077 14.4612 0.0071 14.235999999999999 0.0036 14.151 0.0038
176.770949 -84.380351 5 0.9520000000000001 nan nan nan nan 18.0472 0.0088 17.9078 0.0157
174.844446 -84.483241 3 0.968 nan nan nan nan 17.6299 0.0138 17.5462 0.0462
178.195496 -84.492113 15 0.982 nan nan 17.0844 0.0221 16.5538 0.0106 16.3953 0.0135
177.562595 -84.41166899999999 6 0.961 nan nan 18.4567 0.0108 18.1978 0.0087 18.0669 0.0135
175.52848400000002 -84.696197 12 0.981 nan nan 17.3471 0.0238 17.166 0.0091 17.0709 0.0142
175.363898 -84.685642 10 0.977 nan nan 17.4272 0.0292 17.014 0.0167 16.81 0.0214
174.712124 -84.58638 5 0.9640000000000001 nan nan nan nan 17.6633 0.008 17.5399 0.0104
177.60910900000002 -84.68858900000001 14 0.981 nan nan 17.5863 0.0268 17.2301 0.0105 17.0926 0.009000000000000001
174.956557 -84.45918 9 0.976 nan nan 17.1574 0.0394 16.4067 0.0088 16.0818 0.0242
175.517789 -84.404402 13 0.983 16.9265 0.0421 16.3622 0.0121 15.9055 0.0118 15.7064 0.0141
175.738296 -84.392524 7 0.983 17.0669 0.016 16.4625 0.0111 16.0314 0.0194 15.8353 0.0237
178.24617800000001 -84.500352 6 0.975 nan nan 18.0956 0.0276 17.5551 0.0136 17.3351 0.0396
175.03921499999998 -84.656577 21 0.9840000000000001 16.1341 0.01 15.655999999999999 0.0081 15.3658 0.0066 15.2334 0.0062
174.86803600000002 -84.473304 3 0.973 nan nan nan nan 17.6427 0.0157 17.3824 0.0887
176.569771 -84.723904 34 0.99 13.9123 0.0098 13.7514 0.0085 13.7061 0.0043 13.7194 0.0038
176.243844 -84.37767099999999 18 0.997 14.161 0.0063 13.6156 0.0089 13.1873 0.0065 13.0114 0.0047
174.80525 -84.619681 17 0.982 17.1986 0.0137 16.7322 0.0229 16.3933 0.005 16.2877 0.0093
177.57733100000002 -84.692398 7 0.972 nan nan 18.0607 0.0108 17.834 0.0138 17.7317 0.013000000000000001
176.548191 -84.72451099999999 7 0.981 nan nan nan nan 16.8507 0.0068 16.7131 0.0093
177.862464 -84.43405200000001 8 0.976 nan nan 18.2185 0.0116 17.6498 0.0171 17.4458 0.042
176.633613 -84.375119 9 0.977 nan nan nan nan 17.3961 0.0199 17.3106 0.0209
174.65258899999998 -84.550876 20 0.982 15.7209 0.0062 15.2977 0.0106 15.0742 0.0128 14.9992 0.0059
177.88618799999998 -84.66810799999999 12 0.982 nan nan 18.3241 0.0105 16.9359 0.0123 16.3852 0.0113
177.105144 -84.716601 38 0.99 13.9099 0.0075 13.4007 0.0059 13.0885 0.0037 12.9643 0.0042
174.700378 -84.594812 16 0.9940000000000001 14.1391 0.0068 13.390999999999998 0.012 12.8656 0.0066 12.6107 0.0053
175.037224 -84.66046800000001 18 0.983 17.1012 0.0847 16.4501 0.0274 15.8206 0.0204 15.581 0.0075
176.55533 -84.373475 5 0.9740000000000001 nan nan nan nan 17.4512 0.0088 17.3691 0.0336
176.0463 -84.37876800000001 6 0.955 17.1834 0.0158 17.3826 0.0188 17.7926 0.0117 17.9567 0.0234
175.190015 -84.42568399999999 6 0.981 nan nan 17.2026 0.0192 16.5748 0.0084 16.3831 0.0338
175.23818899999998 -84.42113499999999 10 0.982 17.3206 0.0233 16.8443 0.0428 16.542 0.0108 16.4302 0.0067
177.935369 -84.438864 20 0.983 17.291 0.0202 16.8603 0.0147 16.599 0.0053 16.5302 0.0198
178.350184 -84.574646 36 0.99 14.5369 0.0263 14.1814 0.0062 13.9843 0.0036 13.9388 0.0051
178.36104 -84.54079899999999 26 0.9840000000000001 15.8111 0.0117 15.3643 0.0109 15.1009 0.0036 14.9952 0.006
178.36525600000002 -84.56066899999999 6 0.97 nan nan 18.2903 0.0149 18.0089 0.0307 17.8276 0.0369
175.340093 -84.690334 9 0.977 nan nan 17.3366 0.0578 17.0529 0.0501 17.0227 0.0207
178.370011 -84.546318 28 0.988 14.7957 0.0166 14.0912 0.0075 13.616 0.004 13.3961 0.0061
175.215454 -84.680583 11 0.9790000000000001 nan nan nan nan 17.0975 0.0242 16.7725 0.0277
175.174824 -84.677003 8 0.977 nan nan nan nan 17.3529 0.0085 17.0285 0.0081
176.68143700000002 -84.372874 6 0.95 nan nan nan nan 18.2621 0.0117 18.1482 0.0189
175.065659 -84.666386 20 0.982 17.0136 0.0254 16.7326 0.0522 16.4859 0.0244 16.4405 0.0063
178.060072 -84.45295300000001 4 0.956 nan nan 19.1104 0.0163 18.1225 0.0131 17.6896 0.0149
178.15033300000002 -84.637348 9 0.9740000000000001 nan nan 18.516 0.0137 17.7111 0.0104 17.3552 0.0109
176.410317 -84.371836 5 0.968 nan nan nan nan 17.8611 0.0085 17.4942 0.0178
174.716895 -84.496114 8 0.983 nan nan 17.4101 0.0227 16.5723 0.0264 16.2664 0.0082
174.628158 -84.569997 9 0.977 nan nan nan nan 17.1508 0.0108 16.9541 0.0138
176.121576 -84.725042 4 0.968 nan nan nan nan 17.9494 0.042 17.4695 0.0161
178.199746 -84.475463 17 0.981 16.2771 0.01 15.8157 0.0068 15.4741 0.0122 15.3602 0.0063
178.244958 -84.485179 7 0.978 nan nan 18.0253 0.0112 17.344 0.0115 17.0595 0.0095
175.495904 -84.702157 9 0.98 nan nan nan nan 17.3299 0.0126 17.1865 0.0278
174.628864 -84.53166800000001 6 0.971 nan nan nan nan 17.572 0.0088 17.0863 0.0126
178.32506999999998 -84.507745 9 0.9790000000000001 nan nan 17.8942 0.0107 17.2021 0.0132 16.8891 0.0364
175.83584 -84.38253900000001 12 0.9840000000000001 15.8065 0.0191 15.3001 0.0246 14.982000000000001 0.0082 14.8376 0.006999999999999999
178.129634 -84.642874 7 0.971 nan nan 18.255 0.0133 18.0061 0.0071 17.9045 0.0507
175.862492 -84.381454 4 0.955 nan nan nan nan 17.9809 0.0089 17.8966 0.0195
176.854036 -84.726413 18 0.982 17.3791 0.0352 17.2519 0.012 16.9997 0.0085 16.9536 0.0114
178.246493 -84.482019 4 0.9570000000000001 nan nan 19.1912 0.012 17.7597 0.0105 17.1614 0.0498
177.167334 -84.381656 7 0.9620000000000001 nan nan 18.3896 0.0105 18.1588 0.0291 18.089000000000002 0.0118
176.498497 -84.730513 28 0.987 15.4582 0.0171 15.1434 0.0075 14.9502 0.0054 14.9005 0.0048
176.572501 -84.73040300000001 8 0.963 nan nan 18.3404 0.011000000000000001 17.9644 0.0092 17.7475 0.0084
177.188876 -84.718659 7 0.97 nan nan 18.3365 0.0108 18.0067 0.0292 17.8505 0.0087
178.392114 -84.534687 11 0.978 nan nan 17.9241 0.0117 17.4445 0.0229 17.2783 0.0092
174.60707 -84.571148 12 0.97 nan nan 17.3479 0.0316 16.985 0.0112 16.8454 0.0093
174.851691 -84.46165699999999 5 0.977 nan nan nan nan 17.5135 0.02 17.4582 0.0136
177.537994 -84.398737 11 0.9790000000000001 nan nan 17.8765 0.0105 17.5244 0.0141 17.3808 0.0141
178.098104 -84.4528 11 0.981 nan nan 17.2064 0.021 16.9355 0.0076 16.7412 0.025
178.414117 -84.548167 8 0.971 nan nan 18.3714 0.0107 17.6994 0.0169 17.4371 0.0191
176.500849 -84.368031 5 0.9690000000000001 nan nan nan nan 17.7506 0.0133 17.2917 0.0115
175.363355 -84.404449 9 0.98 nan nan 17.339000000000002 0.0169 17.0956 0.0177 16.9684 0.0191
174.87258500000002 -84.64856400000001 14 0.978 nan nan 17.1133 0.0123 16.8818 0.0176 16.8006 0.0239
176.952428 -84.727322 17 0.981 nan nan 17.6051 0.0159 17.1631 0.0157 16.9381 0.0162
176.97519599999998 -84.726811 28 0.983 16.4059 0.0134 15.9995 0.0138 15.7728 0.0043 15.6951 0.0052
175.25884 -84.690368 18 0.988 16.3371 0.0078 15.9644 0.0077 15.7765 0.0225 15.6795 0.0051
174.65088899999998 -84.502263 16 0.983 15.157 0.0096 14.8946 0.019 14.7806 0.0171 14.7433 0.0068
177.753155 -84.41233299999999 18 0.983 17.2635 0.0213 16.8239 0.0129 16.5695 0.0044 16.4857 0.0098
174.742545 -84.627546 13 0.98 nan nan 17.1314 0.022000000000000002 16.9276 0.0094 16.8649 0.0289
174.87738000000002 -84.65099599999999 22 0.982 16.7851 0.0126 16.439 0.0152 16.2395 0.0107 16.1695 0.0181
175.402478 -84.701667 23 0.985 14.7114 0.0074 14.3813 0.0066 14.159 0.0049 14.0768 0.0049
176.08912 -84.729823 4 0.9590000000000001 nan nan nan nan 18.0565 0.0223 18.0233 0.0318
175.130497 -84.42153 9 0.982 16.6394 0.0643 16.3057 0.0301 16.0 0.0088 15.8942 0.0176
178.406632 -84.51907800000001 8 0.9740000000000001 nan nan 18.0102 0.0105 17.7495 0.0084 17.6472 0.0176
177.049901 -84.726975 22 0.997 nan nan 16.5047 0.0262 15.0233 0.0068 14.4598 0.0072
176.800903 -84.732421 21 0.983 17.2732 0.0194 16.7858 0.0123 16.4322 0.0067 16.2579 0.0158
177.28776299999998 -84.719258 35 0.988 15.0557 0.0066 14.7498 0.0063 14.5464 0.0038 14.4819 0.0092
174.560981 -84.566338 18 0.988 12.7754 0.0074 12.1555 0.0061 11.7075 0.0074 11.493 0.0061
174.785133 -84.63938 14 0.982 nan nan 17.3616 0.0146 16.3023 0.0084 15.8921 0.0131
178.442721 -84.563147 18 0.981 19.1943 0.0146 18.2022 0.0083 17.1064 0.0221 16.7393 0.0182
177.920136 -84.425373 31 0.985 15.0227 0.0067 14.6176 0.0053 14.3346 0.0038 14.2348 0.0057
178.065138 -84.44221999999999 18 0.9840000000000001 16.8672 0.0319 16.3353 0.006 15.9656 0.0071 15.7936 0.0149
177.828613 -84.686625 13 0.9790000000000001 nan nan 17.88 0.0118 17.4028 0.011000000000000001 17.1965 0.0091
174.639453 -84.49829 8 0.981 nan nan nan nan 16.5981 0.0094 16.3274 0.0135
178.438367 -84.57087299999999 2 0.98 nan nan nan nan 17.1454 0.0182 17.1051 0.0162
176.689303 -84.73414 20 0.981 nan nan 17.4444 0.0533 17.1163 0.0054 16.9651 0.0305
177.027678 -84.72841 7 0.966 nan nan 18.3004 0.0105 18.0285 0.0145 17.9979 0.0121
177.716701 -84.695893 28 0.985 15.5177 0.0088 14.7571 0.0076 14.2457 0.0038 14.027999999999999 0.0038
176.65434 -84.734797 7 0.95 nan nan 18.7329 0.0106 18.2438 0.0168 17.9411 0.0181
177.39490800000002 -84.385937 10 0.975 nan nan 18.128 0.0257 17.5464 0.0189 17.3834 0.0127
174.584713 -84.589128 5 0.96 nan nan nan nan 17.8816 0.0268 17.7445 0.0313
178.221554 -84.464933 2 0.95 nan nan 18.5681 0.016 18.4001 0.0156 nan nan
178.456876 -84.550322 29 0.983 15.9277 0.0087 15.4564 0.0059 15.2376 0.0058 15.1704 0.0066
178.005844 -84.432999 6 0.9790000000000001 nan nan 17.9149 0.0105 17.5725 0.0097 17.3952 0.0205
178.451247 -84.569535 33 0.986 14.982999999999999 0.016 14.4642 0.0073 14.0976 0.0038 13.9378 0.0048
177.59466 -84.705238 8 0.96 nan nan 18.168 0.0131 17.9293 0.0089 17.9476 0.0211
175.58566000000002 -84.386136 13 0.9840000000000001 16.0549 0.0221 15.7135 0.0405 15.4342 0.0056 15.3481 0.0061
174.84411599999999 -84.651758 9 0.977 nan nan nan nan 17.2297 0.0216 17.0569 0.0165
175.942839 -84.728763 6 0.9670000000000001 nan nan nan nan 17.8056 0.0179 17.6195 0.0314
174.616332 -84.605463 12 0.976 nan nan 17.2194 0.1359 17.0445 0.011000000000000001 16.9551 0.0097
177.091835 -84.372535 15 0.9840000000000001 16.0274 0.0265 15.7071 0.0063 15.413 0.0053 15.328 0.0058
176.513608 -84.363523 4 0.978 nan nan nan nan 17.613 0.0093 17.6112 0.0139
178.3892 -84.603866 15 0.983 18.7087 0.0126 17.8115 0.0134 17.0447 0.0152 16.7449 0.006
174.787578 -84.644092 7 0.9690000000000001 nan nan nan nan 17.6963 0.0107 17.0543 0.0353
178.463923 -84.543754 11 0.98 nan nan 17.2684 0.0137 16.9784 0.0147 16.8974 0.0128
176.645035 -84.363603 21 0.987 14.6683 0.0074 14.3173 0.0061 14.0861 0.0051 14.0212 0.0047
177.652622 -84.702649 11 0.977 nan nan 18.8447 0.0155 17.7491 0.0194 17.3195 0.0364
178.384985 -84.497729 7 0.973 nan nan 17.9258 0.0318 17.6202 0.0118 17.5687 0.0127
177.293948 -84.722165 28 0.991 16.0129 0.0101 15.5794 0.0126 15.2861 0.004 15.1853 0.006999999999999999
178.471485 -84.54036500000001 36 0.9940000000000001 11.8232 0.0185 11.5963 0.0078 11.5004 0.0042 11.4971 0.0048
174.564723 -84.51465400000001 16 0.9840000000000001 15.5395 0.0136 15.0745 0.0064 14.7685 0.0107 14.6592 0.013000000000000001
178.340742 -84.483049 5 0.976 nan nan 17.766 0.0122 17.6375 0.0082 17.6079 0.0108
176.93803 -84.36639100000001 12 0.988 16.7175 0.0412 16.0138 0.0088 15.5581 0.0065 15.354000000000001 0.0054
176.183446 -84.363969 18 0.998 16.4562 0.0268 15.99 0.0264 15.6754 0.0073 15.5185 0.0052
177.60480800000002 -84.70768100000001 9 0.976 nan nan 18.532 0.0105 17.7042 0.0071 17.4402 0.0146
177.647726 -84.397095 20 0.981 17.3112 0.0231 16.7728 0.0142 16.5241 0.0134 16.4664 0.0073
177.764827 -84.405805 26 0.985 15.1888 0.0091 14.7438 0.008 14.447000000000001 0.0051 14.3376 0.004
178.286118 -84.635696 29 0.995 15.4452 0.0057 14.9273 0.0052 14.5551 0.0037 14.4062 0.004
174.640535 -84.62012 5 0.971 nan nan nan nan 17.4924 0.0085 17.4088 0.0384
177.889672 -84.416296 9 0.978 nan nan 17.9466 0.0106 17.5818 0.0142 17.4206 0.0112
178.322421 -84.629351 8 0.9540000000000001 18.7893 0.0144 18.3787 0.0437 18.1407 0.0079 18.0326 0.0171
177.72466 -84.401909 10 0.98 nan nan 17.6265 0.0429 17.4378 0.019 17.3197 0.0247
176.07537299999998 -84.73521600000001 4 0.95 nan nan nan nan 18.1372 0.0136 17.8393 0.0597
176.958075 -84.734737 8 0.9620000000000001 nan nan 18.1305 0.0105 17.8601 0.0243 17.7406 0.0288
176.042791 -84.365487 9 0.9790000000000001 nan nan 17.4124 0.1209 17.1422 0.0073 17.0998 0.0171
177.40213899999998 -84.72005 10 0.9690000000000001 nan nan 19.4567 0.0276 17.8758 0.0146 17.2599 0.0176
178.498008 -84.54467 32 0.9840000000000001 16.616 0.019 16.1753 0.0053 15.9377 0.0057 15.860999999999999 0.0097
178.37806 -84.61877 24 0.982 17.2311 0.0105 16.774 0.0108 16.5354 0.0087 16.4318 0.006
178.000032 -84.678042 22 0.9840000000000001 16.74 0.034 16.4898 0.0124 16.2343 0.005 16.1339 0.01
175.024967 -84.422952 11 0.996 14.1719 0.0074 13.7414 0.0079 13.4582 0.0075 13.3712 0.0151
176.842692 -84.362448 4 0.972 nan nan nan nan 17.8023 0.0097 17.483 0.0098
175.294864 -84.398891 14 0.97 16.4775 0.0094 16.0309 0.0337 15.7846 0.0184 15.6874 0.0265
174.80080900000002 -84.65371 13 0.9790000000000001 nan nan 17.1701 0.0313 17.0254 0.0064 16.9794 0.0095
177.691769 -84.704799 25 0.983 16.9714 0.013999999999999999 16.5914 0.0114 16.3074 0.0049 16.2018 0.0101
174.66537399999999 -84.630688 5 0.955 nan nan nan nan 17.9508 0.0122 17.4614 0.0319
176.986514 -84.364941 11 0.983 17.4061 0.0341 17.0615 0.0235 16.5842 0.0093 16.4178 0.0108
176.720135 -84.36012 7 0.98 nan nan nan nan 17.3045 0.0062 17.1923 0.0128
175.140807 -84.40994599999999 9 0.99 14.306 0.0074 13.684000000000001 0.0104 13.2263 0.0061 13.0123 0.0074
174.529091 -84.594655 24 0.986 14.202 0.0061 13.9038 0.0053 13.7324 0.0053 13.6931 0.0047
177.019758 -84.735495 8 0.97 nan nan 18.1813 0.012 17.8473 0.0115 17.7351 0.0103
175.34962099999998 -84.708674 4 0.961 nan nan nan nan 18.0211 0.0276 17.878 0.0133
174.739715 -84.458562 15 0.985 15.7881 0.0348 15.192 0.0098 14.812999999999999 0.0053 14.664000000000001 0.0065
177.81286699999998 -84.697331 18 0.981 nan nan 17.2824 0.0135 17.0401 0.0097 16.9405 0.0137
177.091078 -84.733873 29 0.9890000000000001 15.7777 0.0067 15.2239 0.0078 14.8465 0.0049 14.6852 0.0038
178.368184 -84.47925699999999 29 0.985 14.946 0.0127 14.6105 0.0052 14.3991 0.0053 14.3352 0.0048
176.612658 -84.35805500000001 11 0.982 17.4819 0.0599 17.149 0.0171 16.8369 0.006 16.7675 0.0105
177.523539 -84.71681 27 0.983 16.9543 0.0388 16.7637 0.0114 16.5061 0.0074 16.3929 0.0066
178.211183 -84.655772 9 0.95 19.0841 0.012 18.5112 0.0078 18.1248 0.0224 17.8916 0.0221
175.398772 -84.712751 23 0.986 14.9121 0.0112 14.4437 0.0054 14.1078 0.0043 13.9678 0.0043
177.157125 -84.368114 15 0.983 16.9682 0.0672 16.6542 0.0122 16.4006 0.0051 16.305 0.0081
177.378352 -84.376857 13 0.986 16.793 0.0129 16.4204 0.0206 16.1626 0.0051 16.0943 0.0072
177.50749199999998 -84.383488 8 0.972 nan nan 18.1647 0.0126 17.7978 0.0077 17.6175 0.0085
177.840247 -84.406409 6 0.965 nan nan 18.3302 0.0105 18.0189 0.006999999999999999 17.8689 0.0097
175.4354 -84.386507 18 0.998 13.373 0.0061 12.9696 0.0101 12.6841 0.0053 12.5617 0.0053
175.528146 -84.381045 14 0.9840000000000001 16.0761 0.0081 15.7361 0.0279 15.4746 0.0056 15.405999999999999 0.0058
175.261011 -84.39792299999999 13 0.983 16.4055 0.0123 16.0093 0.0187 15.7334 0.0077 15.6364 0.0072
176.30157 -84.742631 11 0.98 nan nan 17.6382 0.1675 17.278 0.0107 17.1097 0.0162
178.537827 -84.55826 7 0.9690000000000001 18.5787 0.0133 18.243 0.0226 17.9707 0.0085 17.9534 0.092
177.551105 -84.384909 13 0.991 nan nan 18.8761 0.0179 17.4569 0.0061 16.9489 0.0235
178.45881200000002 -84.60820799999999 32 0.983 15.6036 0.0298 15.3333 0.0068 15.1958 0.0039 15.1966 0.0083
176.989802 -84.738522 2 0.986 nan nan nan nan nan nan 14.2894 0.0133
174.93475800000002 -84.427146 12 0.982 17.3716 0.0462 16.8622 0.0123 16.5173 0.011000000000000001 16.3678 0.0076
176.392346 -84.356083 9 0.9790000000000001 nan nan nan nan 17.4127 0.0064 16.8907 0.0242
177.511572 -84.719631 19 0.982 nan nan 17.2238 0.0119 16.7942 0.0065 16.5859 0.0065
178.26877199999998 -84.45505899999999 7 0.971 nan nan 18.02 0.011000000000000001 17.3133 0.0159 16.9036 0.013999999999999999
176.92511000000002 -84.35996 13 0.982 17.159000000000002 0.0171 16.7305 0.0135 16.4348 0.0094 16.3388 0.0099
178.226131 -84.447833 4 0.961 nan nan 18.4148 0.0105 17.8456 0.0421 17.6348 0.0142
175.27167 -84.706975 20 0.9840000000000001 16.7873 0.0234 16.2909 0.0172 15.9298 0.0062 15.7822 0.0059
176.98181 -84.739435 34 0.993 13.1411 0.0171 12.7749 0.0132 12.5062 0.0141 12.3714 0.0098
174.771563 -84.447735 4 0.961 nan nan nan nan 18.0335 0.0139 17.6929 0.0329
175.101381 -84.409151 2 0.96 nan nan nan nan 17.5917 0.0105 17.2752 0.0311
178.31683700000002 -84.643125 32 0.9840000000000001 15.6593 0.0158 15.269 0.0046 15.0425 0.0038 14.978 0.0048
174.65596299999999 -84.63834399999999 16 0.982 17.0782 0.0273 16.7714 0.012 16.6261 0.0103 16.5749 0.02
178.548643 -84.541614 10 0.976 nan nan 19.1935 0.013000000000000001 17.7994 0.0128 17.2739 0.0225
174.783328 -84.660207 5 0.976 nan nan nan nan 17.3397 0.0082 17.2644 0.0101
177.484724 -84.379162 9 0.977 nan nan 17.7383 0.0105 17.5056 0.0096 17.3986 0.0083
178.559931 -84.550874 28 0.983 17.1119 0.0092 16.7468 0.0181 16.5026 0.0049 16.4376 0.0123
177.599029 -84.716475 0 0.983 nan nan nan nan nan nan nan nan
176.533596 -84.35423399999999 4 0.956 nan nan nan nan 18.175 0.0092 17.8541 0.0122
175.143375 -84.699175 5 0.9670000000000001 nan nan nan nan 17.8929 0.0086 17.3008 0.0105
178.36889399999998 -84.636152 8 0.973 nan nan 18.5387 0.0185 17.8064 0.0085 17.5773 0.0223
177.76032 -84.706638 13 0.997 nan nan 12.2001 0.0097 11.8046 0.0062 11.6111 0.0052
178.07781799999998 -84.67862099999999 24 0.982 nan nan 16.8635 0.0193 16.6898 0.005 16.619 0.0089
174.931757 -84.423466 13 0.9840000000000001 17.2007 0.0179 16.7421 0.0586 16.4117 0.0061 16.2827 0.0074
176.480999 -84.353148 5 0.956 nan nan nan nan 18.0885 0.0077 18.0073 0.0577
176.941445 -84.742586 15 0.981 nan nan 18.6258 0.0134 17.2373 0.0059 16.7365 0.0212
176.27912800000001 -84.35399699999999 23 0.985 16.0284 0.0158 15.2927 0.0105 14.7565 0.0088 14.5395 0.0041
174.555337 -84.622578 4 0.96 nan nan nan nan 17.7265 0.0112 17.6521 0.0142
177.76271100000002 -84.70813199999999 27 0.9990000000000001 nan nan 12.1713 0.0094 11.99 0.0055 11.9354 0.0063
178.29649799999999 -84.45315500000001 14 0.983 nan nan 16.6649 0.0345 16.0653 0.0089 15.7799 0.012
177.591112 -84.38266800000001 8 0.958 nan nan 19.7872 0.0107 18.0845 0.0263 17.3904 0.0104
175.566552 -84.727393 6 0.981 nan nan nan nan 17.2877 0.015 17.1426 0.0291
177.21546999999998 -84.736192 11 0.977 nan nan 17.9009 0.0835 17.5935 0.0066 17.4545 0.0126
177.535814 -84.722505 27 0.983 16.7537 0.0382 16.3585 0.0179 16.0794 0.0068 15.9955 0.0068
175.078447 -84.406988 7 0.982 nan nan 17.154 0.0117 16.3057 0.0086 15.9869 0.0081
174.435868 -84.58111600000001 15 0.982 17.227999999999998 0.0389 17.0173 0.0167 16.7315 0.0108 16.6494 0.0169
178.576596 -84.53578399999999 15 0.981 17.8801 0.0122 17.4754 0.0088 17.182000000000002 0.0091 17.1021 0.0169
177.137601 -84.36168599999999 12 0.983 17.2414 0.0216 16.9305 0.0142 16.6763 0.0073 16.5888 0.0064
177.523448 -84.723623 15 0.983 nan nan nan nan 16.826 0.0065 16.1842 0.0092
177.246716 -84.365317 12 0.982 nan nan 17.1187 0.025 16.8951 0.0053 16.8431 0.0176
177.704243 -84.389081 7 0.966 nan nan 18.3064 0.011000000000000001 18.0229 0.0127 17.8883 0.0122
176.564758 -84.351687 21 0.9840000000000001 15.9385 0.0092 15.4595 0.0135 15.1839 0.0046 15.0835 0.0044
175.83372 -84.738505 16 0.9740000000000001 nan nan 17.1509 0.0162 16.9629 0.0084 16.8457 0.0293
174.74776799999998 -84.444172 15 0.985 15.7489 0.0341 14.9508 0.0075 14.2629 0.0122 13.9749 0.015
175.0128 -84.69161899999999 21 0.983 16.7453 0.0091 16.4185 0.0123 16.1667 0.0231 16.1104 0.0155
175.561851 -84.728546 10 0.981 nan nan 17.3877 0.0217 17.2102 0.0104 17.1394 0.0109
178.389925 -84.638743 32 0.9840000000000001 15.8327 0.0234 15.0761 0.0068 14.5941 0.0039 14.4025 0.0048
175.589526 -84.37143 7 0.9740000000000001 nan nan nan nan 17.5462 0.0186 17.4451 0.0418
175.02281599999998 -84.410412 5 0.976 nan nan nan nan 17.4338 0.0312 17.2754 0.0098
175.834364 -84.36144200000001 11 0.982 nan nan 17.119 0.0194 16.8072 0.0062 16.6633 0.0077
174.941721 -84.418609 4 0.968 nan nan nan nan 17.8389 0.013000000000000001 17.7909 0.0097
174.401626 -84.557138 9 0.977 nan nan nan nan 17.3439 0.0069 17.1988 0.0198
178.176154 -84.432202 14 0.983 17.2302 0.0225 16.9009 0.0188 16.6569 0.0054 16.5727 0.0084
178.229659 -84.665848 10 0.9620000000000001 19.1069 0.0203 18.4332 0.0106 18.0684 0.0119 17.9977 0.0296
176.531891 -84.749674 22 0.983 nan nan 16.8964 0.0182 16.4137 0.0064 16.201 0.01
174.885559 -84.68015 11 0.9790000000000001 nan nan nan nan 17.1939 0.0137 16.9845 0.0324
176.713635 -84.351011 19 0.983 17.4271 0.0136 16.8208 0.0194 16.4102 0.0124 16.2359 0.017
177.68820300000002 -84.385927 20 0.983 15.6162 0.0138 15.3271 0.0057 15.114 0.0043 15.0435 0.0063
178.523576 -84.609679 26 0.983 16.1095 0.008 15.5984 0.0062 15.2457 0.0056 15.1354 0.0058
174.400261 -84.572547 19 0.983 16.705 0.0158 16.4561 0.0351 16.201 0.0132 16.1299 0.0084
178.14523400000002 -84.678358 17 0.981 17.807000000000002 0.0133 17.4411 0.0076 17.2128 0.0057 17.1102 0.0173
177.16103600000002 -84.741147 13 0.981 nan nan 17.6295 0.0267 17.3358 0.0136 17.2116 0.0234
174.785303 -84.434092 4 0.9690000000000001 nan nan nan nan 17.7181 0.0408 17.5897 0.0148
177.773617 -84.712308 30 0.9890000000000001 14.8018 0.0249 14.1865 0.0073 13.7628 0.0037 13.5669 0.0044
177.080062 -84.356353 8 0.982 nan nan 17.2478 0.0179 16.9061 0.0072 16.7339 0.0092
176.111514 -84.351563 16 0.983 17.4416 0.0317 16.9593 0.0371 16.5746 0.0141 16.4726 0.0148
178.466622 -84.630255 24 0.983 17.9032 0.0108 17.1076 0.0064 16.4833 0.0083 16.2096 0.0068
175.9561 -84.354915 4 0.972 nan nan nan nan 17.5893 0.0325 17.4789 0.0378
174.371734 -84.557817 7 0.975 nan nan 17.4268 0.0292 17.2215 0.0208 17.1535 0.008
177.363014 -84.365824 7 0.95 nan nan 18.5846 0.0105 18.2969 0.0149 18.3131 0.0197
177.792257 -84.39069599999999 28 0.987 14.6028 0.0193 14.218 0.0057 13.9867 0.0045 13.9063 0.0044
177.223934 -84.360274 18 0.983 17.1454 0.0703 16.7699 0.0246 16.5974 0.0067 16.5455 0.0102
178.601139 -84.58744899999999 36 0.998 12.2615 0.0207 11.9915 0.0064 11.88 0.005 11.8636 0.004
175.067258 -84.401896 5 0.977 nan nan nan nan 17.3697 0.0304 17.239 0.0726
177.497884 -84.729947 8 0.96 nan nan 18.1572 0.011000000000000001 17.9417 0.0119 17.8214 0.0094
177.12291299999998 -84.356495 5 0.971 nan nan nan nan 18.0273 0.0229 18.0399 0.0095
174.425331 -84.60163299999999 18 0.9790000000000001 17.041 0.0592 16.7682 0.0309 16.4839 0.0113 16.4215 0.0189
178.53406299999997 -84.615344 19 0.982 17.674 0.0126 17.2099 0.0066 16.8793 0.0091 16.7754 0.0226
174.459708 -84.613864 12 0.973 nan nan 17.4466 0.0253 16.9917 0.0365 16.7374 0.0227
176.731 -84.34828399999999 7 0.9540000000000001 nan nan nan nan 18.0801 0.0124 17.6427 0.051
177.20453500000002 -84.742065 18 0.982 nan nan 17.14 0.0134 16.9277 0.008 16.8537 0.0197
176.288544 -84.752243 19 0.982 17.477 0.07 17.1192 0.0092 16.8844 0.0112 16.8137 0.0058
176.096835 -84.74975400000001 4 0.977 nan nan nan nan 17.6925 0.0151 17.5973 0.0214
175.35359 -84.379277 17 0.983 16.6296 0.0663 16.282 0.0077 15.9654 0.0054 15.8789 0.0088
177.222501 -84.741972 10 0.977 nan nan 17.8008 0.0129 17.5623 0.0062 17.4365 0.0086
174.53776399999998 -84.471106 7 0.98 nan nan 17.2121 0.0161 17.1133 0.0227 17.0771 0.0309
174.446403 -84.61281600000001 4 0.966 nan nan nan nan 17.7399 0.0086 17.615 0.0301
175.472025 -84.371901 4 0.9620000000000001 nan nan nan nan 17.861 0.0095 17.8051 0.0116
176.637067 -84.75390300000001 9 0.976 nan nan 17.8059 0.0105 17.5811 0.0065 17.5262 0.0127
176.660107 -84.75389100000001 7 0.963 nan nan 18.6597 0.0118 17.8321 0.0073 17.5349 0.0064
175.509501 -84.369199 17 0.982 17.1724 0.0239 16.6603 0.0371 16.4578 0.0124 16.386 0.012
176.428488 -84.75452299999999 16 0.983 nan nan 16.975 0.0099 16.707 0.0049 16.5853 0.006
178.18633 -84.424704 15 0.9840000000000001 16.4399 0.040999999999999995 15.8477 0.006999999999999999 15.4438 0.0051 15.2617 0.0059
176.041661 -84.349954 20 0.985 15.8423 0.0089 15.3207 0.009000000000000001 14.9107 0.0059 14.761 0.0059
174.87794499999998 -84.416715 15 0.988 14.6493 0.0062 13.9858 0.0121 13.5507 0.0051 13.3628 0.0053
178.10506 -84.68941 24 0.983 17.1572 0.0105 16.7708 0.0087 16.5236 0.0159 16.46 0.0083
175.06913799999998 -84.397994 4 0.972 nan nan nan nan 17.4854 0.0436 17.3397 0.0099
174.366401 -84.586235 4 0.955 nan nan nan nan 17.5081 0.0111 17.432000000000002 0.0271
177.97003899999999 -84.401383 8 0.955 nan nan 18.6726 0.0148 18.1368 0.0135 17.902 0.0219
175.172499 -84.389381 14 0.993 13.3628 0.0084 12.6645 0.0107 12.1706 0.0113 11.9322 0.0089
174.341768 -84.54048399999999 13 0.981 nan nan 16.7943 0.0385 16.075 0.0064 15.797 0.0087
178.590928 -84.606554 9 0.977 18.2839 0.0121 17.967 0.0103 17.7052 0.0293 17.5992 0.0126
177.248744 -84.743282 22 0.992 nan nan 16.7166 0.0184 16.1153 0.0066 15.8906 0.0063
174.47342700000002 -84.62595 8 0.978 nan nan 17.433 0.0131 17.204 0.0063 17.1099 0.008
178.369518 -84.449044 12 0.981 nan nan 17.435 0.0467 17.1014 0.0066 16.9891 0.0069
