ra dec ngood class_star g_psf e_g_psf r_psf e_r_psf i_psf e_i_psf z_psf e_z_psf
169.966915 -85.34489 13 0.978 nan nan 17.2587 0.0214 17.1468 0.0067 17.0845 0.0214
170.086276 -85.350824 13 0.981 nan nan 17.6166 0.0206 16.9013 0.0119 16.5742 0.0166
170.224616 -85.324843 4 0.958 nan nan nan nan 17.7957 0.0502 17.5573 0.0141
170.180613 -85.349896 10 1.0 8.8858 0.0105 nan nan 8.9719 0.011000000000000001 9.0256 0.0105
169.72799799999999 -85.33188100000001 14 0.982 16.3817 0.0475 15.8987 0.0103 15.6695 0.0169 15.5534 0.0165
169.810508 -85.317009 13 0.978 nan nan 17.5472 0.0383 17.2817 0.031 17.2641 0.0269
169.709721 -85.32324100000001 12 0.981 nan nan 16.6949 0.0419 16.4611 0.0097 16.4101 0.0281
170.274477 -85.320411 14 0.977 nan nan 17.4379 0.025 17.187 0.0221 17.1388 0.0219
170.018353 -85.35943499999999 21 0.982 16.3421 0.0087 15.9702 0.0133 15.7456 0.0069 15.6597 0.0078
169.808944 -85.355226 19 0.983 16.3005 0.0163 15.8642 0.0181 15.6423 0.0088 15.5779 0.0057
170.233046 -85.313713 28 0.988 14.7015 0.0054 14.3502 0.0064 14.1482 0.0045 14.0852 0.0045
170.312171 -85.319096 4 0.958 nan nan nan nan 17.7704 0.0163 17.6554 0.0454
170.181775 -85.358722 16 0.9790000000000001 17.1729 0.0219 16.9063 0.0101 16.6293 0.0248 16.553 0.0158
170.284579 -85.31427 11 0.98 nan nan nan nan 17.1587 0.009000000000000001 16.9256 0.0215
169.667624 -85.350983 4 0.976 nan nan nan nan 17.2937 0.0132 17.0179 0.0136
170.37253 -85.34778299999999 4 0.95 nan nan nan nan 17.9432 0.0254 17.5575 0.0316
169.628924 -85.351732 21 0.9840000000000001 14.8705 0.0132 14.6199 0.011000000000000001 14.514000000000001 0.0075 14.4939 0.006
170.226819 -85.30228699999999 4 0.9640000000000001 nan nan nan nan 18.2515 0.0713 18.1025 0.0284
169.713457 -85.361599 15 0.983 16.987000000000002 0.0453 16.5725 0.0152 16.2317 0.0244 16.099 0.0133
169.862479 -85.297641 16 0.982 17.1039 0.0162 16.9357 0.0304 16.7345 0.0186 16.6886 0.0091
169.693122 -85.36184300000001 2 0.976 nan nan nan nan 17.6895 0.0146 17.5147 0.0227
169.98658799999998 -85.294499 24 0.982 15.2685 0.0464 15.12 0.0681 14.8284 0.0463 14.6432 0.0133
170.335117 -85.305589 29 0.993 14.2562 0.0126 13.921 0.0056 13.7367 0.0046 13.6849 0.0047
169.993561 -85.29400799999999 2 0.982 nan nan nan nan nan nan 15.3275 0.008
169.527696 -85.34333000000001 22 0.9840000000000001 14.5216 0.0111 14.2114 0.0098 14.0372 0.0054 13.9905 0.0063
170.46455 -85.347087 7 0.973 nan nan nan nan 17.6038 0.0205 17.1173 0.0237
170.323858 -85.364772 17 0.983 16.2808 0.0212 15.8675 0.0086 15.6445 0.0065 15.558 0.0076
170.091776 -85.292008 16 0.981 nan nan 17.4464 0.0227 16.897000000000002 0.0123 16.7152 0.0077
170.040529 -85.291443 4 0.97 nan nan nan nan 17.7356 0.0097 17.5759 0.0086
170.026475 -85.375331 14 0.981 nan nan nan nan 16.827 0.0142 16.4039 0.013999999999999999
169.509177 -85.32007 11 0.9790000000000001 nan nan nan nan 17.0773 0.0141 16.7824 0.0152
170.0692 -85.37558 20 0.983 16.4354 0.017 16.2284 0.0086 16.0859 0.0118 16.0633 0.0132
170.355744 -85.365126 4 0.97 nan nan nan nan 17.6694 0.033 17.5094 0.0096
170.134323 -85.37633000000001 11 0.978 nan nan 17.3553 0.0205 17.2384 0.0096 17.2024 0.0204
169.749597 -85.373085 13 0.982 16.5908 0.0135 16.2901 0.0121 16.177 0.0069 16.0829 0.0062
170.526012 -85.320716 1 0.988 nan nan nan nan 18.948 0.1667 nan nan
170.247792 -85.290637 22 0.983 16.5485 0.0193 16.1568 0.03 15.8961 0.0082 15.8179 0.0094
169.757826 -85.290058 5 0.966 nan nan nan nan 17.6648 0.0235 16.9894 0.015
170.46776499999999 -85.304559 24 0.9840000000000001 14.8153 0.0115 14.4787 0.0067 14.3014 0.0046 14.2554 0.0043
169.382283 -85.336525 16 0.98 17.3468 0.0129 16.8593 0.0147 16.6446 0.0204 16.5641 0.0109
170.003546 -85.28285 5 0.9690000000000001 nan nan nan nan 17.8753 0.0324 17.822 0.0264
169.680281 -85.37714799999999 16 0.983 16.0456 0.0072 15.5373 0.0069 15.2256 0.0059 15.0682 0.0054
169.433413 -85.311617 14 0.983 nan nan 17.6109 0.0451 16.9796 0.0131 16.6901 0.0203
170.61553700000002 -85.322489 19 0.982 16.6948 0.0255 16.4861 0.0261 16.3675 0.0086 16.3077 0.0091
170.643898 -85.341104 19 0.987 14.1237 0.0062 13.9543 0.0074 13.8724 0.0051 13.8729 0.0062
169.874379 -85.385886 15 0.966 nan nan 17.2751 0.0899 16.886 0.0388 16.6476 0.0251
169.95566399999998 -85.386829 14 0.98 nan nan 17.1119 0.0363 16.9906 0.0089 16.9122 0.0151
169.628098 -85.289012 17 0.983 14.5976 0.006999999999999999 14.1811 0.0106 13.9415 0.0054 13.8444 0.0067
169.809492 -85.386113 14 0.981 nan nan 17.0571 0.0279 16.9227 0.016 16.8826 0.0113
169.729321 -85.282764 13 0.982 nan nan 16.7181 0.0671 16.2075 0.0097 16.0178 0.0086
170.615507 -85.309859 18 0.983 15.7492 0.0225 15.4528 0.0206 15.2572 0.006999999999999999 15.2009 0.0067
170.690536 -85.336743 22 0.983 15.9983 0.0078 15.7104 0.009000000000000001 15.5477 0.0113 15.4973 0.0079
170.53496299999998 -85.29651199999999 1 0.9620000000000001 nan nan nan nan 19.4773 0.0432 nan nan
169.314089 -85.317279 1 0.986 nan nan nan nan nan nan 18.2212 0.1478
169.844024 -85.275643 7 0.965 nan nan nan nan 17.5432 0.0177 17.2634 0.0179
169.902624 -85.274742 14 0.983 nan nan 17.3096 0.0298 16.3996 0.0066 16.0228 0.0156
170.720676 -85.34219399999999 11 0.978 nan nan nan nan 17.1107 0.0304 16.8449 0.0183
170.24785 -85.27744100000001 1 0.951 nan nan nan nan 19.343 0.0583 nan nan
170.111908 -85.392427 12 0.981 nan nan nan nan 16.9101 0.011000000000000001 16.4649 0.0117
169.57853300000002 -85.284141 22 0.9790000000000001 14.8345 0.0062 14.5704 0.0128 14.4393 0.0094 14.4381 0.0116
169.26861200000002 -85.3447 6 0.953 nan nan nan nan 17.9081 0.0354 17.5383 0.0118
170.35534099999998 -85.279826 14 0.9790000000000001 nan nan 17.445999999999998 0.0341 17.124000000000002 0.0073 17.000999999999998 0.0122
169.524903 -85.285612 3 0.9570000000000001 nan nan nan nan 18.0586 0.021 17.9879 0.0165
169.23801799999998 -85.3436 10 0.973 nan nan 17.5149 0.0544 17.3883 0.0083 17.393 0.0144
170.60848700000003 -85.372422 15 0.9790000000000001 17.3255 0.0213 17.0758 0.0242 16.8289 0.0135 16.8219 0.0111
169.389151 -85.294188 22 0.983 15.5273 0.0097 15.2222 0.0069 15.0425 0.0118 14.9825 0.0048
170.702452 -85.361226 21 0.983 16.1962 0.0217 15.9061 0.0158 15.7255 0.0047 15.6875 0.0071
170.722961 -85.30888399999999 11 0.98 nan nan 17.4743 0.062 17.1691 0.0344 17.0442 0.0111
170.749332 -85.31302 12 0.9790000000000001 nan nan 17.2498 0.0167 17.0023 0.0062 16.9001 0.0234
169.20656699999998 -85.330743 1 0.9570000000000001 nan nan nan nan nan nan 18.8779 0.0875
170.789479 -85.34299399999999 21 0.983 16.3396 0.0314 16.0515 0.008 15.8994 0.005 15.8502 0.0079
169.272986 -85.360854 1 0.958 nan nan nan nan nan nan 18.9105 0.0543
170.578431 -85.28795799999999 4 0.9540000000000001 nan nan nan nan 17.7629 0.0216 17.673 0.0275
170.561899 -85.286501 16 0.9840000000000001 16.7088 0.0501 16.3169 0.0093 16.0166 0.005 15.8974 0.0055
169.21547900000002 -85.349758 9 0.9790000000000001 nan nan 17.2372 0.036000000000000004 17.0212 0.0125 16.8917 0.0261
170.512798 -85.2824 12 0.981 nan nan nan nan 16.607 0.0061 16.0564 0.0134
170.741806 -85.30677800000001 1 0.9890000000000001 nan nan nan nan nan nan 18.2254 0.1637
170.761975 -85.357218 25 0.983 15.1038 0.0077 14.7783 0.0073 14.6023 0.0051 14.5621 0.0047
170.346123 -85.39343000000001 4 0.978 nan nan nan nan 17.7796 0.0111 17.6253 0.0641
170.699106 -85.298858 15 0.981 16.8188 0.0581 16.6473 0.0446 16.5159 0.0067 16.441 0.0171
169.204226 -85.350987 17 0.983 nan nan 16.8195 0.0331 16.086 0.008 15.7988 0.0082
169.85466 -85.266959 12 0.973 nan nan 17.4564 0.0785 17.2741 0.0119 17.2254 0.0069
169.384569 -85.378807 30 0.986 13.4053 0.0058 13.1472 0.0053 13.0154 0.0057 12.9896 0.0041
169.29529499999998 -85.297185 20 0.982 16.7011 0.0358 16.3227 0.0354 16.0973 0.0054 16.0459 0.0117
170.83359199999998 -85.327522 25 0.987 12.3153 0.0094 11.7985 0.0058 11.4615 0.0051 11.3083 0.0048
169.554359 -85.391238 7 0.975 nan nan 17.2707 0.0194 17.1586 0.0306 17.0304 0.0161
169.170242 -85.320184 6 0.958 nan nan nan nan 17.8677 0.0322 17.4294 0.0452
169.32871699999998 -85.376126 16 0.982 17.1143 0.0165 16.622 0.0266 16.3375 0.0052 16.2014 0.0147
170.392435 -85.395119 17 0.985 15.6005 0.0215 14.9656 0.0111 14.5685 0.0085 14.4049 0.0064
170.476217 -85.391681 6 0.97 nan nan nan nan 17.5218 0.0094 17.4097 0.0096
169.51725 -85.39134200000001 16 0.986 15.7772 0.0085 15.1773 0.0157 14.8291 0.0063 14.7004 0.0059
170.691525 -85.37598 13 0.9790000000000001 nan nan 17.1671 0.0285 17.0567 0.0158 16.9941 0.015
169.613454 -85.396689 9 0.9790000000000001 nan nan nan nan 17.0179 0.0216 16.5265 0.0275
170.872286 -85.332121 4 0.961 nan nan nan nan 17.656 0.0143 17.6223 0.0165
170.282052 -85.266159 8 0.975 nan nan 17.4558 0.0918 17.4319 0.0077 17.3999 0.0276
169.98859199999998 -85.404803 5 0.95 nan nan nan nan 17.645 0.0304 17.4834 0.0106
169.958684 -85.404747 8 0.976 nan nan nan nan 17.4228 0.0236 17.2928 0.0789
170.536279 -85.391085 9 0.971 nan nan nan nan 17.4324 0.0182 17.2058 0.0203
169.77003100000002 -85.403328 16 0.983 16.0522 0.0329 15.6563 0.0083 15.4212 0.006 15.3142 0.0052
169.18072800000002 -85.305017 11 0.98 nan nan 17.3331 0.0114 17.1088 0.012 17.0074 0.0102
170.814392 -85.300493 12 0.978 nan nan 17.5122 0.0247 17.0874 0.0274 16.8173 0.0086
169.095462 -85.34768000000001 24 0.987 12.4835 0.0047 12.183 0.0081 12.036 0.0091 12.0033 0.0053
169.64601399999998 -85.264289 4 0.95 nan nan nan nan 17.6136 0.0426 17.541 0.0221
170.920796 -85.33057600000001 16 0.981 nan nan 17.2496 0.0128 16.7368 0.011000000000000001 16.4714 0.0151
170.109654 -85.258837 4 0.976 nan nan nan nan 17.9856 0.0281 17.9335 0.0319
170.289842 -85.404627 14 0.983 16.9368 0.0141 16.4219 0.0108 16.0842 0.0058 16.0132 0.0068
169.14147 -85.362401 5 0.9690000000000001 nan nan nan nan 17.6202 0.0178 17.4444 0.0125
170.929641 -85.337743 21 0.983 15.9294 0.0122 15.7072 0.0075 15.5334 0.0047 15.505 0.0048
170.650298 -85.388015 7 0.9740000000000001 nan nan nan nan 17.6471 0.0211 17.5271 0.078
169.41048 -85.392635 18 0.983 16.4181 0.0133 16.0645 0.0188 15.8501 0.0136 15.7893 0.0064
169.260985 -85.286357 16 0.982 nan nan 16.9204 0.0107 16.5905 0.0141 16.4229 0.0201
169.632093 -85.404147 17 0.9840000000000001 15.9012 0.0198 15.3911 0.0068 15.1062 0.0061 14.9717 0.0141
170.47783700000002 -85.40000699999999 4 0.9520000000000001 nan nan nan nan 17.6945 0.0499 17.5437 0.0204
170.264738 -85.40771 12 0.981 nan nan 17.1481 0.0289 16.9873 0.0145 16.9247 0.0177
170.8398 -85.297297 13 0.98 nan nan nan nan 16.9705 0.011000000000000001 16.6392 0.0109
170.115928 -85.410702 7 0.9570000000000001 nan nan nan nan 17.9538 0.032 17.2819 0.0146
170.897923 -85.306407 0 0.986 nan nan nan nan nan nan nan nan
170.95025 -85.32292199999999 19 0.982 15.7689 0.0064 15.4295 0.0063 15.2858 0.0048 15.2423 0.0049
169.099362 -85.362809 19 0.983 16.2902 0.0087 15.8972 0.0181 15.7062 0.009000000000000001 15.6454 0.006999999999999999
169.35173500000002 -85.39268100000001 4 0.958 nan nan nan nan 18.1958 0.0276 18.0577 0.0507
170.63713 -85.27317 1 0.972 nan nan nan nan nan nan 18.873 0.0888
170.981193 -85.33492700000001 23 0.991 13.4048 0.018000000000000002 13.0999 0.0064 12.9671 0.0043 12.9273 0.0047
169.047414 -85.314093 14 0.982 nan nan 16.9412 0.0086 16.7503 0.011000000000000001 16.695 0.0181
170.74469 -85.28133000000001 14 0.982 16.4817 0.046 16.0347 0.0098 15.7058 0.0066 15.6073 0.0054
169.08506200000002 -85.304302 14 0.982 nan nan 17.349 0.0167 16.4891 0.0145 16.160999999999998 0.0063
170.46192299999998 -85.405102 17 0.982 16.7305 0.0258 16.485 0.0106 16.2726 0.0124 16.2072 0.0112
169.330626 -85.273638 19 0.983 16.6478 0.0291 16.0136 0.0169 15.6034 0.0067 15.4071 0.0075
170.002341 -85.25166 20 0.982 16.3914 0.0197 16.0056 0.015 15.8454 0.0092 15.7741 0.0056
170.3847 -85.257993 14 0.981 17.0665 0.019 16.7762 0.0086 16.5339 0.0064 16.5076 0.0071
169.35126 -85.270492 21 0.983 15.4292 0.0127 15.165 0.0065 15.0686 0.006999999999999999 15.0413 0.0078
168.990519 -85.342536 12 0.976 nan nan 17.219 0.0444 17.0463 0.0218 17.0069 0.021
170.39963899999998 -85.40946 9 0.976 nan nan nan nan 17.3028 0.0226 17.0509 0.0124
169.574365 -85.408777 21 0.9840000000000001 15.0308 0.0053 14.7288 0.0087 14.6091 0.0097 14.5808 0.0047
171.01873600000002 -85.33753 21 0.982 15.8778 0.022000000000000002 15.380999999999998 0.0133 15.0527 0.0078 14.9258 0.0152
170.247834 -85.252481 9 0.973 nan nan nan nan 17.5472 0.0183 17.1011 0.0146
169.61389 -85.41084599999999 20 0.9840000000000001 14.7013 0.0054 14.3459 0.0075 14.1701 0.0085 14.1035 0.0048
170.64995 -85.398575 17 0.982 17.15 0.025 16.7733 0.05 16.4172 0.0122 16.3434 0.0118
169.44175800000002 -85.404154 4 0.961 nan nan nan nan 18.1544 0.0173 17.9536 0.039
169.753389 -85.414916 17 0.985 16.112000000000002 0.0119 15.6974 0.0144 15.4773 0.0093 15.3746 0.0132
170.98753200000002 -85.308806 6 0.976 nan nan nan nan 17.5166 0.0178 17.3973 0.0226
169.151166 -85.28482 0 0.985 nan nan nan nan nan nan nan nan
169.630151 -85.413013 0 0.99 nan nan nan nan nan nan nan nan
171.047419 -85.341747 20 0.993 15.644 0.0218 15.2351 0.0165 14.9795 0.0043 14.8752 0.0053
168.94931499999998 -85.33022199999999 10 0.976 nan nan 17.3494 0.0179 16.9322 0.0156 16.8043 0.0515
169.53577099999998 -85.256489 19 0.9840000000000001 15.1594 0.006 14.8851 0.0071 14.7625 0.0048 14.7301 0.013000000000000001
169.328364 -85.267534 4 0.972 nan nan nan nan 17.5988 0.0121 17.5719 0.0103
170.59266100000002 -85.40453199999999 1 0.966 nan nan nan nan 19.4132 0.0549 nan nan
170.59036 -85.262489 1 0.955 nan nan nan nan 19.4998 0.1198 nan nan
170.973028 -85.30041700000001 6 0.968 nan nan nan nan 17.8677 0.022000000000000002 17.0583 0.0098
170.027298 -85.419358 16 0.982 nan nan 17.0249 0.0094 16.7397 0.0066 16.6383 0.0312
170.95246699999998 -85.29556600000001 8 0.973 nan nan nan nan 17.5738 0.0083 16.9054 0.0195
169.601853 -85.414036 2 0.951 nan nan nan nan 17.9155 0.0242 17.4478 0.0113
170.14323000000002 -85.419434 6 0.97 nan nan nan nan 17.7364 0.009000000000000001 17.5046 0.0489
170.922818 -85.378812 6 0.9640000000000001 nan nan nan nan 17.6863 0.0103 17.0431 0.0128
170.445862 -85.41325 19 0.983 16.1946 0.0268 15.8498 0.0127 15.616 0.0084 15.5541 0.0084
171.032264 -85.30874200000001 7 0.9540000000000001 nan nan nan nan 17.4527 0.0399 17.2971 0.008
170.629252 -85.261397 17 0.983 16.348 0.0198 16.0813 0.0075 15.8731 0.0052 15.8163 0.0092
170.197039 -85.246004 6 0.953 nan nan nan nan 17.6143 0.009000000000000001 17.3956 0.0206
170.917602 -85.285286 9 0.977 nan nan nan nan 17.3722 0.0143 17.0481 0.02
170.488869 -85.253467 18 0.983 17.1071 0.0253 16.7175 0.0093 16.5232 0.0073 16.4755 0.0077
169.99993899999998 -85.243944 5 0.963 nan nan nan nan 17.7311 0.01 17.635 0.0668
168.906721 -85.34349499999999 13 0.978 nan nan 17.2008 0.0356 17.0531 0.0348 17.0513 0.0169
170.28439 -85.419783 9 0.98 nan nan 17.3188 0.0168 17.1545 0.0077 17.0542 0.0199
170.97468 -85.376243 6 0.966 nan nan nan nan 17.7932 0.0156 17.5839 0.0538
171.09065 -85.319638 19 0.982 17.1651 0.0271 16.7123 0.0335 16.5477 0.0074 16.482 0.0137
170.426628 -85.25024300000001 17 0.981 nan nan 17.095 0.0194 16.5917 0.01 16.4 0.0141
168.95661299999998 -85.303432 20 0.986 13.3068 0.0061 12.9092 0.0053 12.6279 0.0077 12.5054 0.0048
168.905381 -85.31659499999999 12 0.98 nan nan 17.1038 0.037000000000000005 16.882 0.0265 16.7442 0.0084
169.342669 -85.407081 22 0.9890000000000001 14.3964 0.0092 14.0919 0.006 13.9276 0.006 13.8902 0.0057
168.92035800000002 -85.358807 22 0.991 12.1938 0.0069 11.6411 0.0062 11.2968 0.0073 11.1406 0.0053
171.02926200000002 -85.297784 5 0.9690000000000001 nan nan nan nan 17.7471 0.0132 17.5029 0.0373
169.120778 -85.391153 3 0.951 nan nan nan nan 17.7346 0.0149 17.5864 0.0819
169.258429 -85.402934 11 0.9790000000000001 nan nan nan nan 17.2391 0.0138 16.9158 0.0456
168.871402 -85.331501 7 0.966 nan nan nan nan 17.3125 0.0628 17.0444 0.0122
170.62273100000002 -85.410298 19 0.982 17.2004 0.0249 16.6398 0.0392 16.4065 0.0088 16.2962 0.0288
169.89172 -85.424897 17 0.9840000000000001 nan nan 16.6351 0.0107 16.1112 0.0059 15.9015 0.0135
171.13048999999998 -85.33579499999999 4 0.971 nan nan nan nan 17.5472 0.0142 17.3995 0.0128
169.852813 -85.241945 23 0.987 15.3177 0.0197 14.6759 0.0053 14.1488 0.0092 13.9262 0.0059
169.302492 -85.260902 6 0.9670000000000001 nan nan nan nan 17.5031 0.0222 17.4447 0.0509
169.418713 -85.25408399999999 9 0.972 nan nan nan nan 17.4861 0.0194 17.3378 0.0146
169.223502 -85.266153 1 0.9740000000000001 nan nan nan nan 19.497 0.0856 nan nan
170.514453 -85.416111 18 0.982 17.2565 0.0208 16.9296 0.0413 16.7949 0.0176 16.7257 0.0119
170.31666 -85.422499 18 0.983 15.6327 0.008 15.394 0.0099 15.264000000000001 0.0064 15.2315 0.0066
169.556838 -85.419543 16 0.982 16.5281 0.0393 16.3476 0.0164 16.2048 0.0241 16.1524 0.0135
169.235512 -85.26394300000001 15 0.977 nan nan 17.3084 0.0212 17.0627 0.0126 16.9526 0.0144
171.14131899999998 -85.321079 12 0.9790000000000001 nan nan 17.0979 0.011000000000000001 16.8744 0.0116 16.8148 0.0126
168.845195 -85.328485 14 0.982 nan nan 16.9933 0.0197 16.7571 0.0095 16.6799 0.0093
171.153291 -85.322856 17 0.982 16.2147 0.0185 15.8712 0.0098 15.7218 0.0063 15.6666 0.0141
168.88671000000002 -85.30596700000001 2 0.953 nan nan nan nan 17.8982 0.0131 17.7002 0.0158
169.866691 -85.238989 10 0.9640000000000001 nan nan nan nan 17.3507 0.0118 17.1595 0.0284
170.70638799999998 -85.257988 23 0.991 13.1006 0.0121 12.5941 0.0096 12.2559 0.0056 12.1025 0.0043
169.39191200000002 -85.415064 19 0.98 16.8427 0.0331 16.4869 0.0086 16.3409 0.006 16.2679 0.0062
171.113052 -85.365263 1 0.963 nan nan nan nan nan nan 18.6703 0.0496
169.540153 -85.42163599999999 12 0.982 16.8114 0.0206 16.4484 0.0106 16.1668 0.0119 16.0066 0.0116
168.82867 -85.34708499999999 16 0.981 17.309 0.0203 17.1449 0.0603 16.9327 0.0071 16.9034 0.027999999999999997
169.356639 -85.252839 22 0.982 16.8631 0.0361 16.5345 0.028999999999999998 16.3431 0.0122 16.2813 0.0137
170.88145600000001 -85.269573 4 0.9570000000000001 nan nan nan nan 17.8449 0.0275 17.8144 0.0247
171.00428300000002 -85.283022 5 0.97 nan nan nan nan 17.6096 0.036000000000000004 17.5552 0.0126
171.178049 -85.34768199999999 12 0.98 nan nan nan nan 16.9254 0.0217 16.4639 0.0157
168.957239 -85.382008 6 0.961 nan nan nan nan 17.6293 0.1056 17.1227 0.0344
170.73676 -85.41055899999999 20 0.983 16.2361 0.0149 15.9031 0.0242 15.7778 0.0087 15.7515 0.0187
169.46295600000002 -85.24639599999999 13 0.978 nan nan 17.3683 0.0481 17.1568 0.0084 17.129 0.0171
171.05764399999998 -85.380627 11 0.981 nan nan nan nan 16.7256 0.0154 16.3282 0.0099
171.14388 -85.365734 5 0.971 nan nan nan nan 17.7409 0.0097 17.5785 0.0097
169.413405 -85.247522 8 0.9640000000000001 nan nan 17.6002 0.0361 17.4651 0.0164 17.4479 0.0123
171.204647 -85.343252 12 0.983 nan nan 17.1612 0.0121 15.8408 0.0057 15.3515 0.0066
169.81065800000002 -85.43063000000001 11 0.978 nan nan 17.3829 0.0272 17.0537 0.0097 16.9545 0.0213
170.18223500000002 -85.235264 17 0.96 nan nan 17.1818 0.0407 16.9849 0.0112 16.9149 0.0098
171.055133 -85.38444799999999 15 0.982 nan nan 17.1572 0.0231 16.9358 0.0137 16.9254 0.012
171.218848 -85.350055 16 0.991 14.5813 0.0074 14.0517 0.0092 13.7286 0.0047 13.6059 0.0048
168.784759 -85.31667900000001 4 0.9670000000000001 nan nan nan nan 17.7787 0.0427 17.7401 0.0114
168.962091 -85.279549 9 0.98 nan nan nan nan 16.7607 0.0302 16.3312 0.0141
170.10243799999998 -85.232479 10 0.961 nan nan nan nan 17.5874 0.0073 17.1683 0.0283
170.816293 -85.256963 1 0.972 nan nan nan nan 19.6309 0.1128 nan nan
168.8445 -85.372773 9 0.976 nan nan nan nan 17.378 0.009000000000000001 16.8032 0.0138
169.36295800000002 -85.421027 7 0.975 nan nan nan nan 17.5218 0.0103 17.4418 0.0082
168.81411200000002 -85.366679 18 0.981 16.6126 0.0202 16.3111 0.0069 16.1368 0.0061 16.108 0.0062
169.14311899999998 -85.258544 22 0.985 16.5534 0.0096 16.2952 0.0191 16.1443 0.018000000000000002 16.0776 0.0062
171.228453 -85.308135 9 0.9740000000000001 nan nan 17.5047 0.0294 17.2276 0.0212 17.2523 0.0141
171.124883 -85.285857 6 0.976 nan nan nan nan 17.5008 0.0209 17.3795 0.0125
169.725525 -85.232027 20 0.983 14.0815 0.0153 13.7718 0.0099 13.6016 0.0077 13.5468 0.0065
171.056679 -85.392717 17 0.981 nan nan 17.0314 0.0204 16.6825 0.0085 16.575 0.0162
170.883874 -85.258625 7 0.977 nan nan nan nan 17.4974 0.0284 17.3514 0.0152
170.939741 -85.263308 10 0.9790000000000001 nan nan nan nan 17.1886 0.0102 16.8767 0.0079
168.984568 -85.270545 2 0.9570000000000001 nan nan nan nan 17.7073 0.0112 17.6282 0.0156
170.060463 -85.228954 0 0.985 nan nan nan nan nan nan nan nan
168.71471 -85.332502 9 0.978 nan nan nan nan 17.4029 0.0098 17.285 0.0403
171.23447 -85.304986 13 0.9790000000000001 nan nan 17.2752 0.011000000000000001 17.0204 0.0136 16.9256 0.0188
171.265523 -85.310979 5 0.968 nan nan nan nan 17.6763 0.0176 17.6271 0.0168
169.361827 -85.425921 17 0.983 nan nan 16.8965 0.0382 16.2143 0.0121 15.9359 0.0114
169.497327 -85.235716 10 0.9740000000000001 nan nan 17.5438 0.0362 17.329 0.0074 17.2604 0.0215
168.70713899999998 -85.316121 12 0.9790000000000001 nan nan 17.432000000000002 0.0156 17.3938 0.0295 17.3425 0.0171
170.023725 -85.226563 22 0.983 15.3908 0.006 15.1512 0.0065 15.0007 0.006999999999999999 14.9786 0.0085
169.218448 -85.419981 23 0.9790000000000001 16.1856 0.032 15.7515 0.0141 15.3647 0.015 15.2052 0.0089
170.766841 -85.245808 13 0.98 nan nan 17.1734 0.0118 16.9667 0.0291 16.8807 0.0242
170.037 -85.44154 15 0.978 17.1114 0.0773 17.008 0.0463 17.148 0.0168 17.184 0.0094
168.882611 -85.39350999999999 11 0.977 nan nan 17.015 0.0151 16.7948 0.0079 16.7987 0.0196
169.360104 -85.428901 17 0.982 17.2776 0.0239 16.8523 0.0241 16.3501 0.0207 16.1905 0.0161
171.21757 -85.28988100000001 8 0.975 nan nan nan nan 17.3064 0.0075 17.1124 0.0403
168.947838 -85.402156 9 0.981 nan nan nan nan 16.914 0.0167 16.6152 0.0186
169.676528 -85.22682900000001 14 0.983 15.0807 0.0131 14.7111 0.0094 14.5418 0.0083 14.454 0.0062
169.401593 -85.234923 16 0.983 16.0909 0.0119 15.7629 0.0061 15.5636 0.0064 15.4836 0.0048
169.15858899999998 -85.247342 4 0.953 nan nan nan nan 17.798 0.0317 17.653 0.0564
171.011914 -85.260352 20 0.9890000000000001 11.6728 0.0062 11.345999999999998 0.0083 11.1747 0.0063 11.1262 0.0057
171.361357 -85.337176 0 0.963 nan nan nan nan nan nan nan nan
169.557995 -85.438467 1 0.976 nan nan nan nan nan nan 18.9135 0.1199
169.837908 -85.44383 14 0.981 nan nan nan nan 16.8706 0.0109 16.4443 0.0109
169.236055 -85.24141800000001 1 0.966 nan nan nan nan nan nan 18.7302 0.1544
171.325392 -85.36328 4 0.95 nan nan nan nan 18.0656 0.0474 17.8077 0.0247
170.852146 -85.24604599999999 13 0.98 nan nan 17.2238 0.0318 16.8146 0.0162 16.6981 0.0201
170.23966399999998 -85.223206 9 0.9640000000000001 nan nan 17.4465 0.0457 17.3889 0.0201 17.3059 0.013999999999999999
171.237819 -85.383498 27 0.995 13.1345 0.0048 12.8512 0.0061 12.6888 0.0045 12.661 0.0048
168.622579 -85.338326 15 0.9840000000000001 nan nan 17.3604 0.0477 16.4088 0.0084 16.0428 0.0098
170.945152 -85.252062 6 0.966 nan nan nan nan 17.7713 0.0251 17.5359 0.0631
169.913888 -85.445504 12 0.98 nan nan 17.2715 0.0823 17.0114 0.0165 16.844 0.008
169.691182 -85.223738 4 0.972 nan nan nan nan 17.5764 0.0159 17.2635 0.01
168.70555900000002 -85.293871 9 0.978 nan nan nan nan 17.3591 0.0094 17.0651 0.0108
169.356774 -85.433901 8 0.976 nan nan nan nan 17.4885 0.0199 17.2018 0.0123
171.22607299999999 -85.387792 25 0.9890000000000001 13.7012 0.0063 13.1359 0.0085 12.7263 0.0043 12.5407 0.0047
171.389469 -85.347101 1 0.97 nan nan nan nan 19.4669 0.1325 nan nan
171.216669 -85.390416 14 0.981 nan nan 17.151 0.027000000000000003 15.8984 0.0156 15.4316 0.0118
171.383976 -85.351265 6 0.9670000000000001 nan nan 17.6663 0.027999999999999997 17.6568 0.0092 17.6036 0.0378
171.37003700000002 -85.30919899999999 20 0.983 15.6615 0.0061 15.4092 0.0193 15.1894 0.0044 15.1181 0.0046
168.820662 -85.271922 18 0.982 16.913 0.0927 16.6787 0.017 16.5376 0.0169 16.5172 0.0086
171.290327 -85.380155 14 0.98 17.1914 0.0376 16.9973 0.0124 16.7945 0.0098 16.7348 0.0106
169.20252299999999 -85.428547 15 0.98 nan nan 17.1197 0.0408 16.972 0.0101 16.8674 0.0272
168.827595 -85.270062 11 0.982 nan nan nan nan 16.822 0.015 16.4703 0.008
171.403927 -85.351867 11 0.98 nan nan nan nan 16.9812 0.0236 16.6425 0.0231
168.65133 -85.297833 4 0.95 nan nan nan nan 18.3016 0.0274 18.1036 0.0303
169.353879 -85.43679499999999 9 0.98 nan nan nan nan 17.0236 0.0065 16.6971 0.0085
168.887609 -85.26131 17 0.983 16.2046 0.0101 15.8925 0.0073 15.6357 0.0139 15.5122 0.0093
170.884682 -85.242424 9 0.978 nan nan nan nan 17.0997 0.0077 16.5082 0.0183
168.977916 -85.415572 16 0.981 17.0606 0.0456 16.8359 0.0098 16.6093 0.0125 16.6148 0.0197
168.822122 -85.267923 20 0.983 16.0308 0.013999999999999999 15.6881 0.0136 15.5115 0.0127 15.4386 0.0068
168.821304 -85.401292 21 0.987 13.4766 0.0097 12.8296 0.0053 12.4039 0.006 12.2478 0.0052
168.586952 -85.31254100000001 10 0.971 nan nan nan nan 17.4623 0.0104 17.1702 0.0219
171.378408 -85.369279 5 0.9640000000000001 nan nan nan nan 17.4534 0.0556 17.3446 0.0351
171.313413 -85.284171 10 0.981 nan nan 17.3491 0.0232 16.9829 0.0076 16.8142 0.0114
171.400963 -85.366376 4 0.9540000000000001 nan nan nan nan 18.0211 0.0159 17.6162 0.0647
170.14473 -85.451134 18 0.985 15.8318 0.0134 14.9792 0.0238 14.3815 0.0046 14.1551 0.0079
170.380022 -85.447906 19 0.983 15.4709 0.0093 15.1861 0.0085 15.0277 0.0044 14.9862 0.0099
169.095853 -85.240864 21 0.9940000000000001 14.0105 0.0047 13.3014 0.0066 12.7672 0.0047 12.5197 0.0043
171.103718 -85.411884 4 0.95 nan nan nan nan 17.7416 0.0153 17.4744 0.0113
170.215432 -85.450994 4 0.968 nan nan nan nan 17.7534 0.0093 17.4496 0.0385
168.582771 -85.36421800000001 19 0.982 16.8418 0.0367 16.5403 0.0095 16.3354 0.008 16.2767 0.0085
168.649202 -85.28880600000001 20 0.982 16.5957 0.0145 16.4178 0.0085 16.3048 0.0122 16.2998 0.0128
168.53408000000002 -85.33053100000001 14 0.981 nan nan 17.609 0.0216 16.7765 0.0203 16.4456 0.0248
171.189436 -85.264179 5 0.9670000000000001 nan nan nan nan 17.7189 0.0188 17.6213 0.0112
171.137475 -85.41005200000001 28 0.983 14.6091 0.0081 14.3187 0.0055 14.1728 0.0053 14.1401 0.0049
170.803378 -85.434043 24 0.985 14.9896 0.0093 14.5933 0.0055 14.408 0.0059 14.3404 0.0044
171.34053600000001 -85.285184 7 0.9620000000000001 nan nan nan nan 17.5368 0.0481 17.183 0.0326
169.44481399999998 -85.22215899999999 12 0.978 nan nan nan nan 17.1314 0.0149 16.9134 0.0169
168.56373 -85.363376 4 0.975 nan nan nan nan 17.4977 0.0105 17.4184 0.0207
170.205922 -85.452955 4 0.976 nan nan nan nan 17.6542 0.0135 17.5531 0.0294
170.340222 -85.45105699999999 14 0.982 nan nan 16.7473 0.012 16.1295 0.0075 15.908 0.0115
169.958111 -85.454236 25 0.986 12.9749 0.0048 12.5319 0.0054 12.2512 0.0066 12.1651 0.0076
169.604297 -85.216797 15 0.988 14.3487 0.0085 13.7266 0.0061 13.3175 0.0055 13.1123 0.005
168.785822 -85.40473100000001 24 0.988 16.2889 0.0251 15.7575 0.0099 15.4292 0.0063 15.3138 0.0069
170.949148 -85.427554 5 0.963 nan nan nan nan 17.9163 0.0087 17.384 0.0128
169.106543 -85.23584699999999 9 0.977 nan nan nan nan 17.2794 0.0298 16.8805 0.0156
171.34618700000001 -85.28055 6 0.9690000000000001 nan nan nan nan 17.5904 0.0343 17.5312 0.0118
170.740498 -85.226754 16 0.98 17.0542 0.0161 16.7084 0.0153 16.4246 0.0058 16.3614 0.0137
171.497117 -85.35119399999999 14 0.982 17.2097 0.0458 16.4574 0.0263 15.7496 0.0054 15.4485 0.0062
168.707977 -85.398344 22 0.9990000000000001 12.7484 0.0142 12.4468 0.0053 12.2633 0.0071 12.2277 0.0056
168.64036000000002 -85.388391 6 0.978 nan nan nan nan 17.7042 0.0117 17.1066 0.0201
168.49354399999999 -85.321979 17 0.982 16.8045 0.0109 16.4185 0.0078 16.149 0.0057 16.0404 0.011000000000000001
170.518582 -85.449364 1 0.971 nan nan nan nan nan nan 18.9315 0.0879
171.5165 -85.33290600000001 22 0.982 16.4872 0.0342 16.12 0.0125 15.915 0.0113 15.8584 0.0069
171.422295 -85.379626 16 0.982 16.9086 0.0273 16.4022 0.0098 16.1092 0.0095 15.9756 0.006
170.426623 -85.214005 12 0.978 nan nan nan nan 17.132 0.0098 16.6138 0.013999999999999999
168.638934 -85.392268 30 0.99 14.0985 0.0063 13.8709 0.0081 13.7118 0.0041 13.69 0.004
170.98724099999998 -85.23788499999999 13 0.981 16.9258 0.0115 16.8378 0.0136 16.6544 0.0081 16.6403 0.0175
170.05981 -85.20792900000001 0 0.99 nan nan nan nan nan nan nan nan
168.64707099999998 -85.27348 10 0.973 nan nan nan nan 17.2907 0.0072 17.2085 0.0205
168.56463 -85.381916 25 0.9990000000000001 11.915 0.0089 11.1574 0.0069 10.6315 0.0049 10.3866 0.0071
170.583345 -85.450283 18 0.9840000000000001 nan nan 16.8717 0.0116 16.1192 0.0063 15.8194 0.0121
171.545527 -85.34395699999999 21 0.998 12.7589 0.0096 12.359000000000002 0.0065 12.1246 0.0053 12.0406 0.0064
171.498286 -85.367126 17 0.98 16.4424 0.0507 16.0698 0.0186 15.8872 0.0065 15.825999999999999 0.0159
169.928802 -85.459775 4 0.975 nan nan nan nan 17.6802 0.0326 17.4228 0.024
168.776216 -85.41306 22 0.9840000000000001 16.503 0.0166 16.1513 0.0238 15.8816 0.005 15.7863 0.0067
169.538189 -85.455187 4 0.9840000000000001 nan nan nan nan 15.2401 0.0108 15.0853 0.0102
168.478026 -85.365702 9 0.978 nan nan nan nan 17.4346 0.0168 16.9923 0.0106
169.370322 -85.450764 19 0.983 16.0805 0.006999999999999999 15.7685 0.0095 15.5744 0.0089 15.5387 0.0049
169.535637 -85.455791 16 0.983 15.5102 0.0393 15.4057 0.0944 15.0607 0.0149 15.0462 0.0113
168.439037 -85.318012 6 0.977 nan nan nan nan 17.6451 0.0158 17.5842 0.024
168.446003 -85.35705 5 0.971 nan nan nan nan 17.7931 0.0156 17.6227 0.01
171.559299 -85.354487 4 0.97 nan nan nan nan 17.6392 0.0099 17.309 0.0106
168.57589299999998 -85.279285 10 0.96 nan nan nan nan 17.4044 0.0117 17.1301 0.0162
169.58493700000002 -85.209094 16 0.983 15.6022 0.0161 15.2869 0.0177 15.114 0.0057 15.0412 0.006999999999999999
171.573101 -85.351055 19 0.992 15.1215 0.0122 14.5796 0.0063 14.1821 0.0051 13.9954 0.0054
171.57773500000002 -85.348607 5 0.953 nan nan nan nan 17.4961 0.0101 17.3097 0.0104
171.307408 -85.26086 9 0.9690000000000001 nan nan nan nan 17.5864 0.0209 17.4184 0.0364
169.330653 -85.21624399999999 17 0.983 15.8331 0.0224 15.4559 0.0072 15.2301 0.0057 15.1362 0.0052
170.199605 -85.46223 13 0.9590000000000001 nan nan 17.3346 0.0688 16.9823 0.0165 16.9041 0.0114
171.59764099999998 -85.33648000000001 21 0.982 16.6129 0.016 16.2249 0.0289 15.9234 0.0118 15.8604 0.0139
171.325924 -85.407274 4 0.955 nan nan nan nan 17.7409 0.0085 17.586 0.0453
170.07883700000002 -85.463468 14 0.983 16.2691 0.013000000000000001 15.6896 0.0146 15.3066 0.006999999999999999 15.179 0.0064
169.487693 -85.209377 20 0.983 15.9807 0.0092 15.697000000000001 0.0066 15.4849 0.0079 15.4466 0.0051
170.462959 -85.459001 30 0.998 13.494000000000002 0.0066 13.2812 0.0124 13.2181 0.0041 13.2306 0.0049
171.347362 -85.4065 19 0.983 16.483 0.0187 16.1026 0.0248 15.8439 0.006 15.7577 0.0054
171.599841 -85.31793499999999 21 0.985 15.2962 0.0104 14.7901 0.0088 14.4596 0.0062 14.3157 0.0043
168.54761399999998 -85.277435 21 0.985 15.9229 0.008 15.3877 0.0082 15.0706 0.0056 14.9434 0.0059
169.132647 -85.444767 20 0.983 16.4437 0.01 16.0846 0.0232 15.9082 0.0116 15.8594 0.0107
171.512987 -85.28877800000001 31 0.986 14.8678 0.0102 14.6699 0.0117 14.5596 0.0041 14.5497 0.0056
171.586377 -85.309606 14 0.98 nan nan 17.0641 0.0432 16.8758 0.0159 16.8173 0.0093
170.169912 -85.2024 13 0.981 nan nan 17.2143 0.0128 17.0197 0.0072 16.9906 0.012
171.619425 -85.33644100000001 13 0.978 nan nan 17.2895 0.0303 17.0074 0.0196 16.8994 0.0078
168.850124 -85.241192 4 0.956 nan nan nan nan 18.0893 0.0101 17.9173 0.0292
171.590201 -85.362228 20 0.982 16.7705 0.013999999999999999 16.5754 0.0071 16.3956 0.0066 16.3222 0.0118
168.687553 -85.256469 21 0.983 16.1369 0.0232 15.5711 0.0179 15.1619 0.0081 14.9886 0.0046
170.055046 -85.201049 15 0.982 nan nan 16.7202 0.0224 16.247 0.0054 16.0295 0.0097
168.65773000000002 -85.258912 18 0.982 16.9182 0.1049 16.6747 0.008 16.4441 0.0058 16.4334 0.0065
169.307765 -85.213314 8 0.973 nan nan nan nan 17.5141 0.0215 17.2719 0.0669
170.631652 -85.456179 11 0.981 nan nan nan nan 17.1311 0.0148 16.7902 0.0223
168.734354 -85.418654 12 0.9790000000000001 nan nan nan nan 17.1618 0.0089 16.7215 0.0208
168.39005600000002 -85.35837 13 0.978 nan nan 17.3678 0.0184 17.185 0.0198 17.1412 0.0091
168.566499 -85.399467 22 0.986 15.8423 0.006999999999999999 15.4189 0.0084 15.1137 0.0076 14.9984 0.0044
169.022774 -85.441156 13 0.9840000000000001 nan nan 16.4622 0.015 15.3479 0.0063 14.9195 0.0056
169.426922 -85.458762 19 0.9840000000000001 16.1296 0.0086 15.6986 0.0233 15.4916 0.0068 15.44 0.0051
168.639744 -85.40965600000001 8 0.965 nan nan nan nan 17.5427 0.0082 17.2807 0.0237
169.90195 -85.46679300000001 28 0.9840000000000001 14.9367 0.0156 14.6922 0.006 14.5287 0.0059 14.5221 0.0067
168.730101 -85.24896700000001 13 0.981 nan nan 17.3874 0.0466 16.8909 0.0078 16.7785 0.006999999999999999
168.348102 -85.339793 10 0.975 nan nan nan nan 17.3884 0.0326 17.2252 0.0254
171.49889199999998 -85.392647 18 0.995 12.2278 0.0054 11.5365 0.0107 10.993 0.0061 10.7552 0.0061
171.665238 -85.329701 12 0.98 nan nan nan nan 16.9733 0.0153 16.6067 0.0152
171.043381 -85.440135 15 0.98 nan nan 17.184 0.0261 17.0059 0.0082 16.9824 0.0235
168.385188 -85.369998 22 0.986 15.4523 0.01 15.2046 0.0166 15.049000000000001 0.0048 15.0244 0.0108
168.328932 -85.330107 15 0.982 nan nan 16.7744 0.0383 16.4584 0.0165 16.3125 0.0087
168.364012 -85.363452 12 0.981 nan nan 17.0305 0.0118 16.8438 0.0126 16.7285 0.0136
169.746105 -85.467861 12 0.9790000000000001 nan nan 17.2433 0.0624 16.8764 0.0186 16.7766 0.0426
170.008699 -85.197078 14 0.981 nan nan nan nan 16.8273 0.0222 16.3632 0.016
171.67535 -85.335952 22 0.983 16.734 0.0333 16.435 0.0112 16.2289 0.0071 16.1825 0.0089
169.190089 -85.45313900000001 29 0.983 14.2848 0.0122 13.9065 0.0202 13.6345 0.015 13.5749 0.0167
170.642472 -85.459594 18 0.985 nan nan 16.8747 0.0257 15.5515 0.0083 15.0783 0.0055
170.693246 -85.45791700000001 8 0.9690000000000001 nan nan nan nan 17.4754 0.0085 17.0766 0.0243
171.540953 -85.27986999999999 7 0.972 nan nan nan nan 17.502 0.0246 17.4713 0.0387
169.059914 -85.220262 8 0.9540000000000001 nan nan nan nan 17.5016 0.0372 16.8673 0.0216
171.14546299999998 -85.43477299999999 13 0.981 nan nan 17.0314 0.0328 16.7749 0.0091 16.6011 0.0098
170.203565 -85.19711600000001 0 0.987 nan nan nan nan nan nan nan nan
171.499209 -85.27163399999999 4 0.963 nan nan nan nan 17.9532 0.046 17.7898 0.0311
168.985015 -85.44404899999999 11 0.982 nan nan 17.0833 0.0097 16.4926 0.0114 16.3073 0.0116
169.874056 -85.19606999999999 18 0.978 16.9921 0.0103 16.6645 0.0106 16.3703 0.0087 16.3145 0.0124
169.300974 -85.207904 4 0.9570000000000001 nan nan nan nan 17.8413 0.0077 17.6975 0.0193
168.33103 -85.36155 17 0.982 16.9883 0.0167 16.6293 0.0368 16.3913 0.0095 16.3194 0.0079
171.207045 -85.431731 17 0.981 nan nan 17.0284 0.0307 16.9071 0.0116 16.8706 0.0232
170.369081 -85.46847700000001 27 0.992 11.640999999999998 0.0081 11.4183 0.0095 11.3179 0.0047 11.3271 0.0047
169.547953 -85.466852 15 0.983 15.8304 0.0307 15.4259 0.0078 15.1536 0.0064 15.0301 0.0092
170.29714099999998 -85.469686 1 0.9740000000000001 nan nan nan nan nan nan 19.0258 0.0918
169.07818899999998 -85.450379 20 0.9840000000000001 15.7085 0.0086 15.1828 0.0103 14.8109 0.0046 14.6748 0.0105
169.973286 -85.47182600000001 15 0.981 nan nan 16.9349 0.0095 16.6357 0.0096 16.5636 0.011000000000000001
170.160821 -85.19533299999999 1 0.9890000000000001 nan nan nan nan nan nan 18.2608 0.1329
170.53383200000002 -85.465535 1 0.9640000000000001 nan nan nan nan nan nan 18.7839 0.0748
171.706898 -85.323727 20 0.985 16.9567 0.0965 16.0481 0.0194 15.2196 0.0043 14.8965 0.0044
169.814532 -85.471884 5 0.9590000000000001 nan nan nan nan 17.7424 0.0204 17.5498 0.0276
169.506039 -85.467058 8 0.978 nan nan nan nan 17.309 0.0246 16.9674 0.0126
169.226829 -85.45859200000001 1 0.981 nan nan nan nan nan nan 18.8323 0.0777
171.06667099999999 -85.223496 15 0.981 16.8229 0.0097 16.5242 0.0098 16.3205 0.0081 16.2909 0.0142
168.38533 -85.28428000000001 14 0.9790000000000001 nan nan 17.059 0.0726 16.8128 0.0079 16.7319 0.011000000000000001
168.490042 -85.265805 4 0.973 nan nan nan nan 17.7134 0.0104 17.4929 0.0173
168.846207 -85.229114 15 0.982 nan nan 16.7654 0.0113 16.2134 0.0067 15.9765 0.0101
169.683289 -85.194735 2 0.966 nan nan nan nan 17.3827 0.034 17.3159 0.0163
171.08371499999998 -85.444386 9 0.972 nan nan nan nan 17.3807 0.0543 17.2659 0.0191
169.860269 -85.474121 22 0.985 16.5258 0.0472 15.6479 0.008 14.7802 0.0075 14.4674 0.0086
168.321232 -85.299187 18 0.983 16.5066 0.0124 16.2276 0.0098 16.0982 0.0111 16.0472 0.0092
171.716483 -85.312169 10 0.973 nan nan 17.6648 0.0155 17.246 0.006999999999999999 17.072 0.0165
168.799905 -85.23163000000001 22 0.983 16.1241 0.0201 15.8334 0.0059 15.604000000000001 0.0061 15.5787 0.0158
169.68332 -85.194007 13 0.973 17.3413 0.0894 17.1917 0.0403 16.9956 0.0133 16.9309 0.0107
168.427476 -85.27345 24 0.992 14.0385 0.0061 13.605 0.0054 13.3513 0.0045 13.2632 0.0043
171.701405 -85.303178 4 0.963 nan nan nan nan 17.7167 0.033 17.4558 0.0146
171.612788 -85.38989000000001 8 0.977 nan nan 17.4848 0.0568 17.3944 0.0089 17.3573 0.0234
168.951082 -85.447888 11 0.982 nan nan 17.364 0.0186 16.701 0.0088 16.4486 0.01
171.138226 -85.442264 6 0.9740000000000001 nan nan nan nan 17.4074 0.0086 17.3654 0.0203
171.72143 -85.36072800000001 20 0.988 15.8769 0.0082 15.5353 0.0159 15.32 0.0046 15.2354 0.006999999999999999
170.213355 -85.474848 12 0.981 nan nan 17.4002 0.0889 16.8289 0.0071 16.6497 0.0233
171.733342 -85.314431 11 0.9790000000000001 nan nan nan nan 16.8449 0.0088 16.4398 0.0079
168.777166 -85.436929 26 0.9840000000000001 15.1398 0.0061 14.811 0.0054 14.6066 0.0063 14.5672 0.0047
168.290046 -85.369138 20 0.9890000000000001 12.668 0.0061 12.1561 0.0062 11.784 0.01 11.637 0.0068
171.73939 -85.358349 21 0.983 15.7014 0.0071 15.1639 0.0081 14.8683 0.0045 14.7559 0.0065
171.20363799999998 -85.229569 30 0.987 14.0072 0.0078 13.7742 0.0066 13.6258 0.0044 13.6017 0.0051
171.09393300000002 -85.446811 11 0.98 nan nan nan nan 17.1109 0.0159 16.8837 0.0222
171.537693 -85.406536 7 0.971 nan nan 17.4768 0.0725 17.4654 0.009000000000000001 17.5057 0.0531
168.391313 -85.395831 13 0.981 nan nan 17.4696 0.0361 16.748 0.0096 16.382 0.0106
171.122591 -85.44614 21 0.983 16.5304 0.0524 16.1966 0.0174 15.9619 0.0092 15.9219 0.0083
171.55603100000002 -85.404667 12 0.9790000000000001 nan nan 17.1842 0.018000000000000002 16.912 0.0212 16.915 0.0098
171.487653 -85.41391 18 0.982 16.7825 0.0102 16.3414 0.0528 16.0034 0.013999999999999999 15.8806 0.012
170.981497 -85.213542 6 0.97 nan nan nan nan 17.5512 0.031 17.4871 0.0207
168.21993600000002 -85.33417299999999 20 0.985 15.2439 0.0158 14.7477 0.0066 14.4199 0.0044 14.2767 0.0052
168.273062 -85.29996700000001 14 0.982 nan nan 16.9933 0.0178 16.6655 0.0204 16.4812 0.0122
171.04357199999998 -85.216511 12 0.981 nan nan 17.6511 0.0345 16.5708 0.0104 16.2061 0.0072
168.294297 -85.377718 18 0.987 15.0506 0.0064 14.6322 0.0061 14.4246 0.0048 14.3482 0.0047
168.274269 -85.37218399999999 12 0.981 16.3749 0.0107 15.9674 0.0092 15.7709 0.008 15.7057 0.0069
168.488241 -85.25788399999999 5 0.9690000000000001 nan nan nan nan 17.6938 0.008 17.6488 0.0223
170.164247 -85.478124 13 0.983 nan nan 16.7263 0.0162 16.425 0.0134 16.358 0.0111
168.40233600000002 -85.400574 14 0.982 nan nan 16.9963 0.0404 16.593 0.0131 16.4381 0.0126
168.360523 -85.393969 13 0.98 nan nan 17.2955 0.0448 17.2029 0.0114 17.2114 0.0115
171.017232 -85.454049 5 0.97 nan nan nan nan 17.6223 0.0148 17.5615 0.0473
171.407732 -85.42526099999999 14 0.981 17.2572 0.0189 16.9482 0.0106 16.7037 0.0172 16.6272 0.0107
168.607872 -85.42734899999999 25 0.986 15.0016 0.0071 14.5868 0.0048 14.2654 0.0044 14.1682 0.0041
169.250176 -85.2006 14 0.98 nan nan 17.1452 0.0406 16.9895 0.0154 16.9501 0.0119
169.438638 -85.472749 14 0.9840000000000001 16.9787 0.0193 16.0864 0.0096 15.0609 0.0076 14.6953 0.0064
168.20424599999998 -85.352287 6 0.972 nan nan nan nan 17.6129 0.0124 17.4658 0.0158
168.784931 -85.443288 5 0.9690000000000001 nan nan nan nan 17.6865 0.019 17.7122 0.0514
171.804128 -85.324698 16 0.98 nan nan 17.1045 0.0118 16.8634 0.0065 16.8191 0.0313
170.137378 -85.480437 10 0.9790000000000001 nan nan 17.5071 0.0511 17.2461 0.0086 17.1706 0.0147
170.445161 -85.190087 1 0.963 nan nan nan nan nan nan 18.8239 0.146
168.54962700000002 -85.245213 17 0.98 nan nan 16.935 0.0573 16.7555 0.0166 16.7019 0.0114
169.233698 -85.468187 17 0.983 16.7181 0.0171 16.2165 0.0131 15.9737 0.0065 15.9042 0.0073
171.262098 -85.227562 21 0.982 16.6182 0.0224 16.2738 0.0329 16.0855 0.0099 16.0188 0.006999999999999999
171.572297 -85.41050200000001 12 0.98 nan nan 17.484 0.0241 17.1185 0.0261 17.0609 0.0248
171.82976000000002 -85.333477 4 0.955 nan nan nan nan 17.8617 0.0099 17.6776 0.0459
168.169814 -85.34206800000001 12 0.98 nan nan 17.1055 0.0107 17.0241 0.0084 16.9691 0.0098
171.819289 -85.354508 11 0.977 nan nan 17.4732 0.0192 17.2837 0.0103 17.2201 0.0337
170.650514 -85.473116 19 0.983 16.0936 0.0078 15.7696 0.0225 15.5694 0.0083 15.5477 0.006999999999999999
168.34841699999998 -85.270246 12 0.976 nan nan 17.3612 0.0117 16.9052 0.0092 16.7419 0.0118
171.811486 -85.309179 21 0.9890000000000001 11.907 0.008 11.6716 0.0061 11.5476 0.0056 11.5302 0.0053
168.468991 -85.251751 5 0.966 nan nan nan nan 17.4888 0.0359 17.4087 0.012
169.74948899999998 -85.481872 6 0.963 nan nan 17.1735 0.077 16.8233 0.0751 16.7353 0.017
169.88179 -85.183328 1 0.9670000000000001 nan nan nan nan nan nan 18.7514 0.071
169.333381 -85.19329499999999 6 0.963 nan nan nan nan 17.8803 0.0191 17.4084 0.0356
171.59432900000002 -85.411744 12 0.9790000000000001 nan nan 17.3865 0.0529 17.1725 0.0104 17.0672 0.0426
170.37989199999998 -85.186008 20 0.98 17.1916 0.1172 17.0362 0.0483 16.8012 0.0198 16.7875 0.0323
168.624933 -85.23333000000001 9 0.972 nan nan nan nan 17.5082 0.0179 17.0961 0.012
168.80480500000002 -85.218875 11 0.98 nan nan 17.4652 0.0217 17.1301 0.0078 16.9978 0.0093
168.72994599999998 -85.444597 14 0.978 nan nan 17.3143 0.0223 17.2411 0.0235 17.2272 0.0215
170.70321 -85.47363 17 0.983 17.1814 0.0149 16.2872 0.0137 15.6527 0.0051 15.4008 0.0101
169.237322 -85.195656 14 0.98 nan nan 17.607 0.0196 16.987000000000002 0.0262 16.7021 0.0102
171.86089099999998 -85.345612 14 0.982 nan nan 16.6473 0.0192 16.2357 0.0085 16.0879 0.0069
169.265678 -85.473617 18 0.982 16.565 0.0189 16.3434 0.0113 16.1407 0.019 16.1222 0.0055
168.58801699999998 -85.434942 12 0.981 nan nan 17.1706 0.0104 16.7635 0.0133 16.675 0.0086
169.099789 -85.467812 3 0.9740000000000001 nan nan nan nan 17.537 0.0102 17.4227 0.0176
169.25491200000002 -85.193625 7 0.973 nan nan nan nan 17.5183 0.0095 17.4335 0.0112
169.427009 -85.478943 0 0.9540000000000001 nan nan nan nan nan nan nan nan
171.256799 -85.220481 20 0.983 15.937000000000001 0.0403 15.5119 0.0074 15.274000000000001 0.0048 15.1871 0.006999999999999999
168.243271 -85.280383 19 0.983 16.5177 0.0074 15.8979 0.0464 15.5868 0.0173 15.4532 0.0083
170.41870600000001 -85.18403599999999 13 0.982 nan nan nan nan 17.2123 0.0208 16.811 0.015
170.90769 -85.199558 14 0.983 16.9881 0.1139 16.7182 0.0255 16.4918 0.0054 16.4434 0.0109
171.68514299999998 -85.266592 22 0.983 16.3102 0.0146 16.0044 0.0108 15.7894 0.0064 15.7363 0.0042
170.885085 -85.46935500000001 1 0.983 nan nan nan nan nan nan 18.7018 0.1029
168.293959 -85.269664 11 0.981 nan nan nan nan 17.2677 0.0127 16.7542 0.0223
171.119396 -85.210369 5 0.951 nan nan nan nan 18.0744 0.0154 17.1727 0.0069
170.97388899999999 -85.20224 4 0.9740000000000001 nan nan nan nan 17.7959 0.0732 17.7488 0.0808
171.25051200000001 -85.219021 15 0.981 16.8159 0.0129 16.2882 0.0192 15.9261 0.0078 15.765 0.0084
170.025922 -85.487248 16 0.982 16.8526 0.0301 16.4839 0.0401 16.3522 0.0084 16.3195 0.0087
168.43163700000002 -85.248812 23 0.985 14.7078 0.0143 14.397 0.0086 14.2359 0.0091 14.1898 0.0044
171.16432700000001 -85.455904 30 0.9940000000000001 13.0942 0.0097 12.9295 0.0054 12.8903 0.004 12.9183 0.0044
169.369568 -85.187924 17 0.981 nan nan 16.8342 0.0152 16.3635 0.0101 16.1828 0.0152
171.904071 -85.339903 18 0.983 16.2769 0.0398 16.0583 0.0159 15.9084 0.0056 15.8748 0.0054
169.51146599999998 -85.183097 4 0.978 nan nan nan nan 18.6146 0.012 18.3681 0.0154
168.10083 -85.354612 7 0.977 nan nan 17.5043 0.0306 17.4532 0.0177 17.3334 0.0098
171.863885 -85.299318 7 0.961 nan nan nan nan 17.7356 0.0126 17.2379 0.0307
171.695193 -85.408242 11 0.98 nan nan 17.2226 0.0096 17.0201 0.0081 16.9791 0.0149
168.44352800000001 -85.426621 12 0.982 nan nan 16.9348 0.0107 16.2511 0.0055 15.9935 0.0052
171.164423 -85.209902 11 0.973 nan nan nan nan 17.2923 0.0067 16.9476 0.0365
170.783466 -85.476644 7 0.965 nan nan nan nan 17.5318 0.0083 17.3805 0.036000000000000004
168.126728 -85.371863 29 0.9890000000000001 13.9037 0.0832 13.7718 0.0796 13.7305 0.0476 13.751 0.05
171.688736 -85.41134100000001 20 0.983 16.1913 0.0071 15.9315 0.0173 15.696 0.009000000000000001 15.6623 0.0183
168.710381 -85.21721 18 0.985 14.5984 0.006 14.0006 0.0065 13.6332 0.0065 13.4673 0.0056
168.38412 -85.24862399999999 5 0.968 nan nan nan nan 17.817999999999998 0.0111 17.4044 0.0255
171.76239099999998 -85.400522 23 0.991 14.1673 0.0053 13.5822 0.0066 13.1821 0.005 13.0044 0.0054
171.235569 -85.213177 22 0.983 14.7435 0.0229 14.2939 0.0058 13.9718 0.0047 13.8476 0.0045
170.276638 -85.177359 24 0.9840000000000001 15.0379 0.0057 14.6689 0.011000000000000001 14.4284 0.0041 14.357000000000001 0.004
168.782446 -85.457402 16 0.983 16.8911 0.0196 16.1484 0.0216 15.4915 0.0052 15.2606 0.0055
171.578936 -85.24269100000001 22 0.983 15.8567 0.0101 15.5716 0.0192 15.3745 0.0117 15.3447 0.0049
168.352738 -85.419781 4 0.971 nan nan nan nan 17.905 0.0088 17.8378 0.0616
171.09616499999998 -85.20310400000001 5 0.971 nan nan nan nan 17.5619 0.0457 17.4558 0.0093
168.050875 -85.344003 8 0.968 nan nan nan nan 17.6541 0.0311 17.1658 0.039
169.676492 -85.489985 4 0.973 nan nan 17.5419 0.0245 17.2924 0.0678 17.0859 0.0173
168.82922 -85.461392 4 0.975 nan nan nan nan 17.5863 0.0097 17.5242 0.0102
170.620285 -85.484282 9 0.97 nan nan nan nan 17.4159 0.0208 17.2413 0.016
170.895221 -85.475167 29 0.992 14.6128 0.0137 14.1869 0.0101 13.937999999999999 0.0045 13.8585 0.0044
170.56708700000001 -85.485972 21 0.982 16.8696 0.019 16.5815 0.019 16.3834 0.0128 16.3882 0.0276
171.953158 -85.347774 17 0.988 14.769 0.0063 14.2332 0.0084 13.8803 0.0075 13.7246 0.0072
168.84671200000003 -85.20523 21 0.983 15.0341 0.0195 14.5942 0.0103 14.2832 0.0046 14.1464 0.0083
169.691774 -85.491148 2 0.97 nan nan nan nan 17.7651 0.0119 17.632 0.0301
168.044692 -85.320954 20 0.983 17.2937 0.0261 16.6406 0.0091 16.2466 0.0132 16.0774 0.0068
168.99069 -85.196974 17 0.983 15.5905 0.0086 15.1001 0.0055 14.8003 0.0047 14.6686 0.0064
171.028777 -85.197926 22 0.985 14.1527 0.01 13.913 0.0142 13.777999999999999 0.0069 13.7683 0.0044
171.839707 -85.392034 4 0.973 nan nan nan nan 17.6162 0.0208 17.5058 0.0129
169.614398 -85.176621 17 0.983 15.8575 0.0167 15.3686 0.0144 15.0064 0.0064 14.8813 0.0067
168.17048 -85.27649 16 0.983 17.1723 0.0154 16.4127 0.0219 15.8233 0.0151 15.5705 0.0086
171.562963 -85.43288000000001 8 0.975 nan nan nan nan 17.2676 0.0081 17.0463 0.0128
170.059415 -85.493696 4 0.966 nan nan nan nan 18.0143 0.0382 17.5196 0.0322
168.518876 -85.440936 18 0.981 16.8487 0.0396 16.6148 0.0218 16.4125 0.006999999999999999 16.3488 0.0065
168.441091 -85.43345699999999 5 0.978 nan nan nan nan 17.5186 0.0075 17.509 0.0204
171.422027 -85.223464 4 0.972 nan nan nan nan 17.9252 0.0087 17.7378 0.036000000000000004
168.644038 -85.217739 6 0.976 nan nan 17.3642 0.0402 17.4247 0.0089 17.4194 0.0418
171.8909 -85.382637 15 0.982 17.1031 0.0158 16.6902 0.0084 16.4569 0.0084 16.3747 0.0215
168.031969 -85.35275899999999 23 0.983 16.0511 0.0143 15.6801 0.0087 15.4821 0.0047 15.4197 0.008
169.532431 -85.490023 7 0.98 nan nan 17.3846 0.0206 17.0201 0.0115 17.0028 0.0247
168.107128 -85.383279 11 0.976 nan nan 17.4094 0.015 17.2741 0.0079 17.2181 0.0325
170.605352 -85.180091 16 0.9790000000000001 nan nan 16.8632 0.0141 16.6923 0.0114 16.5533 0.0103
171.980525 -85.328234 7 0.9690000000000001 nan nan nan nan 17.5598 0.017 17.365 0.0446
171.97904499999999 -85.324365 6 0.97 nan nan nan nan 17.5536 0.0267 17.3973 0.0254
169.166923 -85.48040300000001 4 0.9590000000000001 nan nan nan nan 17.8687 0.0105 17.7139 0.0142
170.033805 -85.171749 18 0.982 16.0226 0.0161 15.7602 0.0187 15.5697 0.0078 15.523 0.0091
169.89813999999998 -85.494989 3 0.965 nan nan nan nan 17.6874 0.0135 17.5821 0.042
171.959627 -85.30703100000001 17 0.982 16.8104 0.0104 16.5253 0.0084 16.402 0.0081 16.3452 0.0228
171.729839 -85.41586600000001 4 0.953 nan nan nan nan 18.0648 0.0142 17.9664 0.0534
171.98514699999998 -85.354509 17 0.983 15.74 0.0195 15.4127 0.0067 15.2339 0.0048 15.1941 0.005
170.492291 -85.491031 4 0.971 nan nan nan nan 17.6667 0.0303 17.607 0.0402
171.926544 -85.37928199999999 17 0.987 14.9036 0.0061 14.4388 0.0074 14.1827 0.0044 14.0897 0.0043
169.860467 -85.495603 13 0.981 nan nan 17.1932 0.01 16.8374 0.0226 16.7042 0.0104
171.79493 -85.263864 24 0.998 13.5163 0.0298 13.3112 0.0533 13.1381 0.0394 13.1155 0.0418
171.993325 -85.32040699999999 9 0.977 nan nan nan nan 17.1934 0.0261 16.6884 0.0095
167.99713 -85.329892 23 0.983 16.3714 0.0216 15.9276 0.0064 15.7204 0.0047 15.6342 0.0087
169.37266200000002 -85.178765 4 0.976 nan nan nan nan 17.947 0.023 17.6614 0.0318
168.149485 -85.272733 19 0.982 16.9846 0.01 16.5525 0.0103 16.4611 0.0188 16.3537 0.0116
170.006597 -85.496607 17 0.9840000000000001 16.2405 0.008 15.7626 0.0299 15.5074 0.0084 15.4028 0.0107
170.593823 -85.177286 19 0.98 17.051 0.0134 16.4965 0.0323 16.1774 0.006999999999999999 16.0415 0.006
167.99246100000002 -85.346154 17 0.98 nan nan 17.1506 0.0474 16.8649 0.0053 16.701 0.032
169.096363 -85.187608 27 0.985 15.0597 0.0077 14.8025 0.0057 14.644 0.0051 14.6055 0.0049
171.29713700000002 -85.209244 0 0.971 nan nan nan nan nan nan nan nan
172.015962 -85.334696 2 0.9690000000000001 nan nan nan nan 17.6697 0.0117 17.5648 0.0165
170.287122 -85.171049 12 0.978 nan nan 17.5176 0.0262 17.1436 0.0208 17.021 0.0137
172.006278 -85.317048 0 0.988 nan nan nan nan nan nan nan nan
171.575404 -85.438063 23 0.993 13.9682 0.0064 13.5807 0.0074 13.3444 0.0049 13.2597 0.0043
169.51759099999998 -85.49325400000001 1 0.985 nan nan nan nan nan nan 18.9016 0.139
171.328052 -85.210291 6 0.961 nan nan nan nan 17.6049 0.0089 17.4594 0.0085
168.045165 -85.293058 22 0.983 16.975 0.026000000000000002 16.5374 0.0272 16.2524 0.0084 16.1473 0.0152
169.210111 -85.18204300000001 19 0.982 17.0002 0.0149 16.4667 0.0329 16.2031 0.0107 16.089000000000002 0.0131
168.67054199999998 -85.459224 6 0.978 nan nan 17.6469 0.025 17.5017 0.0174 17.371 0.0178
170.698111 -85.17861500000001 4 0.956 nan nan nan nan 17.9884 0.0094 17.8749 0.0181
169.151112 -85.18354699999999 12 0.98 nan nan 17.146 0.0106 16.9816 0.0122 16.9114 0.0071
168.055824 -85.385599 8 0.9540000000000001 nan nan nan nan 17.5154 0.0614 17.2787 0.0131
168.028084 -85.293879 4 0.966 nan nan nan nan 17.6619 0.0242 17.3661 0.0566
171.921895 -85.279978 14 0.981 nan nan 16.8947 0.0142 16.5719 0.0084 16.4332 0.0174
172.032222 -85.320398 14 0.977 16.9291 0.0231 16.6204 0.0104 16.4328 0.0202 16.3693 0.0083
168.486671 -85.22341800000001 26 0.992 14.4898 0.0112 14.0813 0.0091 13.7753 0.0055 13.6598 0.004
171.399722 -85.456462 14 0.98 17.2493 0.0138 17.0501 0.027000000000000003 16.8237 0.0077 16.7761 0.0176
168.69073500000002 -85.20619599999999 11 0.975 nan nan nan nan 17.2734 0.0212 16.859 0.0155
170.92971 -85.482765 9 0.9790000000000001 nan nan nan nan 17.1384 0.0308 16.8238 0.0114
167.94391399999998 -85.334355 5 0.963 nan nan nan nan 17.5956 0.0114 17.4892 0.0113
169.04145400000002 -85.481983 8 0.978 nan nan 17.3773 0.0137 17.0863 0.0285 16.9394 0.0139
168.767886 -85.200333 5 0.956 nan nan nan nan 17.813 0.0127 17.7828 0.0177
168.33579699999999 -85.23678100000001 12 0.9790000000000001 nan nan 17.4477 0.0183 17.0296 0.0139 16.8128 0.008
172.044996 -85.356832 18 0.983 16.3261 0.0103 15.8415 0.0089 15.5277 0.0081 15.4234 0.0077
169.004803 -85.187211 18 0.983 15.8651 0.0138 15.5489 0.006 15.3452 0.0053 15.2916 0.0255
169.668308 -85.167916 1 0.958 nan nan nan nan nan nan 17.9904 0.0489
170.28211399999998 -85.49961400000001 12 0.986 17.0853 0.0245 16.4419 0.0482 15.9901 0.0065 15.7968 0.009000000000000001
172.063219 -85.335584 17 0.9840000000000001 16.1911 0.0126 15.7763 0.0106 15.5539 0.0094 15.4426 0.0064
171.695776 -85.23978100000001 1 0.958 nan nan nan nan 19.4982 0.0794 nan nan
168.512111 -85.45138399999999 15 0.985 17.1601 0.0141 16.3266 0.0163 15.5481 0.0051 15.2614 0.0053
168.075344 -85.397481 10 0.9790000000000001 nan nan nan nan 17.0662 0.009000000000000001 16.8061 0.0139
170.770703 -85.177552 9 0.978 nan nan nan nan 17.354 0.0237 16.9365 0.0267
167.943145 -85.315802 19 0.985 15.7491 0.0136 15.4238 0.0117 15.2434 0.0051 15.1891 0.0067
171.67136599999998 -85.434986 18 0.986 15.3258 0.0066 14.5673 0.0172 14.0245 0.0088 13.8166 0.0044
172.03285400000001 -85.369425 0 0.978 nan nan nan nan nan nan nan nan
171.508101 -85.219031 4 0.9570000000000001 nan nan nan nan 17.7056 0.0159 17.311 0.0119
170.582636 -85.17152800000001 9 0.975 nan nan nan nan 17.3188 0.0131 17.2122 0.0226
169.227975 -85.490545 16 0.9840000000000001 16.6033 0.0151 15.9386 0.009000000000000001 15.4943 0.005 15.3272 0.0066
167.91849399999998 -85.335323 4 0.96 nan nan nan nan 17.8204 0.0091 17.79 0.0199
169.73643 -85.501598 4 0.976 nan nan nan nan 17.3438 0.0485 17.2854 0.0339
170.62719199999998 -85.495455 1 0.971 nan nan nan nan nan nan 18.849 0.1441
168.780254 -85.472323 4 0.961 nan nan nan nan 18.3865 0.0437 18.0455 0.0151
171.17820700000001 -85.193721 31 0.986 14.027999999999999 0.0073 13.7444 0.006999999999999999 13.5846 0.004 13.5619 0.004
171.021347 -85.185574 17 0.983 16.2955 0.0126 16.0111 0.0161 15.8332 0.0056 15.7876 0.0061
168.75421 -85.197684 4 0.9520000000000001 nan nan nan nan 17.859 0.0137 17.7008 0.0547
171.465856 -85.213391 14 0.981 nan nan 17.5229 0.0142 16.6681 0.0094 16.3207 0.0098
169.607045 -85.500753 2 0.971 nan nan nan nan 17.8163 0.0185 17.5167 0.0202
171.675741 -85.43772299999999 6 0.975 nan nan nan nan 17.4099 0.0151 17.2297 0.012
168.678952 -85.467187 5 0.977 nan nan nan nan 17.7009 0.0144 17.5924 0.0165
167.92885800000002 -85.364222 23 0.985 16.5054 0.0107 16.0675 0.0064 15.7631 0.008 15.6722 0.0074
171.00296 -85.484169 13 0.98 nan nan 17.2146 0.0304 17.0843 0.0377 17.0337 0.0148
170.324053 -85.502339 4 0.973 nan nan nan nan 17.6996 0.0203 17.3309 0.0144
170.168859 -85.503799 1 0.9690000000000001 nan nan nan nan nan nan 18.7598 0.0841
168.205984 -85.42505600000001 4 0.983 nan nan nan nan 15.5658 0.0146 15.503 0.0148
171.41362900000001 -85.46174 11 0.975 nan nan nan nan 17.3622 0.0218 17.2757 0.0141
168.914059 -85.187364 17 0.982 16.8511 0.0427 16.3448 0.0077 15.9709 0.0207 15.8003 0.0161
171.82274099999998 -85.249176 17 0.9840000000000001 15.5367 0.0172 15.0267 0.0062 14.6253 0.0091 14.4567 0.0067
171.88433 -85.25849699999999 18 0.983 15.538 0.0077 15.014000000000001 0.0067 14.727 0.0077 14.607000000000001 0.0048
169.812249 -85.504574 16 0.993 13.4197 0.0081 13.1191 0.0081 12.9546 0.0082 12.9297 0.0064
167.89068899999998 -85.323633 20 0.983 15.543 0.0067 15.2657 0.006 15.1065 0.0045 15.0669 0.0086
168.20205 -85.426253 25 0.991 14.2387 0.0201 13.8599 0.0154 13.5575 0.0115 13.478 0.011000000000000001
169.20791599999998 -85.493422 1 0.977 nan nan nan nan nan nan 18.7952 0.0869
167.903831 -85.311725 19 0.985 15.6598 0.006999999999999999 15.3051 0.0057 15.082 0.0045 15.0184 0.0088
170.783141 -85.173668 17 0.993 16.5316 0.0405 15.949000000000002 0.0136 15.5746 0.0109 15.4271 0.0082
167.99243 -85.281102 6 0.968 nan nan nan nan 17.8078 0.0107 17.4201 0.0388
168.510577 -85.212325 23 0.9840000000000001 15.472000000000001 0.0093 15.0971 0.0097 14.9153 0.0061 14.8618 0.0041
167.941435 -85.37759799999999 5 0.966 nan nan nan nan 17.6941 0.0135 17.5583 0.0182
170.014593 -85.50605300000001 5 0.9670000000000001 nan nan nan nan 17.5403 0.0188 17.3079 0.0218
171.195191 -85.477475 15 0.981 nan nan 17.2025 0.0344 16.9578 0.0233 16.8512 0.0138
168.982767 -85.48606099999999 13 0.981 17.0163 0.0394 16.6591 0.0071 16.4725 0.0084 16.3798 0.0063
168.04934599999999 -85.266534 22 0.983 15.61 0.0089 15.3515 0.0076 15.2099 0.0117 15.1828 0.0062
170.925145 -85.177666 14 0.982 16.9438 0.0646 16.4281 0.0593 16.1103 0.0107 15.998 0.0091
168.38976 -85.221414 8 0.976 nan nan nan nan 17.5628 0.0208 17.4802 0.0309
169.722568 -85.505434 4 0.982 nan nan 17.0403 0.028999999999999998 16.8228 0.0411 16.8761 0.0184
171.237671 -85.19296800000001 4 0.963 nan nan nan nan 17.8763 0.0315 17.7891 0.0326
171.649027 -85.445534 10 0.98 nan nan 17.3577 0.0639 17.0537 0.0061 16.9347 0.0091
169.654133 -85.161754 9 0.981 nan nan nan nan 17.0691 0.0303 16.4372 0.0165
171.719207 -85.43941099999999 22 0.985 15.2136 0.0201 14.6431 0.0138 14.2898 0.0045 14.1558 0.0052
168.172423 -85.426748 4 0.9520000000000001 nan nan nan nan 18.1532 0.0261 18.0027 0.0474
168.77571899999998 -85.477925 12 0.977 nan nan 17.4585 0.0146 17.2871 0.0397 17.2102 0.0103
170.324656 -85.506155 12 0.9840000000000001 15.7038 0.0287 15.394 0.0112 15.1991 0.009000000000000001 15.1706 0.0058
168.572544 -85.465413 15 0.982 nan nan 16.8937 0.0353 16.6558 0.0152 16.6197 0.0132
169.169741 -85.172432 13 0.9740000000000001 nan nan 17.552 0.1071 17.2492 0.0125 17.1546 0.0201
172.139337 -85.354688 11 0.975 nan nan 17.3211 0.0582 17.1296 0.006999999999999999 17.0633 0.0097
171.50153400000002 -85.20956899999999 13 0.9640000000000001 nan nan 17.4044 0.0368 17.3059 0.0131 17.3097 0.0085
167.989789 -85.273596 25 0.987 15.3011 0.0065 14.9874 0.0056 14.8353 0.0084 14.7977 0.0045
171.254291 -85.192122 4 0.9590000000000001 nan nan nan nan 17.7538 0.0086 17.7168 0.0473
170.134859 -85.508416 9 0.9790000000000001 16.6083 0.0931 16.6404 0.0113 16.665 0.0101 16.664 0.0173
168.10404599999998 -85.25161700000001 25 0.985 15.044 0.0088 14.6215 0.0076 14.3438 0.0078 14.2212 0.0075
168.59362 -85.201091 22 0.983 16.1433 0.0107 15.8108 0.0135 15.5974 0.0126 15.5259 0.0056
170.614614 -85.164917 18 0.981 17.0376 0.0152 16.7348 0.0195 16.5046 0.0139 16.4696 0.0061
170.77607 -85.498039 5 0.9620000000000001 nan nan nan nan 17.7814 0.0108 17.3932 0.0381
171.848952 -85.427284 13 0.9790000000000001 nan nan 17.3386 0.0195 17.0418 0.0186 16.9352 0.0192
168.859523 -85.184256 25 0.9840000000000001 15.1911 0.0218 15.3509 0.0101 15.5729 0.0076 15.6457 0.0062
170.144047 -85.15723100000001 22 0.982 16.7368 0.0466 16.3297 0.0096 16.0468 0.0124 15.8977 0.0049
167.880642 -85.29797099999999 4 0.955 nan nan nan nan 17.8927 0.0382 17.7417 0.0207
167.871399 -85.300165 18 0.981 16.8568 0.0189 16.4733 0.0185 16.3492 0.0063 16.3085 0.0065
169.603505 -85.159454 13 0.982 17.2721 0.023 16.8864 0.0402 16.5179 0.0176 16.4133 0.0089
172.173555 -85.326824 27 0.987 14.652000000000001 0.0099 14.345999999999998 0.0062 14.1785 0.0061 14.1336 0.006
171.33523 -85.474634 9 0.9740000000000001 nan nan 17.4688 0.0164 17.4714 0.0208 17.4005 0.0206
171.299251 -85.192256 21 0.983 15.8081 0.0197 15.342 0.0075 15.0878 0.0106 14.9963 0.0069
170.888643 -85.495846 8 0.981 nan nan nan nan 17.057000000000002 0.0073 16.4864 0.0321
172.089551 -85.38717199999999 17 0.985 16.1586 0.0296 15.8765 0.0085 15.6894 0.0082 15.6393 0.0075
171.671774 -85.44935799999999 7 0.975 nan nan nan nan 17.5297 0.0131 17.2876 0.0367
172.063439 -85.394592 14 0.981 nan nan 17.3463 0.0293 17.2616 0.0077 17.1689 0.0199
168.029359 -85.259328 20 0.983 16.2939 0.0089 16.005 0.0067 15.7792 0.0124 15.7127 0.0105
168.639467 -85.195584 17 0.982 nan nan 16.9395 0.0116 16.6894 0.0115 16.6175 0.0099
169.324366 -85.502772 1 0.971 nan nan nan nan nan nan 18.9669 0.0663
171.142847 -85.18253299999999 1 0.951 nan nan nan nan nan nan 18.8672 0.1287
172.147025 -85.30195 20 0.986 16.0567 0.0154 15.4107 0.0174 14.9823 0.0062 14.7908 0.0068
168.27996000000002 -85.225303 4 0.958 nan nan nan nan 17.6519 0.0111 17.6686 0.1094
170.313086 -85.509631 7 0.978 nan nan 16.8881 0.1033 16.5677 0.019 16.5301 0.0085
171.999897 -85.409297 4 0.963 nan nan nan nan 17.8331 0.0143 17.7421 0.0226
171.910761 -85.423536 18 0.983 16.3306 0.0213 15.9601 0.0077 15.7532 0.0074 15.6659 0.0141
172.194305 -85.339378 13 0.976 nan nan 17.3799 0.0272 17.2248 0.0114 17.1666 0.0111
167.857987 -85.37567299999999 9 0.972 nan nan nan nan 17.5495 0.0162 17.2367 0.0147
171.04761100000002 -85.491076 11 0.98 nan nan 17.4532 0.0243 17.1939 0.0277 17.1547 0.0132
169.87652 -85.154984 17 0.982 nan nan 16.8898 0.0264 16.4033 0.0155 16.206 0.0145
168.192039 -85.437279 17 0.981 17.1548 0.0315 16.7493 0.0418 16.5349 0.0182 16.4572 0.0133
169.01775800000001 -85.173925 15 0.981 16.9272 0.0229 16.622 0.0232 16.4911 0.0076 16.4478 0.0109
171.231032 -85.186102 26 0.997 13.2059 0.0061 12.8335 0.0098 12.6086 0.0057 12.5491 0.0044
167.93486299999998 -85.398494 11 0.978 nan nan nan nan 17.1883 0.0155 16.9043 0.0184
168.964318 -85.492641 5 0.9690000000000001 nan nan nan nan 17.5131 0.0356 17.3015 0.0651
172.20881599999998 -85.332258 13 0.978 nan nan 17.2854 0.0137 17.0647 0.0186 16.9659 0.0164
167.908935 -85.394723 16 0.9840000000000001 nan nan 16.8816 0.01 16.3014 0.0067 16.0315 0.0064
172.185525 -85.367063 12 0.978 nan nan 17.2978 0.0309 17.2269 0.0074 17.1832 0.0175
171.066057 -85.49235 4 0.956 nan nan nan nan 17.9781 0.0462 17.8302 0.039
168.815247 -85.486882 14 0.983 17.0213 0.0186 16.1219 0.0089 15.5241 0.0061 15.2792 0.0087
168.052931 -85.249104 6 0.9670000000000001 nan nan nan nan 17.633 0.0131 17.407 0.0297
169.975928 -85.514098 8 0.981 nan nan 16.6834 0.011000000000000001 16.506 0.0355 16.4706 0.0126
170.429697 -85.510887 4 0.9790000000000001 nan nan nan nan 17.1746 0.0101 16.6918 0.0198
172.058931 -85.267524 17 0.98 nan nan 17.1675 0.0309 16.682000000000002 0.0209 16.4379 0.0132
170.893741 -85.168059 14 0.983 16.6194 0.0461 16.2628 0.0371 15.9812 0.0051 15.9005 0.0065
170.280404 -85.513124 7 0.9790000000000001 nan nan 17.0713 0.0133 16.8281 0.011000000000000001 16.7588 0.0162
168.101644 -85.431117 7 0.976 nan nan nan nan 17.6064 0.0323 17.0329 0.0155
171.530316 -85.467058 17 0.983 16.2703 0.0429 15.844000000000001 0.0091 15.6105 0.005 15.526 0.0104
171.909091 -85.430219 18 0.983 16.5348 0.0129 16.2124 0.016 16.0272 0.0075 15.9791 0.0142
169.031565 -85.170226 22 0.983 14.2942 0.021 14.0785 0.008 13.9393 0.008 13.9078 0.0112
171.143226 -85.178108 21 0.983 16.5787 0.0248 16.0199 0.008 15.7068 0.0059 15.589 0.0048
170.312652 -85.15299999999999 14 0.9790000000000001 nan nan 17.119 0.0167 16.8913 0.0174 16.8383 0.0135
168.948839 -85.172927 2 0.961 nan nan nan nan 17.762 0.0105 17.8539 0.0352
171.82988999999998 -85.441327 20 0.983 16.6156 0.022000000000000002 16.4199 0.022000000000000002 16.2082 0.0055 16.1541 0.0202
171.67378200000002 -85.213599 20 0.982 16.932000000000002 0.0205 16.5596 0.0161 16.3615 0.0099 16.3025 0.0076
169.38868 -85.509362 14 0.9840000000000001 15.5882 0.0156 15.3234 0.0139 15.1376 0.0108 15.1269 0.0123
168.178916 -85.22859 12 0.98 nan nan 17.1609 0.0554 16.9714 0.0101 16.9219 0.017
169.10013 -85.501802 3 0.973 nan nan nan nan 17.5768 0.0612 17.581 0.0179
171.631319 -85.208828 21 0.981 16.5908 0.0456 16.285 0.0091 16.0408 0.0066 15.9791 0.0055
171.930449 -85.240424 14 0.978 nan nan 17.2046 0.0519 17.0246 0.0115 16.9592 0.0326
169.724538 -85.150929 16 0.988 15.2852 0.0075 15.0012 0.0106 14.8538 0.0121 14.8293 0.006
170.01266 -85.51777 3 0.965 nan nan nan nan 17.4825 0.0321 17.2708 0.019
167.800208 -85.291657 16 0.981 nan nan 16.5876 0.0092 15.8876 0.0077 15.6233 0.0078
169.79464099999998 -85.517145 8 0.981 15.8643 0.0232 15.4247 0.0174 15.0906 0.0408 15.0516 0.0234
167.731445 -85.33363 17 0.9840000000000001 16.03 0.0165 15.1995 0.0127 14.5559 0.0063 14.3148 0.0053
171.414083 -85.189913 13 0.9740000000000001 nan nan 17.4998 0.0254 17.3533 0.0163 17.2933 0.0315
172.264419 -85.356936 9 0.98 nan nan 17.7145 0.0407 17.3763 0.0088 17.3032 0.0284
171.987751 -85.245654 15 0.983 16.2053 0.0083 15.8212 0.0095 15.6122 0.0156 15.5238 0.0066
171.1025 -85.172064 13 0.978 nan nan 17.455 0.0208 17.2232 0.0142 17.1118 0.0305
167.75735500000002 -85.304222 29 0.9840000000000001 14.5157 0.0095 14.0848 0.0054 13.7782 0.0042 13.6587 0.0051
170.420896 -85.150992 20 0.9840000000000001 16.3399 0.0166 15.7702 0.0064 15.3821 0.0046 15.2187 0.0044
170.500576 -85.152353 10 0.9670000000000001 nan nan nan nan 17.4284 0.0627 17.305999999999997 0.0398
169.175875 -85.507038 11 0.98 nan nan 17.132 0.0397 16.9936 0.0116 16.9367 0.0191
169.98175 -85.147552 20 0.983 16.1377 0.0198 15.6513 0.0145 15.3638 0.0112 15.2212 0.0053
167.721373 -85.324111 5 0.953 nan nan nan nan 17.8798 0.0142 17.6111 0.0182
167.806345 -85.284961 27 0.988 15.2239 0.0059 14.8741 0.0129 14.7009 0.0052 14.6515 0.0067
168.848952 -85.495114 19 0.9890000000000001 13.6945 0.0235 13.1692 0.0071 12.8048 0.0068 12.6691 0.0055
170.220067 -85.51887099999999 12 0.9840000000000001 13.8572 0.015 13.0367 0.008 12.4149 0.0296 12.2092 0.0098
169.86135 -85.147286 5 0.9670000000000001 nan nan nan nan 17.6386 0.0178 17.4527 0.0154
171.39418700000002 -85.186763 12 0.9790000000000001 nan nan 17.4224 0.0118 17.1612 0.0087 16.9741 0.0218
172.27756599999998 -85.315673 18 0.981 17.083 0.0223 16.817 0.006999999999999999 16.6358 0.0129 16.5923 0.0085
168.40853700000002 -85.469975 5 0.9640000000000001 nan nan nan nan 17.7336 0.0356 17.4142 0.0661
172.02488200000002 -85.424656 14 0.9840000000000001 16.9865 0.0251 16.1513 0.0099 15.3357 0.0067 15.0244 0.005
171.485015 -85.192205 10 0.976 nan nan 17.5655 0.0358 17.3847 0.0082 17.3103 0.0203
167.95519199999998 -85.250866 22 0.9840000000000001 16.317 0.0184 15.8794 0.011000000000000001 15.6049 0.0052 15.5087 0.0084
172.160987 -85.272611 7 0.97 nan nan nan nan 17.3995 0.0078 17.3202 0.0218
171.681903 -85.463272 18 0.983 15.7931 0.032 15.5018 0.0084 15.3069 0.0057 15.2348 0.0104
168.694978 -85.18005500000001 9 0.971 nan nan 17.5382 0.0218 17.4491 0.0077 17.3588 0.0194
168.799782 -85.494639 10 0.981 nan nan 16.7987 0.0148 16.653 0.0414 16.6598 0.0511
168.240779 -85.45729 11 0.9790000000000001 nan nan 17.1232 0.0695 16.8354 0.0159 16.743 0.0301
169.221629 -85.156651 6 0.9570000000000001 nan nan nan nan 17.8193 0.0496 17.3995 0.0218
170.86298100000002 -85.508402 3 0.973 nan nan nan nan 17.4673 0.0209 17.3998 0.0313
168.445512 -85.195257 22 0.9840000000000001 15.2229 0.0158 14.8519 0.0079 14.6212 0.0053 14.5572 0.0044
171.560223 -85.47457299999999 7 0.9690000000000001 nan nan nan nan 17.3102 0.048 17.0871 0.0103
168.921092 -85.16714 0 0.9790000000000001 nan nan nan nan nan nan nan nan
171.601662 -85.198626 4 0.968 nan nan nan nan 17.6401 0.0233 17.5237 0.0603
168.024586 -85.435209 26 0.99 13.6964 0.0298 12.9682 0.032 12.6323 0.023 12.4647 0.0167
168.105547 -85.226799 20 0.983 16.816 0.0258 16.4118 0.0218 16.0594 0.0122 15.9495 0.0049
168.968696 -85.164659 17 0.983 16.7203 0.0184 15.911 0.0134 15.2815 0.0092 15.0554 0.0137
167.672799 -85.335363 15 0.981 17.1101 0.0128 16.7776 0.0125 16.588 0.0127 16.5246 0.0091
170.77383799999998 -85.15515699999999 5 0.9740000000000001 nan nan nan nan 17.6469 0.0087 17.427 0.0172
171.79384199999998 -85.456857 20 0.982 16.8193 0.0348 16.6369 0.024 16.4376 0.0173 16.3786 0.0094
171.300572 -85.176877 14 0.98 nan nan 17.1066 0.0659 17.0138 0.0254 16.9297 0.0079
167.671007 -85.351556 11 0.9790000000000001 nan nan 17.1758 0.0643 17.0444 0.0093 16.9667 0.0086
170.355228 -85.145593 11 0.977 nan nan 17.4895 0.015 17.334 0.0129 17.3433 0.0231
168.008116 -85.43581999999999 11 0.9840000000000001 nan nan 14.5512 0.0156 14.4366 0.0081 14.4213 0.0121
170.527916 -85.14815899999999 9 0.977 nan nan nan nan 17.3688 0.0078 17.1052 0.0171
172.336513 -85.34696600000001 20 0.98 16.9068 0.0095 16.7396 0.0231 16.4946 0.0096 16.4649 0.0131
172.31241699999998 -85.36704300000001 20 0.983 15.6266 0.0104 15.2014 0.0119 14.8841 0.0048 14.7657 0.008
168.124664 -85.221799 23 0.982 15.9281 0.0255 15.6953 0.0185 15.5493 0.0052 15.5178 0.0066
171.905791 -85.446554 23 0.983 15.5395 0.0135 15.2923 0.0176 15.1535 0.0058 15.1203 0.006999999999999999
169.936729 -85.523794 2 0.9640000000000001 nan nan nan nan 17.6899 0.0106 17.5154 0.0162
171.46504 -85.483571 15 0.995 17.1456 0.0615 16.6891 0.0392 16.4126 0.0056 16.3412 0.0354
167.693679 -85.302205 9 0.9790000000000001 nan nan 17.2718 0.048 17.3252 0.0081 17.2809 0.0612
170.046783 -85.142531 14 0.982 nan nan 17.2993 0.059000000000000004 16.5477 0.0078 16.1736 0.0048
172.16796499999998 -85.263572 5 0.953 nan nan nan nan 17.8184 0.0333 17.8317 0.0612
172.339048 -85.320461 19 0.966 16.8549 0.0152 16.4336 0.018000000000000002 16.169 0.0166 16.127 0.0126
167.88603899999998 -85.419974 27 0.9840000000000001 14.2656 0.0062 13.9988 0.0133 13.8352 0.0057 13.8044 0.0055
170.621104 -85.149211 15 0.98 nan nan 17.2241 0.0141 16.9237 0.0072 16.7879 0.0179
168.070621 -85.22626600000001 7 0.977 nan nan nan nan 17.5016 0.0087 17.3874 0.0097
168.64336200000002 -85.491357 13 0.985 nan nan 16.9406 0.0128 16.6663 0.0273 16.5683 0.0278
172.28566899999998 -85.384247 25 0.9890000000000001 13.8145 0.0048 13.1421 0.006999999999999999 12.6623 0.0043 12.4306 0.0044
170.792543 -85.514667 12 0.988 12.7946 0.0236 12.2626 0.0076 11.9177 0.0109 11.8032 0.0074
167.651199 -85.31729399999999 6 0.9740000000000001 nan nan nan nan 17.4827 0.0076 17.2895 0.0114
168.52829 -85.485152 17 0.986 15.9198 0.0195 15.4084 0.0079 15.0847 0.0062 14.9632 0.0055
171.650027 -85.197623 23 0.973 16.3155 0.0265 15.9093 0.0185 15.5382 0.0185 15.4601 0.011000000000000001
172.098386 -85.247901 23 0.9840000000000001 15.7387 0.0205 15.102 0.0071 14.6748 0.0044 14.5134 0.0087
168.673998 -85.175333 13 0.981 nan nan nan nan 16.9215 0.0068 16.2863 0.0069
167.886992 -85.250102 14 0.982 nan nan 17.5527 0.0127 16.5437 0.0222 16.1936 0.008
169.42676799999998 -85.520248 10 0.981 16.8691 0.0113 16.5406 0.0145 16.3887 0.0121 16.3688 0.0268
171.99998200000002 -85.439424 6 0.9620000000000001 nan nan nan nan 17.6713 0.0083 17.3985 0.0396
171.449621 -85.182076 21 0.9840000000000001 15.2898 0.0066 14.9052 0.0089 14.6759 0.0049 14.6088 0.0041
171.44777 -85.488128 5 0.975 nan nan nan nan 17.6582 0.0097 17.533 0.0139
169.873884 -85.14002099999999 28 0.9840000000000001 14.7298 0.0063 14.4782 0.0071 14.332 0.005 14.3022 0.0059
167.76468899999998 -85.403552 24 0.996 13.0508 0.0074 12.7688 0.0082 12.6174 0.005 12.585999999999999 0.0043
171.600414 -85.478607 17 0.983 16.8247 0.0224 16.2765 0.0074 15.9567 0.006999999999999999 15.8697 0.0078
172.299621 -85.286088 22 0.9840000000000001 15.8324 0.024 15.5336 0.0161 15.3618 0.0048 15.3137 0.0043
167.695266 -85.28755100000001 9 0.971 nan nan nan nan 17.5922 0.0084 17.0453 0.0304
167.904483 -85.429204 11 0.976 nan nan nan nan 16.5654 0.015 16.0406 0.0113
167.698424 -85.388731 5 0.9670000000000001 nan nan nan nan 17.6765 0.0164 17.3644 0.0115
167.71569 -85.28003100000001 4 0.9640000000000001 nan nan nan nan 17.7815 0.0122 17.7114 0.0333
172.363894 -85.365911 23 0.983 15.6852 0.0178 15.341 0.0053 15.1167 0.0041 15.0413 0.0068
168.317174 -85.197312 15 0.982 nan nan 16.6773 0.0321 15.8419 0.0057 15.4752 0.0101
172.186353 -85.257977 8 0.975 nan nan nan nan 17.5407 0.0135 17.226 0.0478
171.237108 -85.500848 12 0.985 12.5511 0.0224 11.9718 0.0078 11.6177 0.0133 11.456 0.0076
170.018779 -85.527824 10 0.983 15.8596 0.0292 15.4749 0.0079 15.2714 0.0063 15.2133 0.0065
167.962043 -85.43825600000001 11 0.98 nan nan nan nan 17.1534 0.0251 16.9179 0.0238
167.646487 -85.301222 16 0.983 17.1133 0.0338 16.584 0.0156 16.1552 0.0171 15.9986 0.0178
167.624053 -85.36255200000001 5 0.976 nan nan nan nan 17.564 0.0106 17.5062 0.0083
168.076824 -85.452321 11 0.98 nan nan 17.3632 0.0219 17.1292 0.0153 17.0882 0.0084
168.57932399999999 -85.177419 8 0.977 nan nan nan nan 17.3908 0.0169 17.073 0.0076
171.831169 -85.462213 4 0.9670000000000001 nan nan nan nan 17.8993 0.0199 17.6504 0.0158
172.362895 -85.30063 9 0.98 nan nan nan nan 17.1198 0.0069 16.6656 0.0254
172.11151 -85.430327 17 0.983 16.7222 0.0442 16.1537 0.008 15.7586 0.0082 15.6098 0.0112
167.601874 -85.318388 5 0.963 nan nan nan nan 17.7169 0.0089 17.7017 0.0121
172.19766299999998 -85.256265 13 0.98 nan nan 17.2209 0.045 17.0399 0.0066 16.9748 0.025
169.45371699999998 -85.524534 9 0.988 16.6608 0.0153 15.6827 0.0079 14.5706 0.0079 14.2055 0.0183
168.101663 -85.45760600000001 8 0.9740000000000001 nan nan 17.4393 0.0159 17.3605 0.0077 17.2562 0.0239
170.401659 -85.527394 10 0.982 16.6588 0.0484 16.2874 0.017 15.9907 0.0082 15.9356 0.0422
172.39745200000002 -85.36833100000001 20 0.983 16.8644 0.0126 16.3929 0.0074 16.14 0.0098 16.0483 0.0069
171.161695 -85.160878 19 0.981 16.9182 0.0587 16.4947 0.0227 16.3095 0.0267 16.2427 0.0129
171.096442 -85.157955 26 0.986 15.2491 0.0058 14.9663 0.0129 14.7774 0.004 14.7331 0.006
169.73331100000001 -85.136967 16 0.982 16.6668 0.0219 16.2457 0.0079 16.0885 0.0206 16.0149 0.0112
170.346473 -85.137789 21 0.982 16.6634 0.0191 16.3628 0.0069 16.2259 0.005 16.1667 0.0149
169.836653 -85.53058100000001 5 0.9790000000000001 nan nan 17.2206 0.0218 17.0114 0.0076 16.9108 0.0236
168.788617 -85.505748 21 0.985 14.655999999999999 0.0161 14.4158 0.0089 14.2745 0.0059 14.2605 0.0048
172.250577 -85.261882 1 0.9570000000000001 nan nan nan nan nan nan 18.5731 0.0905
168.435787 -85.18356800000001 13 0.981 nan nan 17.3758 0.0731 16.7017 0.0057 16.3887 0.0092
172.41228600000002 -85.363727 4 0.951 nan nan nan nan 18.3827 0.0682 18.2015 0.0408
168.21873300000001 -85.470703 12 0.9840000000000001 14.5854 0.0234 13.7758 0.0148 12.6184 0.0144 12.2284 0.0086
170.959359 -85.51611 6 0.9790000000000001 nan nan nan nan 16.789 0.0117 16.4491 0.0607
168.470405 -85.489202 22 0.988 15.148 0.0254 14.7132 0.0103 14.4038 0.0044 14.2817 0.0069
167.812232 -85.42389200000001 7 0.9790000000000001 nan nan nan nan 17.3265 0.0079 16.9344 0.0131
167.590554 -85.306547 22 0.99 14.4307 0.0062 13.9711 0.0061 13.6069 0.0044 13.4715 0.0053
172.177115 -85.426138 7 0.971 nan nan nan nan 17.4518 0.0116 17.3218 0.0159
170.101957 -85.531631 8 0.978 16.8335 0.0248 16.6603 0.011000000000000001 16.4289 0.0119 16.3327 0.0178
167.631477 -85.386011 18 0.983 16.4183 0.0096 16.0757 0.0263 15.9154 0.0121 15.8705 0.0074
172.185222 -85.425725 11 0.977 nan nan 17.5029 0.0451 17.2343 0.0257 17.1536 0.0196
171.684786 -85.479371 4 0.9640000000000001 nan nan nan nan 17.6145 0.0087 17.6165 0.0276
169.175143 -85.146243 17 0.982 nan nan 16.9257 0.0307 16.4725 0.0088 16.3064 0.0046
171.545255 -85.49024399999999 7 0.9740000000000001 nan nan 17.2197 0.0368 17.3716 0.0107 17.2201 0.0131
172.395819 -85.293134 20 0.983 16.9062 0.0651 16.1003 0.0244 15.431 0.0061 15.155 0.0056
169.175976 -85.522092 10 0.983 17.0057 0.0238 16.1176 0.0092 14.958 0.0064 14.5586 0.0063
167.92041 -85.443333 15 0.985 16.4679 0.0739 16.1348 0.0085 15.8003 0.0085 15.696 0.0089
168.063762 -85.212502 4 0.966 nan nan nan nan 17.9398 0.0109 17.4985 0.0115
172.018133 -85.221414 1 0.9520000000000001 nan nan nan nan nan nan 18.66 0.07200000000000001
168.226172 -85.47454 10 0.9540000000000001 nan nan 16.753 0.0114 16.4297 0.0089 16.3598 0.0119
172.362436 -85.280224 6 0.9590000000000001 nan nan nan nan 17.6176 0.0098 17.3497 0.0117
171.630334 -85.184481 19 0.981 17.0499 0.0141 16.63 0.0091 16.377 0.0054 16.2736 0.02
172.40434 -85.383031 19 0.982 16.8721 0.0154 16.6332 0.0212 16.4121 0.0118 16.3613 0.009000000000000001
168.68143 -85.504379 14 0.983 16.0862 0.0207 15.8987 0.0229 15.7688 0.0102 15.7907 0.0157
167.913027 -85.228748 27 0.991 14.5096 0.0157 14.1388 0.0056 13.9251 0.0058 13.8494 0.0053
167.5776 -85.378416 18 0.981 16.3623 0.0206 16.032 0.012 15.9031 0.0097 15.8724 0.0054
168.233513 -85.47659300000001 9 0.98 nan nan nan nan 16.543 0.0092 16.2029 0.0076
169.403449 -85.13815699999999 19 0.981 16.5303 0.0106 16.2942 0.0211 16.0989 0.0097 16.0652 0.012
167.650899 -85.27316 19 0.983 16.7726 0.0319 16.3808 0.0066 16.0692 0.0132 15.9589 0.0059
172.095865 -85.228859 8 0.97 nan nan nan nan 17.5816 0.0169 16.9742 0.0072
167.56448799999998 -85.375211 4 0.9690000000000001 nan nan nan nan 17.9505 0.013999999999999999 17.8911 0.0644
171.273436 -85.161221 0 0.983 nan nan nan nan nan nan nan nan
170.099126 -85.535081 7 0.977 16.9338 0.035 16.6952 0.0526 16.3113 0.0463 16.2342 0.0104
169.05530900000002 -85.147203 4 0.975 nan nan nan nan 17.5585 0.0604 17.3507 0.0553
171.06201000000001 -85.151577 16 0.988 16.2919 0.0082 16.1211 0.0092 16.0079 0.0066 16.0148 0.0134
167.537822 -85.364671 19 0.983 16.7775 0.0234 16.4399 0.0131 16.2171 0.0198 16.1721 0.0087
167.74541399999998 -85.422301 17 0.983 16.6926 0.0096 16.3257 0.0094 16.1332 0.008 16.0662 0.0064
167.609497 -85.39483100000001 11 0.982 nan nan nan nan 16.817 0.0116 16.2402 0.0128
172.113646 -85.444243 22 0.988 13.6272 0.0058 13.2446 0.0077 12.9858 0.0058 12.9156 0.0046
167.700696 -85.416285 5 0.9690000000000001 nan nan nan nan 17.6361 0.0359 17.3718 0.0378
168.363613 -85.18168299999999 11 0.971 nan nan nan nan 17.5157 0.0115 17.3887 0.0261
172.488678 -85.35685500000001 17 0.9840000000000001 16.9181 0.0193 16.3721 0.008 16.0119 0.0053 15.8669 0.0082
172.495223 -85.325142 13 0.977 nan nan 17.3827 0.0862 17.1365 0.0134 17.0249 0.0196
171.069668 -85.517979 4 0.975 nan nan nan nan 17.3931 0.016 17.2352 0.0452
167.582763 -85.38980500000001 4 0.963 nan nan nan nan 17.8501 0.0205 17.5144 0.0183
168.91842 -85.517606 4 0.9790000000000001 nan nan nan nan 17.1615 0.03 16.9836 0.0122
172.393727 -85.397068 12 0.98 nan nan nan nan 16.9889 0.0078 16.6463 0.0142
172.16821399999998 -85.234829 21 0.983 16.1944 0.0116 15.9053 0.0201 15.7425 0.0047 15.6894 0.0054
170.185272 -85.130255 17 0.981 17.0767 0.0156 16.7902 0.0119 16.7373 0.0071 16.7045 0.0204
172.49770900000001 -85.353279 18 0.99 12.6844 0.0139 12.4151 0.0054 12.2848 0.0112 12.2626 0.0053
171.730849 -85.18814300000001 14 0.981 nan nan 17.3671 0.0464 17.0366 0.0149 16.9875 0.0317
168.766254 -85.511775 10 0.982 nan nan 16.6704 0.0156 16.0043 0.0065 15.6888 0.0095
167.858307 -85.230591 14 0.98 nan nan 17.303 0.0096 16.9976 0.0121 16.9646 0.0233
170.526185 -85.134078 15 0.978 nan nan 17.3027 0.0186 17.0124 0.0307 16.8603 0.0091
172.194638 -85.436207 6 0.9620000000000001 nan nan nan nan 17.775 0.0207 17.4953 0.012
170.356775 -85.131107 15 0.98 nan nan 17.445 0.0549 17.2035 0.0263 17.0983 0.012
172.481663 -85.372068 23 0.985 14.9303 0.0117 14.5766 0.0082 14.3987 0.0043 14.3549 0.0068
168.79188200000002 -85.51415300000001 6 0.977 nan nan nan nan 17.3106 0.0132 16.9149 0.0157
172.223017 -85.239932 11 0.973 nan nan 17.4158 0.0176 17.4286 0.0222 17.4559 0.0243
170.392116 -85.536201 8 0.976 16.9605 0.0146 16.7344 0.0117 16.5777 0.042 16.5007 0.0111
170.95966299999998 -85.14401099999999 12 0.982 nan nan 17.215999999999998 0.0114 16.43 0.0158 16.1599 0.0076
171.202127 -85.515202 5 0.9790000000000001 nan nan nan nan 17.131 0.0097 16.8188 0.0208
168.162836 -85.477117 15 0.998 10.7942 0.0091 10.2988 0.0074 10.01 0.0073 9.9329 0.0061
167.623082 -85.408571 10 0.977 nan nan 17.3566 0.0217 17.2669 0.0196 17.2314 0.0159
170.02658 -85.539586 12 0.986 12.7807 0.0084 12.2758 0.0076 11.8927 0.0137 11.7664 0.0114
171.101809 -85.14824200000001 13 0.9790000000000001 nan nan 17.412 0.0157 16.916 0.0113 16.7666 0.009000000000000001
167.65379199999998 -85.41617 17 0.983 16.3674 0.0461 15.9699 0.0107 15.6735 0.005 15.5722 0.0058
169.222588 -85.137163 1 0.96 nan nan nan nan nan nan 18.5331 0.0848
172.431443 -85.27787 4 0.9590000000000001 nan nan nan nan 17.7262 0.0196 17.4682 0.0305
167.928875 -85.45609499999999 11 0.981 nan nan 17.1827 0.0192 16.9613 0.0142 16.8791 0.012
172.18061 -85.44363 5 0.955 nan nan nan nan 17.8563 0.0112 17.4207 0.0117
171.53268899999998 -85.16951800000001 11 0.978 nan nan 17.0509 0.1041 16.8439 0.0113 16.6932 0.0114
168.80615500000002 -85.517389 9 0.981 17.0097 0.0673 16.5986 0.0093 16.2669 0.0297 16.147000000000002 0.0104
169.084976 -85.527439 13 0.982 16.3835 0.0284 15.9571 0.0346 15.6904 0.0122 15.6193 0.0089
168.297303 -85.489891 11 0.981 nan nan 17.0293 0.0481 16.8471 0.0473 16.782 0.0171
172.348164 -85.255969 18 0.983 17.107 0.0359 16.1931 0.0069 15.3109 0.0051 14.9728 0.0067
172.335763 -85.253294 15 0.977 17.1407 0.033 17.0026 0.019 16.9083 0.0187 16.8609 0.0081
167.469455 -85.309954 13 0.982 17.2217 0.0284 16.8507 0.0157 16.5883 0.0109 16.4956 0.0126
172.480454 -85.28822 18 0.985 16.1223 0.0089 15.83 0.0085 15.6307 0.0071 15.5711 0.0104
171.06169599999998 -85.14508599999999 17 0.982 16.7662 0.0106 16.2812 0.0188 15.9468 0.0097 15.8352 0.0052
167.820132 -85.228075 4 0.9540000000000001 nan nan nan nan 17.9624 0.0162 17.9649 0.0166
167.478173 -85.303427 17 0.993 15.6485 0.0126 14.7891 0.0089 13.4904 0.0047 13.0327 0.0073
172.473492 -85.284751 6 0.976 nan nan nan nan 17.471 0.0073 17.2437 0.0087
167.64698700000002 -85.418882 11 0.981 nan nan 17.2466 0.027000000000000003 16.991 0.0106 16.883 0.0098
171.530017 -85.16767 26 0.985 15.0249 0.0062 14.7764 0.0159 14.626 0.0048 14.5959 0.0061
168.484652 -85.166589 4 0.961 nan nan nan nan 17.9192 0.0278 17.8716 0.0388
171.26896399999998 -85.152885 0 0.985 nan nan nan nan nan nan nan nan
168.601048 -85.50989 11 0.981 nan nan 16.909000000000002 0.0141 16.717 0.0106 16.6795 0.0099
