ra dec ngood class_star g_psf e_g_psf r_psf e_r_psf i_psf e_i_psf z_psf e_z_psf
152.984156 -80.83434100000001 12 0.971 17.8706 0.0202 17.1087 0.0138 16.6654 0.0081 16.4174 0.0242
153.05432 -80.837501 10 0.971 17.1126 0.0177 16.8183 0.0121 16.5876 0.0071 16.4805 0.0091
153.042823 -80.84614300000001 18 0.983 15.6656 0.0151 15.2736 0.0178 15.0614 0.0088 14.9856 0.0132
152.85986 -80.845519 15 0.9740000000000001 17.15 0.025 16.6384 0.0279 16.4564 0.0202 16.3658 0.033
153.110073 -80.814559 16 0.991 16.3671 0.0134 15.8323 0.0237 15.5271 0.0105 15.3728 0.0054
153.106234 -80.85463100000001 21 0.985 14.7768 0.0061 14.5188 0.0217 14.3693 0.0074 14.3223 0.008
153.050268 -80.860279 13 0.98 17.0233 0.0309 16.3761 0.0347 15.9148 0.0068 15.7081 0.0076
152.840807 -80.851638 11 0.97 17.1079 0.0222 16.4274 0.0275 16.0844 0.011000000000000001 15.9052 0.0106
152.859258 -80.81150500000001 13 0.9790000000000001 16.9571 0.0247 16.547 0.0525 16.3293 0.0088 16.2463 0.0073
152.81383300000002 -80.851774 10 0.975 16.7338 0.0802 16.2839 0.0229 16.0415 0.0074 15.9358 0.0141
153.08445600000002 -80.800919 17 0.9840000000000001 16.1114 0.0082 15.7941 0.0249 15.6191 0.0049 15.5554 0.0127
152.896693 -80.800229 16 0.98 16.6928 0.0277 16.225 0.0164 15.9833 0.0187 15.8562 0.0063
152.869698 -80.865114 19 0.983 15.4 0.0101 15.035 0.0242 14.8126 0.0065 14.7376 0.0079
153.163071 -80.86106600000001 14 0.981 16.285 0.0088 15.8567 0.0083 15.5767 0.0087 15.4525 0.0057
153.122602 -80.866453 15 0.983 15.7437 0.0065 15.1083 0.0333 14.6536 0.0054 14.4676 0.0078
152.792058 -80.855345 10 0.98 17.3789 0.0275 16.559 0.0729 15.9489 0.0246 15.7233 0.0094
152.84926299999998 -80.80041800000001 13 0.98 17.3674 0.0331 16.5422 0.0086 15.8831 0.0066 15.6187 0.0137
153.203749 -80.804448 15 0.981 16.5157 0.0164 16.0585 0.0095 15.7997 0.0053 15.6824 0.0109
153.130784 -80.871889 18 0.9990000000000001 11.0404 0.0061 10.7504 0.0077 10.5998 0.0157 10.5561 0.0056
153.090755 -80.790527 16 0.978 16.6411 0.0174 15.8827 0.0116 15.2633 0.009000000000000001 15.0153 0.0094
152.98386399999998 -80.786805 21 0.9840000000000001 14.8568 0.0069 14.5862 0.0122 14.4237 0.0048 14.3792 0.0069
153.07637 -80.787992 15 0.977 16.8207 0.0091 16.5066 0.0098 16.1861 0.0111 16.1214 0.0155
153.255553 -80.808777 9 0.955 nan nan 18.1104 0.0377 17.1144 0.0106 16.6912 0.0061
153.291347 -80.846407 21 0.983 15.1261 0.0107 14.7719 0.0112 14.5699 0.0105 14.479000000000001 0.0049
152.998881 -80.882166 16 0.9790000000000001 16.4983 0.0204 16.1138 0.0124 15.9013 0.0051 15.8062 0.013000000000000001
152.736571 -80.808448 12 0.982 15.9383 0.0344 15.5021 0.0142 15.2488 0.0108 15.182 0.0109
153.182343 -80.87363 12 0.975 nan nan 17.35 0.0157 16.8085 0.0308 16.4519 0.0145
153.013802 -80.783402 19 0.983 15.1549 0.0065 14.7168 0.0159 14.4283 0.005 14.3511 0.0049
153.17693899999998 -80.791092 16 0.9790000000000001 16.6243 0.0236 16.2931 0.0155 16.0502 0.0167 15.9681 0.0104
152.873229 -80.880668 16 0.98 16.8879 0.0168 16.4182 0.0413 16.0869 0.0048 15.9784 0.0075
152.683576 -80.822283 19 0.9840000000000001 15.6992 0.0188 15.3404 0.0273 15.1219 0.0096 15.0619 0.0048
153.180056 -80.876653 7 0.961 17.4853 0.0155 17.0828 0.0621 16.8801 0.0185 16.6625 0.022000000000000002
152.830018 -80.789056 9 0.973 nan nan nan nan 17.0457 0.018000000000000002 16.2057 0.0197
152.70414 -80.855944 12 0.982 16.4966 0.0102 16.0121 0.0082 15.7248 0.005 15.6255 0.0065
153.223289 -80.872626 20 0.998 12.8438 0.0061 12.1431 0.0074 11.629000000000001 0.0086 11.3639 0.0058
153.333437 -80.831907 19 0.9890000000000001 14.1123 0.0083 13.7131 0.0076 13.4877 0.0132 13.3891 0.0053
153.19054599999998 -80.8774 17 0.982 16.014 0.0131 15.6285 0.0402 15.4542 0.0301 15.3602 0.0306
153.151969 -80.785433 15 0.98 16.5077 0.0086 16.1876 0.0073 15.9505 0.0051 15.8877 0.0055
152.708909 -80.862376 14 0.983 16.4334 0.0283 15.8367 0.0167 15.4832 0.0098 15.3009 0.012
153.35099499999998 -80.83284 9 0.975 nan nan 17.1453 0.0613 16.3732 0.0178 16.0179 0.0161
152.679274 -80.857783 15 0.982 16.0567 0.0218 15.6603 0.0281 15.4135 0.0062 15.3536 0.0077
152.689784 -80.864886 18 0.985 14.8939 0.0089 14.4119 0.0206 14.0943 0.0048 13.98 0.0094
152.976854 -80.774424 15 0.981 16.8453 0.0213 16.2383 0.017 15.8053 0.0063 15.6425 0.0121
152.977461 -80.893486 13 0.9790000000000001 16.9406 0.0173 16.4307 0.0162 16.105 0.0055 16.0114 0.0063
153.372718 -80.845047 14 0.975 17.0919 0.0474 16.7742 0.01 16.5015 0.0137 16.412 0.0181
153.34611999999998 -80.860228 18 0.9940000000000001 14.5733 0.0148 13.9735 0.0089 13.5038 0.0097 13.2629 0.0048
153.329632 -80.800304 14 0.971 17.793 0.013999999999999999 17.0935 0.0097 16.682000000000002 0.006999999999999999 16.4853 0.0271
153.142872 -80.893199 20 0.997 15.5773 0.0131 15.2325 0.0135 15.0411 0.0073 14.9586 0.0082
152.805023 -80.889664 15 0.985 12.3832 0.0076 11.7932 0.0176 11.3975 0.0079 11.19 0.0059
152.759435 -80.78165899999999 12 0.982 15.4042 0.0292 14.8886 0.027999999999999997 14.5425 0.0062 14.3667 0.0055
153.153067 -80.77293 15 0.981 16.9309 0.0124 16.387999999999998 0.0088 15.9411 0.0076 15.7882 0.0114
153.41162 -80.83987900000001 17 0.977 16.8596 0.0085 16.5366 0.0102 16.2885 0.0104 16.234 0.0232
152.586705 -80.84094 19 0.987 14.6628 0.0117 14.4169 0.0229 14.2407 0.0069 14.1916 0.0055
153.366479 -80.79943 17 0.983 15.2038 0.0106 14.6823 0.0061 14.3271 0.0062 14.1851 0.0049
153.168326 -80.895484 12 0.981 16.557000000000002 0.0133 16.1235 0.0091 15.828 0.0079 15.6957 0.0089
152.84253999999999 -80.897441 11 0.956 17.3938 0.0205 16.9948 0.0447 16.7434 0.0066 16.6175 0.0216
153.194325 -80.77176800000001 11 0.9790000000000001 17.0033 0.0354 16.4801 0.0091 16.0147 0.0057 15.7847 0.0065
152.713146 -80.885731 15 0.9840000000000001 16.1385 0.0311 15.7415 0.0166 15.5137 0.0085 15.4136 0.0055
152.941373 -80.903176 11 0.976 17.3177 0.011000000000000001 16.7383 0.022000000000000002 16.4333 0.0133 16.2865 0.0104
152.890278 -80.76469499999999 13 0.9740000000000001 17.2267 0.0374 16.8721 0.0509 16.6726 0.0105 16.5813 0.0187
153.25027 -80.77476800000001 13 0.9640000000000001 17.3816 0.0139 17.0596 0.0465 16.8209 0.0067 16.7414 0.0238
153.37795400000002 -80.795491 18 0.983 15.5662 0.0184 15.2634 0.0062 15.0353 0.0048 14.9539 0.0055
152.675263 -80.78449300000001 20 0.985 15.502 0.0084 15.2004 0.0243 15.0381 0.0079 14.9762 0.005
152.64364 -80.878762 14 0.987 15.5448 0.0239 14.9836 0.0077 14.6096 0.0085 14.4771 0.0095
152.650715 -80.78666 14 0.975 17.367 0.0624 16.9568 0.0114 16.6418 0.0061 16.5054 0.0078
152.56444 -80.81118199999999 13 0.961 18.2611 0.0437 17.4586 0.012 17.0073 0.0267 16.8139 0.0152
152.98412199999999 -80.907112 12 0.97 17.4641 0.077 17.0282 0.0091 16.6697 0.008 16.6302 0.0144
152.75926299999998 -80.896598 10 0.95 17.3523 0.0211 17.0844 0.0478 16.8702 0.0134 16.8027 0.0523
152.590667 -80.868697 15 0.982 15.8709 0.0079 15.5019 0.0252 15.2812 0.0054 15.2138 0.0066
152.56225700000002 -80.808277 13 0.975 17.5032 0.0087 17.0714 0.057999999999999996 16.8318 0.0069 16.6885 0.0092
153.4634 -80.841243 17 0.963 17.4479 0.0181 16.9263 0.0261 16.6203 0.008 16.4915 0.0116
153.462895 -80.822182 25 0.996 14.512 0.008 14.0268 0.0083 13.7161 0.0047 13.5812 0.0047
153.336999 -80.781573 20 0.987 15.0924 0.0071 14.8121 0.0076 14.6298 0.0067 14.5952 0.0048
152.55027900000002 -80.85516 12 0.98 17.0656 0.0536 16.514 0.0097 16.0623 0.0141 15.8817 0.0104
152.533659 -80.844274 14 0.988 14.3217 0.0088 13.7114 0.0124 13.2699 0.0062 13.0761 0.0054
153.20363400000002 -80.901128 10 0.965 17.7231 0.0318 17.3668 0.0922 17.0291 0.0135 16.8781 0.0219
153.464104 -80.847433 16 0.973 17.1973 0.0145 16.9219 0.0129 16.5975 0.0183 16.5117 0.0315
153.358328 -80.783158 5 0.9640000000000001 nan nan nan nan 17.343 0.0363 16.7665 0.0128
153.28183 -80.771624 14 0.982 16.0387 0.0341 15.775 0.0081 15.5405 0.0057 15.4773 0.0061
152.552262 -80.800572 10 0.961 17.9155 0.0237 17.3659 0.0795 17.0273 0.013000000000000001 16.9655 0.0107
153.48834 -80.822265 14 0.9520000000000001 nan nan 17.7037 0.0682 16.9112 0.0102 16.6032 0.0186
153.06991200000002 -80.755335 14 0.9570000000000001 17.5322 0.0716 17.1049 0.0437 16.9179 0.0079 16.8275 0.0216
153.35013600000002 -80.889306 14 0.978 17.4066 0.0202 16.6641 0.0319 16.1227 0.018000000000000002 15.8843 0.0127
153.066329 -80.91162299999999 9 0.9690000000000001 17.2744 0.0226 16.8837 0.0318 16.598 0.0273 16.5419 0.0364
153.379559 -80.782425 20 0.995 13.7883 0.0136 13.4534 0.0075 13.2498 0.0047 13.1898 0.0051
153.144701 -80.909646 14 0.99 13.4112 0.0074 13.1235 0.0074 12.9508 0.0062 12.8995 0.0067
152.875838 -80.755134 16 0.98 16.5835 0.0403 16.1759 0.011000000000000001 15.8449 0.0063 15.717 0.0105
153.483794 -80.80953199999999 26 0.99 12.8794 0.0054 12.652999999999999 0.0054 12.509 0.0052 12.4868 0.006
152.920221 -80.913595 12 0.9890000000000001 13.9357 0.0293 13.2001 0.0224 12.6715 0.0124 12.4236 0.0132
152.52556 -80.803488 11 0.982 16.1875 0.0241 15.7598 0.0168 15.5101 0.0063 15.404000000000002 0.0087
152.48701499999999 -80.83461899999999 13 0.983 15.9646 0.0158 15.5261 0.0285 15.2312 0.0105 15.1397 0.0081
152.912566 -80.91425799999999 6 0.983 15.4754 0.0137 15.0772 0.0158 14.7936 0.015 14.6527 0.0144
152.59049 -80.88353599999999 13 0.981 16.7626 0.0105 16.2911 0.0092 15.9213 0.0056 15.8207 0.0176
153.398685 -80.78127099999999 11 0.971 17.6268 0.0343 17.1106 0.0921 16.8892 0.0112 16.7123 0.0365
153.30439199999998 -80.900604 13 0.982 16.1414 0.0119 15.6435 0.0266 15.3524 0.0062 15.2186 0.0076
152.485041 -80.845704 11 0.9790000000000001 17.1343 0.1032 16.6629 0.0136 16.2484 0.0062 16.0989 0.0116
152.544385 -80.876075 10 0.978 17.7065 0.017 17.0926 0.0188 16.4836 0.0069 16.2556 0.0109
153.452236 -80.788221 26 0.9840000000000001 14.6951 0.0079 14.4083 0.0163 14.2196 0.0285 14.1767 0.0207
152.483973 -80.811301 12 0.982 16.1778 0.0233 15.6431 0.0079 15.2419 0.0054 15.0775 0.0129
153.382734 -80.893211 15 0.9670000000000001 17.3554 0.0185 16.8492 0.0405 16.5118 0.0104 16.2859 0.0224
153.448182 -80.786855 4 0.981 nan nan 16.9449 0.0117 15.7368 0.0111 15.2848 0.0084
153.030954 -80.74754399999999 14 0.9790000000000001 16.9722 0.0119 16.4068 0.0087 15.9843 0.0054 15.822000000000001 0.0128
152.9267 -80.747074 13 0.977 16.9675 0.0103 16.5173 0.0116 16.2087 0.0095 16.0735 0.0133
152.964352 -80.746447 20 0.9840000000000001 15.126 0.0163 14.7798 0.0065 14.5182 0.0054 14.4677 0.005
152.533825 -80.880175 14 0.988 14.8557 0.0078 14.4729 0.0154 14.2089 0.0067 14.1173 0.0066
152.66449599999999 -80.762967 15 0.978 16.972 0.0241 16.6899 0.0481 16.3997 0.012 16.3455 0.0104
152.460912 -80.810686 10 0.971 17.1375 0.0121 16.7364 0.0098 16.4692 0.0124 16.3324 0.0065
152.902409 -80.923159 7 0.973 nan nan 17.6924 0.0209 16.5684 0.0285 16.2145 0.0206
153.19378500000002 -80.74759 8 0.976 nan nan nan nan 16.7107 0.0077 16.0866 0.0134
152.956657 -80.92443100000001 7 0.978 17.0786 0.0117 16.767 0.059000000000000004 16.4254 0.0317 16.425 0.0113
153.434322 -80.773834 15 0.982 16.3448 0.0084 16.0088 0.0092 15.7055 0.0103 15.63 0.0122
152.4249 -80.838347 12 0.982 16.3517 0.0097 15.8771 0.0197 15.4883 0.0061 15.3374 0.0074
152.547201 -80.891315 12 0.978 16.8905 0.0154 16.5559 0.0316 16.281 0.0076 16.1708 0.0224
153.497837 -80.785753 23 0.995 13.7749 0.0153 12.8791 0.0137 12.0326 0.0092 11.6525 0.0044
152.90650300000001 -80.74179000000001 15 0.9570000000000001 17.5572 0.0471 17.2615 0.0386 16.8929 0.0143 16.8432 0.0313
153.322237 -80.75605300000001 4 0.991 17.012 0.0573 16.5254 0.0166 16.502 0.0233 16.209 0.0116
152.47878899999998 -80.791977 14 0.9840000000000001 15.5461 0.0138 15.1453 0.0078 14.867 0.0053 14.7838 0.0074
153.330072 -80.75559399999999 21 0.983 15.1974 0.0249 14.868 0.0309 14.7136 0.0253 14.6869 0.0241
152.421599 -80.852276 15 0.9790000000000001 16.7548 0.0142 16.4001 0.008 16.1274 0.0053 16.0686 0.0143
152.93056 -80.739682 13 0.973 17.1228 0.0166 16.722 0.0114 16.5108 0.0064 16.4522 0.0187
152.535923 -80.774132 15 0.998 16.6343 0.0308 16.1471 0.0088 15.765 0.0092 15.62 0.006
153.165414 -80.92454000000001 13 0.9940000000000001 12.8148 0.0078 12.512 0.0074 12.2964 0.0076 12.2356 0.0061
153.07775 -80.739238 15 0.973 17.0571 0.0171 16.7637 0.0496 16.4964 0.0117 16.4387 0.0156
152.466625 -80.877974 14 0.991 15.6542 0.027999999999999997 15.3125 0.0079 15.0095 0.0061 14.9036 0.0059
153.511496 -80.782686 15 0.982 16.3146 0.0087 15.8656 0.0196 15.5387 0.0094 15.4173 0.0077
153.569435 -80.86600200000001 17 0.986 15.7813 0.0065 15.3039 0.0061 14.9957 0.0053 14.8629 0.0057
153.556792 -80.79513100000001 20 0.981 16.4888 0.0126 16.0207 0.0167 15.6476 0.0062 15.501 0.0044
153.191128 -80.925453 11 0.992 14.4096 0.0077 13.7498 0.0075 13.214 0.0074 12.9735 0.0061
153.604379 -80.846475 18 0.983 16.4314 0.0137 15.8776 0.0181 15.4821 0.005 15.3184 0.0062
153.253569 -80.92253199999999 12 0.983 15.3142 0.0089 15.0003 0.0105 14.7406 0.0068 14.6681 0.0135
152.626046 -80.91188000000001 10 0.98 16.7009 0.0123 16.4315 0.0101 16.1681 0.0235 16.0922 0.008
153.153954 -80.929381 8 0.9740000000000001 17.2866 0.0146 16.9333 0.0226 16.5921 0.0157 16.5787 0.0124
152.730215 -80.743602 10 0.9620000000000001 17.398 0.0386 16.8987 0.0117 16.6216 0.012 16.5418 0.0083
153.628022 -80.827864 19 0.983 15.6165 0.0058 15.1058 0.0056 14.7727 0.0047 14.6352 0.0045
153.216022 -80.738601 15 0.9790000000000001 16.7591 0.040999999999999995 16.2157 0.0096 15.8596 0.0076 15.6762 0.0079
152.570322 -80.907958 9 0.961 17.9249 0.0209 17.3185 0.0714 16.9747 0.0266 16.7811 0.01
153.160379 -80.735556 12 0.9790000000000001 16.9064 0.0111 16.4257 0.0094 16.0135 0.0074 15.8548 0.0061
153.296271 -80.923114 10 0.9840000000000001 15.81 0.01 14.9383 0.0079 14.1322 0.0121 13.8295 0.008
153.307262 -80.744569 13 0.9740000000000001 17.1071 0.0097 16.6544 0.0309 16.4201 0.0075 16.308 0.0155
153.45584 -80.761143 21 0.991 14.1222 0.0087 13.8462 0.0078 13.6785 0.0048 13.6315 0.0049
153.462002 -80.905441 14 0.981 16.5034 0.0096 15.9848 0.0136 15.6341 0.0075 15.5036 0.0158
153.504656 -80.897882 15 0.98 16.8038 0.006999999999999999 16.3995 0.0223 16.0348 0.0087 15.8765 0.01
153.015733 -80.730432 13 0.9690000000000001 17.4175 0.0156 16.9201 0.0123 16.6192 0.0083 16.4716 0.0122
153.261214 -80.73901500000001 10 0.981 nan nan 17.5404 0.0211 16.2719 0.0051 15.7494 0.0092
153.488303 -80.765796 19 0.981 16.7251 0.0262 16.2271 0.0089 15.8589 0.0095 15.7217 0.0167
153.534719 -80.774796 19 0.981 16.3787 0.0257 15.9998 0.0099 15.7352 0.0064 15.6331 0.005
152.422684 -80.785562 14 0.983 15.6623 0.0104 15.3137 0.0114 15.0589 0.0072 14.985999999999999 0.0119
153.269513 -80.928172 11 0.985 15.2608 0.0184 14.8314 0.0141 14.5356 0.0077 14.4205 0.0062
153.221239 -80.734946 19 0.995 13.642999999999999 0.0079 13.4452 0.0074 13.3986 0.0065 13.4003 0.0066
152.510352 -80.904523 10 0.98 16.805999999999997 0.0414 16.465999999999998 0.022000000000000002 16.2161 0.0212 16.1165 0.0151
152.438545 -80.88990799999999 19 0.9990000000000001 11.6455 0.0139 11.4503 0.0125 11.3071 0.0095 11.3124 0.0047
153.384619 -80.919789 12 0.9890000000000001 16.8702 0.0464 16.5147 0.0124 16.2478 0.0208 16.094 0.011000000000000001
152.359978 -80.865643 11 0.9540000000000001 nan nan 17.2803 0.0222 16.9377 0.0117 16.8015 0.0198
153.669245 -80.842086 17 0.981 16.4642 0.0092 16.1024 0.0081 15.8509 0.008 15.774000000000001 0.0118
152.574149 -80.916503 3 0.968 nan nan 17.7649 0.0118 17.0221 0.0181 16.69 0.0115
152.906891 -80.72707 17 0.995 14.7484 0.0377 14.0904 0.0076 13.6406 0.0317 13.4552 0.0295
153.675244 -80.82948499999999 25 0.9840000000000001 14.9027 0.006999999999999999 14.5066 0.0062 14.2414 0.0065 14.1496 0.0074
152.648447 -80.92558299999999 10 0.982 16.7355 0.0226 16.3769 0.0187 16.1068 0.0188 16.0656 0.0134
152.566931 -80.916505 7 0.978 nan nan 17.5624 0.0249 16.3339 0.0159 15.8529 0.0147
152.392379 -80.786183 8 0.95 nan nan 17.7847 0.0192 17.3059 0.0106 17.1015 0.0326
153.60832299999998 -80.785851 17 0.972 17.8998 0.012 17.2357 0.0159 16.5728 0.0064 16.2713 0.016
153.24258899999998 -80.732382 12 0.971 18.0642 0.0388 17.4276 0.0594 16.9027 0.0101 16.6834 0.0156
153.46703 -80.91243 13 0.981 16.7129 0.0392 16.285 0.0083 15.9297 0.0109 15.794 0.0127
152.90171899999999 -80.940636 8 0.968 17.2341 0.0181 16.8672 0.0548 16.6248 0.0098 16.5216 0.0114
153.39991 -80.745789 14 0.976 17.1875 0.0487 16.7533 0.0133 16.3635 0.006999999999999999 16.218 0.0061
153.216901 -80.730151 20 0.997 12.6863 0.0068 12.4107 0.0061 12.2348 0.0053 12.1952 0.005
152.905021 -80.72551700000001 8 0.9840000000000001 15.6927 0.0151 15.3468 0.0115 15.1251 0.0139 15.0319 0.0167
153.600841 -80.88606800000001 15 0.96 17.7285 0.017 17.3671 0.0146 17.0326 0.0196 16.8393 0.0207
153.607823 -80.78348100000001 20 0.982 16.635 0.0167 16.0769 0.0078 15.6663 0.0074 15.5043 0.0096
152.54649799999999 -80.751598 13 0.9940000000000001 16.5736 0.0066 16.0838 0.0325 15.7259 0.0116 15.5801 0.0069
153.149187 -80.72635 12 0.953 17.7471 0.0251 17.2799 0.0435 16.8027 0.0074 16.5728 0.0139
152.556577 -80.92091500000001 8 0.95 17.2437 0.0146 16.9486 0.017 16.675 0.0095 16.6166 0.0188
152.286431 -80.846873 13 0.982 16.1522 0.0106 15.7467 0.0071 15.4912 0.0061 15.4088 0.0078
153.543606 -80.758932 20 0.983 16.0368 0.009000000000000001 15.5461 0.0148 15.1665 0.0089 14.9821 0.0076
153.164764 -80.72188100000001 13 0.976 17.7182 0.0169 16.9925 0.0115 16.5735 0.018000000000000002 16.3376 0.0076
153.64771000000002 -80.783056 23 0.985 14.9705 0.0079 14.5094 0.0069 14.1377 0.0048 13.9853 0.0068
153.145274 -80.946226 14 0.983 14.7016 0.0161 14.3152 0.0121 14.0047 0.0064 13.8693 0.0061
152.78954 -80.72291 12 0.983 14.6754 0.0074 14.2136 0.0078 13.9355 0.01 13.8107 0.0072
153.72213 -80.82084300000001 19 0.983 15.7076 0.0123 15.4017 0.0147 15.1708 0.0073 15.0832 0.0073
152.347162 -80.884939 18 0.9840000000000001 15.1263 0.0079 14.8095 0.0147 14.5777 0.0055 14.501 0.0054
153.706979 -80.805341 26 0.986 14.159 0.0053 13.939 0.0078 13.7909 0.0047 13.7598 0.0059
153.256844 -80.94230400000001 8 0.976 17.7668 0.0239 17.0792 0.0394 16.5125 0.0097 16.2034 0.0245
153.40438 -80.73666700000001 21 0.985 15.1907 0.0086 14.8687 0.0061 14.6281 0.0047 14.5368 0.0047
152.26664 -80.835095 16 0.983 15.9479 0.0174 15.6369 0.0101 15.4039 0.0229 15.3272 0.0211
152.805513 -80.94616500000001 5 0.976 nan nan 16.7273 0.0265 16.1495 0.0107 15.8937 0.0108
153.674818 -80.880096 19 0.953 17.4376 0.0585 17.1012 0.0388 16.8459 0.0178 16.7624 0.0312
152.719021 -80.942222 9 0.975 17.3764 0.0175 16.8888 0.0383 16.5518 0.0201 16.4106 0.0351
153.20578500000002 -80.946434 13 0.985 14.6571 0.0111 14.28 0.0075 14.0459 0.0083 13.9479 0.0062
152.374821 -80.897121 16 0.9790000000000001 16.7099 0.0338 16.3603 0.0284 16.1154 0.0105 16.0313 0.0063
152.80623899999998 -80.719133 16 1.0 12.4581 0.0092 11.5456 0.0062 10.7353 0.0064 10.3682 0.0074
152.506422 -80.92229 9 0.978 18.0203 0.0248 17.1495 0.0526 16.4364 0.019 16.1627 0.0169
153.482807 -80.92383199999999 12 0.9640000000000001 17.426 0.0453 16.9961 0.0093 16.7406 0.0304 16.6218 0.0408
152.70636000000002 -80.724187 12 0.9790000000000001 16.2702 0.0162 15.8985 0.0209 15.6357 0.0062 15.5544 0.0159
152.264028 -80.856611 20 0.996 12.1884 0.0078 11.8219 0.008 11.5789 0.0053 11.5027 0.0053
152.67470600000001 -80.943691 10 0.982 16.7293 0.0331 16.3683 0.0397 16.1435 0.0166 16.0481 0.0068
153.661114 -80.772726 22 0.981 16.0391 0.013000000000000001 15.8567 0.0059 15.7526 0.0065 15.7133 0.0091
153.608732 -80.90776600000001 13 0.9790000000000001 17.3819 0.0129 16.6013 0.0119 15.8873 0.0361 15.5836 0.0091
152.743166 -80.71854300000001 13 0.983 14.4871 0.0179 13.7553 0.008 13.2587 0.0053 13.0707 0.0096
152.455779 -80.74786800000001 11 0.9790000000000001 17.0855 0.0686 16.6194 0.0464 16.278 0.0254 16.0789 0.0096
152.26865800000002 -80.871895 20 0.997 13.4341 0.0088 12.8685 0.0083 12.4512 0.0053 12.279000000000002 0.0053
152.76771599999998 -80.716554 9 0.9740000000000001 16.3254 0.0274 15.9951 0.0648 15.7792 0.0334 15.6964 0.0064
152.259515 -80.800754 10 0.972 17.6543 0.0109 16.9742 0.0326 16.5266 0.0077 16.4006 0.0073
152.909726 -80.956168 7 0.966 17.6639 0.0164 17.2508 0.016 17.0028 0.0294 16.9451 0.0878
153.229344 -80.95165 10 0.982 16.1586 0.0091 15.6283 0.009000000000000001 15.3083 0.0069 15.1459 0.0207
152.386168 -80.756734 15 0.988 16.0015 0.0196 15.5685 0.0079 15.2651 0.0084 15.1554 0.0109
153.484119 -80.735773 11 0.9540000000000001 18.2488 0.0555 17.5452 0.0813 16.9048 0.0168 16.6054 0.01
153.769724 -80.857336 17 0.982 16.0861 0.0112 15.6811 0.006 15.4184 0.0093 15.3122 0.0053
153.78401100000002 -80.83124000000001 18 0.977 17.3007 0.0644 16.907 0.0093 16.6594 0.017 16.5877 0.0165
152.453824 -80.743625 11 0.975 17.2206 0.0127 16.8408 0.0167 16.5328 0.0101 16.4453 0.0087
152.808821 -80.955152 6 0.9520000000000001 16.5075 0.0156 16.1125 0.0118 15.674000000000001 0.0115 15.5359 0.0075
152.673145 -80.718998 11 0.9520000000000001 17.406 0.0232 16.9407 0.0242 16.5337 0.0209 16.3286 0.0224
153.100876 -80.958151 11 0.9790000000000001 16.5952 0.0475 16.1391 0.0385 15.8567 0.0099 15.7694 0.0088
152.62392 -80.722414 13 0.977 17.1656 0.0121 16.7632 0.0441 16.4225 0.0247 16.2511 0.0145
153.228551 -80.71193000000001 16 0.9790000000000001 16.7611 0.0088 16.3742 0.0276 16.1553 0.0084 16.055 0.0066
153.752253 -80.875757 16 0.956 17.5109 0.0608 16.962 0.016 16.6052 0.0094 16.4803 0.0111
152.517998 -80.731927 18 0.9840000000000001 14.6494 0.0114 14.3699 0.0121 14.1943 0.0062 14.130999999999998 0.0098
153.70971 -80.893796 16 0.982 16.4653 0.016 15.9657 0.0086 15.5853 0.0108 15.392000000000001 0.0119
153.80145 -80.846188 7 0.976 18.1341 0.0344 17.9189 0.0169 17.6003 0.0095 17.5587 0.0226
152.374672 -80.752942 14 0.978 17.3055 0.0114 16.7844 0.0094 16.3454 0.0128 16.1693 0.0172
153.762915 -80.79215400000001 12 0.9790000000000001 18.4135 0.0649 17.5373 0.0177 16.1499 0.0183 15.5903 0.0087
153.397767 -80.945872 10 0.956 17.6816 0.0341 17.2219 0.0152 16.9108 0.0256 16.7089 0.0154
153.61983500000002 -80.750661 19 0.981 16.024 0.0057 15.7028 0.0093 15.4555 0.0144 15.3472 0.0091
152.357446 -80.912982 16 0.985 15.4086 0.0135 15.0292 0.0088 14.7234 0.009000000000000001 14.6175 0.0062
153.54468300000002 -80.73776099999999 19 0.981 16.3535 0.0106 16.067999999999998 0.025 15.8318 0.0051 15.7634 0.0145
152.27643700000002 -80.893139 15 0.982 16.2166 0.0193 15.8504 0.0167 15.5762 0.006 15.502 0.0057
153.814274 -80.83290600000001 5 0.9690000000000001 nan nan 18.3241 0.06 17.9819 0.0371 17.7857 0.0136
153.67652900000002 -80.761511 26 0.988 13.102 0.0053 12.619000000000002 0.0094 12.2497 0.0069 12.0936 0.0047
153.406115 -80.720793 14 0.9670000000000001 17.4007 0.02 17.0712 0.0115 16.7973 0.0053 16.7905 0.022000000000000002
153.55983500000002 -80.739145 19 0.981 17.3082 0.027000000000000003 16.4861 0.0349 15.4975 0.0112 15.1081 0.0106
153.80828400000001 -80.85307900000001 16 0.9840000000000001 15.9573 0.0082 15.5848 0.0071 15.3053 0.006 15.2247 0.0057
153.590442 -80.743381 19 0.978 16.94 0.0463 16.4596 0.0251 16.1966 0.006 16.0993 0.0149
153.812082 -80.813822 12 0.98 nan nan 17.6248 0.0427 17.4373 0.0259 17.3321 0.0668
152.207073 -80.798784 13 0.9840000000000001 15.6091 0.0226 15.3205 0.0143 15.0547 0.0116 14.975999999999999 0.0119
152.174874 -80.822187 9 0.977 16.9481 0.0096 16.5906 0.0494 16.4021 0.0204 16.2731 0.021
152.172635 -80.84257099999999 16 0.995 15.1465 0.0128 14.8139 0.0085 14.5679 0.0053 14.5057 0.0089
153.34356599999998 -80.71286500000001 21 0.991 12.9665 0.0065 12.68 0.0061 12.4977 0.0056 12.4631 0.0081
153.734033 -80.77161600000001 19 0.987 15.4187 0.0124 14.9236 0.0171 14.5366 0.008 14.3639 0.0048
152.458462 -80.934461 14 0.992 14.1078 0.0177 13.7227 0.0074 13.4853 0.0063 13.402000000000001 0.0061
152.408224 -80.740462 13 0.9990000000000001 14.7103 0.0089 14.2114 0.0077 13.8833 0.0061 13.7563 0.0105
152.183629 -80.860798 7 0.958 nan nan nan nan 16.854 0.0174 16.4417 0.0259
153.136765 -80.701778 14 0.9790000000000001 16.6762 0.0185 16.2311 0.0159 15.9169 0.0055 15.7786 0.0093
153.096798 -80.70052 17 0.983 15.8841 0.0228 15.3745 0.0117 14.9839 0.0051 14.8312 0.0065
153.557126 -80.933913 12 0.9790000000000001 16.9679 0.0273 16.5654 0.0106 16.2862 0.0101 16.194000000000003 0.0086
152.16985 -80.855378 16 1.0 13.2315 0.0099 12.3465 0.0075 11.4359 0.0059 11.0474 0.0053
153.833914 -80.816488 15 0.982 nan nan 18.0374 0.018000000000000002 17.0674 0.0232 16.7189 0.0205
152.3559 -80.92015699999999 11 0.983 15.5076 0.0122 15.1445 0.0119 14.9043 0.0077 14.8197 0.0092
152.412381 -80.737138 7 0.956 17.4948 0.0199 17.1422 0.0127 16.8913 0.0158 16.7843 0.0249
152.19899099999998 -80.876984 13 0.9840000000000001 14.9161 0.0186 14.4344 0.0271 14.0511 0.0061 13.8974 0.0074
153.62154099999998 -80.92583499999999 12 0.958 17.3528 0.0709 16.9533 0.0095 16.7314 0.0063 16.6448 0.0096
153.848277 -80.84569 8 0.971 nan nan nan nan 17.618 0.0133 16.9499 0.0189
153.85376399999998 -80.826448 21 0.983 16.7279 0.0083 16.3853 0.0145 16.111 0.0082 16.0308 0.0093
152.270301 -80.762332 10 0.968 18.0189 0.0179 17.2595 0.0079 17.0912 0.0302 16.8304 0.0113
152.62463300000002 -80.71064799999999 22 0.987 14.1094 0.0149 13.5957 0.0061 13.2725 0.0051 13.1385 0.0052
152.142477 -80.840117 11 0.981 17.0936 0.0125 16.3727 0.0132 15.7578 0.0087 15.5037 0.0064
152.20331299999998 -80.885302 9 0.973 16.964000000000002 0.0354 16.6975 0.0378 16.5007 0.0096 16.4082 0.0165
152.287669 -80.755847 15 0.9890000000000001 14.5412 0.0062 13.7243 0.0087 13.1638 0.0087 12.8792 0.0066
153.83966 -80.867838 16 0.971 17.3301 0.0149 16.8718 0.047 16.6126 0.0287 16.4385 0.0211
153.24103 -80.70096600000001 19 0.985 15.7948 0.0091 15.4714 0.0063 15.312000000000001 0.0084 15.283 0.0123
153.866615 -80.849602 4 0.975 nan nan 18.0048 0.0725 17.7118 0.0117 17.5272 0.0227
153.162259 -80.696724 12 0.982 15.788 0.01 15.3948 0.0075 15.1286 0.0133 15.0503 0.0077
152.638068 -80.96041600000001 10 0.982 16.2653 0.0081 15.9039 0.0149 15.6362 0.0148 15.5259 0.0154
152.149209 -80.79689599999999 11 0.981 17.1269 0.044000000000000004 16.6983 0.0188 16.3205 0.0066 16.132 0.0183
152.161595 -80.879273 12 0.981 16.4999 0.0144 16.1586 0.0082 15.9233 0.0063 15.9041 0.0064
153.787699 -80.898457 13 0.971 17.3619 0.0106 16.8378 0.012 16.4865 0.0102 16.3732 0.0134
152.11363899999998 -80.83303000000001 15 0.998 13.4234 0.0127 13.0933 0.0131 12.8529 0.0057 12.765 0.0063
153.09016 -80.692525 14 0.978 17.1484 0.0094 16.663 0.0157 16.2755 0.011000000000000001 16.1924 0.0066
153.881912 -80.851782 25 0.991 12.7029 0.0071 12.4795 0.0053 12.3559 0.0053 12.3385 0.0043
153.649027 -80.73716999999999 17 0.958 17.3993 0.0623 16.9558 0.0293 16.7546 0.0216 16.6862 0.0108
152.987559 -80.69161899999999 11 0.973 nan nan 17.7423 0.0184 16.7611 0.018000000000000002 16.3388 0.0058
152.720557 -80.96811 10 0.961 17.3826 0.0216 16.8697 0.0706 16.4984 0.0324 16.3425 0.0113
153.753146 -80.758433 18 0.9840000000000001 15.0328 0.0056 14.4228 0.0099 13.9401 0.0053 13.7311 0.0053
153.863317 -80.799461 21 0.983 17.5751 0.0444 16.8181 0.0075 16.3775 0.0079 16.1252 0.0134
153.850267 -80.790986 9 0.977 nan nan 17.7439 0.0237 17.4669 0.0408 17.3548 0.0275
152.19886599999998 -80.897131 12 0.978 17.3397 0.0551 16.8664 0.0719 16.3993 0.0145 16.2388 0.0177
153.56876699999998 -80.943534 18 0.986 13.8736 0.0094 13.572000000000001 0.0081 13.3868 0.0076 13.3286 0.0085
153.888264 -80.817 3 0.95 nan nan nan nan 18.2745 0.0144 18.2497 0.0214
153.50719899999999 -80.951161 9 0.958 17.5759 0.0152 17.2825 0.022000000000000002 17.0146 0.0095 17.0021 0.0256
153.768525 -80.75918 13 0.98 16.8392 0.0112 16.5389 0.0163 16.1999 0.013999999999999999 16.1961 0.0074
153.901659 -80.84151 5 0.9570000000000001 nan nan 18.1799 0.0179 17.8504 0.0092 17.75 0.0132
153.86596699999998 -80.792734 20 0.982 17.6044 0.0607 17.2229 0.0208 16.8403 0.0158 16.7357 0.0184
153.871149 -80.793689 6 0.953 nan nan 17.6284 0.0464 nan nan 17.3543 0.0342
152.85381999999998 -80.97611500000001 12 0.977 16.2079 0.0103 15.9404 0.028999999999999998 15.7403 0.0142 15.6255 0.0241
153.624831 -80.72852900000001 18 0.977 16.6189 0.0195 16.2069 0.0071 15.9405 0.005 15.8582 0.0055
152.18971100000002 -80.76832900000001 14 0.985 14.3182 0.0076 14.2296 0.0224 14.2592 0.0071 14.2704 0.0061
152.610657 -80.702523 14 0.98 17.1458 0.0812 16.7572 0.0103 16.324 0.0145 16.2153 0.0258
153.89486599999998 -80.860908 18 0.982 16.0739 0.0111 15.7177 0.0056 15.4622 0.0084 15.3669 0.0054
152.135707 -80.880103 14 0.986 14.8466 0.0288 14.2841 0.0127 13.8609 0.0078 13.6855 0.0069
152.144376 -80.783716 12 0.978 17.0637 0.0567 16.7407 0.0109 16.4789 0.0081 16.366 0.0147
153.610286 -80.725723 12 0.9540000000000001 nan nan 17.5677 0.0274 17.0006 0.0076 16.7179 0.0191
153.57659099999998 -80.947191 12 0.973 17.4212 0.0279 16.9469 0.0171 16.5653 0.006 16.3837 0.0307
152.264072 -80.920986 4 0.981 16.1763 0.0197 15.7951 0.0212 15.515 0.0221 15.4419 0.0223
153.91665700000001 -80.83027 6 0.97 nan nan nan nan 17.8098 0.0223 17.7375 0.0752
153.731662 -80.922292 19 0.983 16.3653 0.0405 15.9767 0.0129 15.7065 0.0083 15.6223 0.006
152.14085 -80.886811 11 0.981 16.2691 0.0249 15.8786 0.0235 15.536 0.0067 15.4539 0.0099
152.75174199999998 -80.691884 11 0.981 16.3106 0.0265 15.8097 0.0479 15.4514 0.0151 15.3466 0.0082
153.915006 -80.81544699999999 5 0.96 nan nan nan nan 18.0619 0.0434 17.5648 0.0155
152.202204 -80.760178 9 0.965 17.521 0.0253 17.1956 0.0162 16.9024 0.0142 16.8407 0.0095
152.180332 -80.902839 12 0.981 16.569000000000003 0.0648 16.1793 0.0079 15.8877 0.0117 15.7938 0.0083
153.754448 -80.921263 9 0.975 nan nan nan nan 17.1831 0.038 16.5808 0.0097
153.592279 -80.94847 10 0.963 17.6816 0.0166 17.1954 0.0258 16.9492 0.0493 16.9005 0.0133
152.272626 -80.740596 8 0.98 nan nan 17.7131 0.0233 16.697 0.0231 16.2021 0.0134
152.85013600000002 -80.68636500000001 13 0.983 17.8199 0.0172 16.9441 0.0135 15.4926 0.0099 14.9624 0.006999999999999999
152.990161 -80.684325 14 0.98 16.7114 0.0434 16.2147 0.0084 15.9483 0.0089 15.7976 0.0071
153.93061799999998 -80.819386 18 0.9840000000000001 17.5849 0.0229 17.1135 0.0084 16.7263 0.0182 16.5674 0.0135
152.12558700000002 -80.88806600000001 15 0.981 16.2835 0.0202 15.9021 0.0077 15.6278 0.0118 15.5599 0.0058
153.883064 -80.78370699999999 15 0.98 17.9497 0.0225 17.6314 0.0163 17.2749 0.0279 17.1484 0.0276
152.293713 -80.932825 9 0.985 15.8457 0.0083 15.4769 0.0086 15.2386 0.0078 15.1363 0.0078
153.866322 -80.775374 8 0.9790000000000001 nan nan 17.8286 0.0295 17.4443 0.0203 17.4239 0.0103
152.467379 -80.70989399999999 16 0.993 14.8552 0.0084 14.5506 0.0147 14.4019 0.0065 14.3338 0.0053
152.671025 -80.692699 12 0.9570000000000001 16.9757 0.0136 16.6752 0.0771 16.3878 0.0146 16.3051 0.021
152.24114699999998 -80.924451 4 0.9790000000000001 17.5705 0.0175 16.8245 0.0216 16.1917 0.0115 15.9457 0.0165
153.809598 -80.913461 18 0.993 17.0983 0.028999999999999998 16.1463 0.0065 15.390999999999998 0.0085 15.0857 0.006999999999999999
153.875821 -80.893204 14 0.9670000000000001 17.5238 0.0147 17.0208 0.0124 16.7191 0.0289 16.598 0.0215
152.055283 -80.816598 15 0.982 16.1231 0.0112 15.6072 0.0102 15.152000000000001 0.008 14.9644 0.0096
153.456323 -80.967011 14 0.978 16.6956 0.012 16.2509 0.0125 16.0002 0.0152 15.866 0.0162
152.646065 -80.974593 13 0.988 17.4597 0.0196 16.5132 0.0124 14.9088 0.0073 14.2925 0.0053
153.949096 -80.81851999999999 6 0.9590000000000001 nan nan nan nan 17.8664 0.0155 17.53 0.0355
153.927403 -80.871701 17 0.9790000000000001 16.4332 0.0096 16.4841 0.0148 16.5853 0.0078 16.5627 0.0095
152.21428600000002 -80.92155600000001 4 0.958 17.8343 0.0141 17.4858 0.0254 17.1047 0.0207 17.0912 0.0275
152.11053 -80.77760699999999 14 0.983 15.5512 0.0158 15.1711 0.0217 14.8829 0.0053 14.7646 0.0061
153.662713 -80.944898 16 0.987 15.8029 0.0063 15.2188 0.0065 14.7639 0.0061 14.5608 0.0071
153.957256 -80.848948 27 0.9840000000000001 15.8022 0.0095 15.4722 0.0118 15.2441 0.0053 15.172 0.0105
152.146061 -80.763791 12 0.977 17.3574 0.1066 16.8037 0.0359 16.3161 0.0065 16.1026 0.0094
152.075368 -80.878472 18 0.9840000000000001 15.3205 0.0069 14.9761 0.0091 14.7406 0.0059 14.6718 0.0053
152.177013 -80.75329599999999 10 0.9670000000000001 17.6268 0.1311 17.3604 0.0127 16.9426 0.0206 16.8518 0.0084
152.61146100000002 -80.692 22 0.99 14.5367 0.0121 14.2269 0.0062 14.0256 0.0048 13.9506 0.0076
152.46553600000001 -80.962673 10 0.981 16.6677 0.0091 16.2224 0.0144 15.8255 0.0067 15.6672 0.0102
152.92471899999998 -80.678857 20 0.993 15.1944 0.0072 14.822000000000001 0.0152 14.5934 0.0081 14.5217 0.0062
153.831991 -80.914793 22 0.985 15.377 0.0111 15.034 0.0063 14.7877 0.0057 14.7078 0.0066
152.420595 -80.958973 8 0.951 18.1247 0.0182 17.464000000000002 0.0196 17.1647 0.054000000000000006 16.9062 0.0488
152.040611 -80.863477 12 0.961 17.7203 0.037000000000000005 17.3692 0.0502 17.0279 0.0117 16.8843 0.0474
152.83878 -80.679893 14 0.982 16.4475 0.0168 16.1281 0.0132 15.8515 0.0076 15.7504 0.0156
153.40543300000002 -80.691429 21 0.992 12.7526 0.008 12.1572 0.0111 11.7512 0.0048 11.5673 0.0054
153.633598 -80.714613 26 0.99 13.8307 0.0061 13.5075 0.0075 13.2677 0.0048 13.1998 0.0054
153.674715 -80.72024300000001 14 0.983 16.6468 0.0107 15.7514 0.006 14.9797 0.0054 14.6799 0.0063
152.328465 -80.948414 10 0.985 15.072000000000001 0.0075 14.7787 0.0079 14.6032 0.0076 14.5352 0.0092
152.019421 -80.85068299999999 13 0.976 16.7257 0.0101 16.423 0.0116 16.2237 0.0092 16.1793 0.0076
152.98732900000002 -80.676084 21 0.986 14.5726 0.0118 14.2878 0.0065 14.1309 0.0086 14.1031 0.005
152.024272 -80.804603 14 0.978 16.9987 0.011000000000000001 16.7539 0.0201 16.4634 0.0062 16.4597 0.032
153.86619299999998 -80.912077 14 0.978 17.2578 0.0246 16.8063 0.0211 16.5676 0.0138 16.4918 0.0105
153.75526399999998 -80.73106700000001 24 1.0 10.8648 0.0121 10.6876 0.0086 10.5728 0.0053 10.5731 0.0048
152.058641 -80.783203 15 0.983 17.4307 0.0479 16.5158 0.0386 15.537 0.0118 15.1504 0.0098
153.99043 -80.851794 13 0.9740000000000001 17.9666 0.0425 17.3674 0.0183 17.0507 0.0286 16.9131 0.0308
153.75131499999998 -80.939391 23 0.987 15.3402 0.0061 14.9737 0.0069 14.7737 0.0069 14.7004 0.0044
152.465395 -80.968522 14 0.99 14.5373 0.0074 13.945 0.0074 13.5719 0.0053 13.4184 0.0066
152.793573 -80.67710100000001 14 0.983 16.2792 0.0077 15.7908 0.008 15.4891 0.0091 15.3475 0.0057
152.34423600000002 -80.71307 15 0.981 16.8125 0.0422 16.3345 0.0092 16.0587 0.0202 15.9279 0.013999999999999999
153.718519 -80.945549 19 0.993 16.741 0.0264 15.7772 0.0109 14.6292 0.006999999999999999 14.1756 0.006
153.50767199999999 -80.97154 13 0.97 17.4028 0.0249 16.92 0.0304 16.5034 0.0146 16.3267 0.0126
153.982667 -80.801819 5 0.9570000000000001 nan nan 18.0116 0.0355 17.858 0.012 17.8557 0.0179
153.67440200000001 -80.71530200000001 16 0.976 17.2922 0.017 16.7769 0.008 16.3882 0.0133 16.2684 0.0268
152.43264299999998 -80.70156 10 0.96 17.8359 0.0461 17.2702 0.0295 16.8885 0.0107 16.7297 0.009000000000000001
153.773662 -80.936474 22 0.983 15.482000000000001 0.0079 15.1362 0.0078 14.9058 0.0061 14.8181 0.0044
151.996791 -80.84585 15 0.976 16.8872 0.0151 16.5611 0.0146 16.3095 0.0083 16.2241 0.0276
152.02678899999998 -80.794175 19 0.9940000000000001 13.6669 0.0086 13.4014 0.0061 13.2183 0.0076 13.1643 0.0053
153.922498 -80.770411 23 0.983 16.9326 0.0199 16.5252 0.0076 16.261 0.0163 16.1693 0.005
152.713496 -80.679424 12 0.975 17.0643 0.0426 16.7099 0.0537 16.3232 0.0065 16.1994 0.0135
153.148976 -80.992476 16 0.983 15.5733 0.0253 15.2311 0.0138 14.9647 0.0073 14.8862 0.0071
154.00008400000002 -80.810673 7 0.9690000000000001 nan nan 18.1484 0.0149 17.7605 0.0178 17.5337 0.0503
153.997746 -80.806729 11 0.9790000000000001 17.9399 0.0277 17.6263 0.0714 17.4492 0.0164 17.3369 0.0219
153.80903500000002 -80.931724 10 0.977 18.1055 0.0444 17.6264 0.0363 17.4548 0.0222 17.2454 0.0434
152.583819 -80.981208 12 0.977 16.9143 0.0205 16.5474 0.0361 16.3131 0.0285 16.1437 0.0253
153.313556 -80.98769200000001 14 0.9790000000000001 16.7138 0.0121 16.3688 0.01 16.0361 0.0057 15.9569 0.0109
154.016875 -80.824742 4 0.961 nan nan nan nan 18.1834 0.0087 17.9749 0.1042
154.014924 -80.84899399999999 10 0.977 nan nan 17.945999999999998 0.0172 17.430999999999997 0.0193 17.2371 0.0365
152.183782 -80.93211099999999 6 0.971 18.1545 0.039 17.1942 0.0233 16.7321 0.0208 16.5552 0.0322
153.520917 -80.974161 14 0.988 17.0705 0.0129 16.4764 0.0113 16.0692 0.0128 15.8342 0.0106
152.199413 -80.93690699999999 6 0.973 17.123 0.0117 16.8761 0.0135 16.5772 0.0167 16.5375 0.0301
152.03155800000002 -80.890746 14 0.977 17.4208 0.0537 16.9727 0.0281 16.5894 0.0298 16.4931 0.0428
152.038001 -80.773744 22 0.99 13.1327 0.0062 12.7658 0.0061 12.5283 0.0048 12.4415 0.006999999999999999
151.98526999999999 -80.86791 14 0.982 15.9605 0.0082 15.6939 0.0079 15.4923 0.0141 15.435 0.011000000000000001
154.035211 -80.842387 9 0.9740000000000001 nan nan 18.0967 0.0286 17.6575 0.0203 17.4297 0.0345
153.92224299999998 -80.758898 14 0.98 18.1999 0.0407 17.6433 0.0528 17.3721 0.0216 17.3406 0.0307
153.34313500000002 -80.677486 16 0.98 16.2517 0.0279 16.019000000000002 0.0128 15.825 0.0084 15.7845 0.0099
153.45421399999998 -80.982564 16 0.9840000000000001 15.0354 0.0076 14.6581 0.0178 14.3805 0.0083 14.2836 0.008
153.321214 -80.99138 16 0.973 16.9925 0.0333 16.6106 0.0469 16.283 0.0142 16.1924 0.0185
153.724176 -80.95392 18 0.9790000000000001 17.0834 0.06 16.63 0.0325 16.3406 0.0065 16.235 0.0057
152.012016 -80.780508 16 0.9840000000000001 15.4241 0.0106 14.9056 0.0073 14.4813 0.0048 14.2925 0.0103
153.892695 -80.74749399999999 7 0.971 18.3596 0.0272 18.0191 0.022000000000000002 17.7989 0.0082 17.7489 0.0528
152.148553 -80.73686500000001 10 0.983 15.8984 0.0122 15.3935 0.0236 15.0322 0.0063 14.8639 0.008
152.228297 -80.94744 4 0.982 16.8768 0.0178 16.2595 0.0111 15.7785 0.0118 15.6023 0.0205
152.014608 -80.776189 13 0.951 17.7083 0.0653 17.1719 0.0124 16.8686 0.0289 16.7567 0.0237
152.557326 -80.68162099999999 12 0.9540000000000001 18.4693 0.0519 17.8337 0.022000000000000002 17.1831 0.0123 16.9994 0.0236
151.95758999999998 -80.812375 14 0.981 16.5407 0.0089 16.1432 0.0164 15.8546 0.0056 15.7457 0.0147
153.104397 -80.66622199999999 16 0.983 16.665 0.0449 16.2742 0.0069 16.0279 0.01 15.9557 0.0126
153.753978 -80.716678 21 0.983 15.3157 0.0106 14.9461 0.0073 14.6397 0.0079 14.5107 0.0079
153.533037 -80.688765 18 0.9790000000000001 16.9031 0.0144 16.534000000000002 0.0236 16.2401 0.0223 16.1954 0.0168
153.342724 -80.992425 19 0.983 15.4241 0.0119 15.0424 0.0155 14.7909 0.0169 14.6753 0.0213
153.064156 -81.001591 11 0.9640000000000001 17.7706 0.0152 17.1472 0.0159 16.7489 0.0092 16.5753 0.0138
154.024537 -80.87737 13 0.985 16.0427 0.0166 15.5896 0.0113 15.3025 0.0121 15.1925 0.0093
153.63528200000002 -80.698932 15 0.953 17.9285 0.0256 17.3422 0.0209 16.9191 0.0521 16.6965 0.0102
152.408137 -80.973706 14 0.983 15.6413 0.008 15.3382 0.0076 15.1112 0.0054 15.0377 0.0104
151.942609 -80.848365 10 0.971 17.3239 0.0416 16.8304 0.0165 16.4645 0.013000000000000001 16.3354 0.0169
153.251256 -80.668904 13 0.968 17.2537 0.0321 16.9032 0.0113 16.6054 0.0079 16.4624 0.0075
153.051614 -81.002772 12 0.97 17.7082 0.021 17.1379 0.0233 16.8256 0.0091 16.6685 0.0214
153.83083100000002 -80.72816999999999 14 0.9620000000000001 17.7306 0.0116 17.1177 0.0154 16.7171 0.006999999999999999 16.5401 0.0057
154.040339 -80.798365 17 0.983 17.0111 0.0533 16.5517 0.0226 16.3379 0.0093 16.2289 0.0066
153.944417 -80.755813 11 0.9790000000000001 18.1487 0.0345 17.7566 0.0421 17.5362 0.0108 17.4874 0.02
152.057177 -80.914121 11 0.95 17.7478 0.0361 17.3446 0.0169 17.0349 0.0203 16.9097 0.0292
152.25655 -80.956192 6 0.9840000000000001 14.8785 0.0118 14.3882 0.0105 14.0356 0.0106 13.8696 0.0105
153.334904 -80.99548 12 0.9690000000000001 18.2809 0.032 17.2744 0.0185 16.5111 0.0155 16.1618 0.0099
151.936915 -80.85609699999999 15 0.985 15.3806 0.0068 15.0765 0.008 14.7901 0.0083 14.700999999999999 0.0059
153.93971299999998 -80.917361 0 0.9840000000000001 nan nan nan nan nan nan nan nan
152.258577 -80.710199 13 0.9840000000000001 16.1668 0.0192 15.5006 0.0123 15.0536 0.0122 14.8148 0.0099
153.900755 -80.92857099999999 23 0.9990000000000001 13.319 0.0095 12.6314 0.0061 12.1197 0.0049 11.8688 0.0052
152.122346 -80.93452099999999 8 0.977 17.4886 0.0142 17.004 0.0226 16.6671 0.0102 16.5681 0.0256
154.071279 -80.812636 3 0.96 nan nan nan nan 18.3138 0.0349 18.0074 0.0319
152.092827 -80.928539 7 0.976 nan nan 17.4906 0.0355 16.8534 0.0086 16.6067 0.0136
154.00008300000002 -80.76821 16 0.982 nan nan 17.0761 0.0355 16.5262 0.0135 16.2663 0.0116
152.079666 -80.743246 12 0.981 17.0817 0.0092 16.3814 0.0078 15.8416 0.0072 15.5905 0.0059
151.919639 -80.818976 18 0.986 14.7083 0.0098 14.4337 0.0065 14.2122 0.0093 14.149000000000001 0.0091
151.915121 -80.82885999999999 13 0.9740000000000001 17.0681 0.0163 16.683 0.0111 16.4037 0.0074 16.3329 0.0207
152.358644 -80.973461 14 0.997 13.8855 0.0175 13.4184 0.0074 13.1162 0.0061 13.0036 0.0061
154.047452 -80.78769100000001 20 0.985 15.3904 0.0066 14.9013 0.0082 14.5857 0.0093 14.4609 0.005
153.292329 -81.00054200000001 10 0.9520000000000001 18.3384 0.0546 17.5658 0.0166 17.11 0.0136 16.8928 0.0126
154.0552 -80.791962 8 0.981 nan nan 18.1877 0.0369 17.3037 0.0095 17.0156 0.0081
153.960917 -80.917346 13 0.981 18.0818 0.0348 17.4084 0.036000000000000004 16.8352 0.0187 16.5764 0.0204
152.520194 -80.676803 20 0.988 13.6077 0.0071 13.2872 0.0103 13.0844 0.0054 13.0189 0.0089
152.90672800000002 -80.658488 14 0.982 16.4345 0.0111 16.0476 0.0114 15.8123 0.0063 15.6909 0.0103
153.804119 -80.954165 14 0.981 17.4998 0.0158 17.0852 0.0226 16.865 0.0085 16.7815 0.0068
153.909523 -80.93366 20 0.982 16.5635 0.032 16.1313 0.0118 15.8757 0.0045 15.7569 0.0062
153.55703400000002 -80.681977 25 0.997 13.1658 0.0087 12.7928 0.0097 12.5371 0.0076 12.4597 0.0088
153.946682 -80.925477 13 0.98 17.9676 0.0239 17.6502 0.018000000000000002 17.053 0.0314 16.8937 0.0187
152.667054 -81.001577 21 0.985 14.5351 0.0075 14.2603 0.0242 14.068 0.0083 14.0251 0.0048
152.27816 -80.968078 3 0.961 nan nan 18.0428 0.0176 17.0047 0.0222 16.7892 0.0125
153.93458700000002 -80.739386 10 0.978 nan nan nan nan 17.4743 0.0169 16.7484 0.0144
152.352529 -80.977448 8 0.9570000000000001 18.043 0.0273 17.4998 0.0269 17.2398 0.0216 17.1539 0.0109
153.144164 -80.65783 12 0.96 17.5608 0.0205 17.3021 0.0173 17.052 0.023 16.899 0.0771
151.899264 -80.80767800000001 16 0.982 15.9325 0.0189 15.6292 0.0061 15.3871 0.0109 15.3318 0.0116
151.93947 -80.889611 14 0.982 16.2899 0.0303 15.9847 0.0103 15.7325 0.0064 15.6951 0.0112
153.601057 -80.983554 14 0.98 16.7831 0.0332 16.3251 0.0131 15.9882 0.0072 15.8227 0.0218
154.09124 -80.873509 14 0.981 16.8333 0.0194 16.2326 0.0249 15.8357 0.0718 15.5053 0.0302
154.118471 -80.839122 4 0.9620000000000001 nan nan nan nan 18.0037 0.0173 17.7879 0.0418
152.777408 -80.658622 10 0.97 17.2798 0.0408 16.8553 0.0115 16.5862 0.0238 16.5304 0.0289
154.10093 -80.868599 6 0.9620000000000001 18.4567 0.0355 18.0124 0.0308 17.8146 0.027999999999999997 17.6793 0.0554
154.120697 -80.829102 24 0.983 15.6021 0.0088 15.2324 0.0062 14.9791 0.0048 14.8933 0.0043
153.922664 -80.732772 23 0.983 15.9657 0.0136 15.6262 0.0149 15.4208 0.0059 15.3464 0.0082
152.276239 -80.97075799999999 8 0.985 15.1635 0.0114 14.6428 0.0105 14.2556 0.0529 14.0949 0.0459
153.898223 -80.941869 16 0.982 17.4635 0.024 16.9856 0.0153 16.7206 0.0146 16.5627 0.008
152.589334 -81.00039 10 0.968 18.0537 0.0367 17.4144 0.0143 16.9071 0.012 16.6719 0.0091
151.935441 -80.776296 12 0.98 16.7563 0.0165 16.3658 0.0072 16.0747 0.0086 15.937000000000001 0.0079
152.271376 -80.69721 21 0.9840000000000001 14.2323 0.0062 13.984000000000002 0.0184 13.8371 0.0073 13.7991 0.0047
154.06485700000002 -80.893514 7 0.953 17.9691 0.0196 17.5309 0.1217 17.2693 0.0112 17.2206 0.0117
154.093812 -80.878701 8 0.972 nan nan 18.0663 0.0481 17.5524 0.0217 17.3049 0.0494
153.365832 -81.004755 14 0.985 15.6311 0.009000000000000001 15.2321 0.0395 14.9189 0.0069 14.7927 0.0142
152.35251200000002 -80.982568 12 0.995 17.0988 0.0864 16.7508 0.0202 16.3834 0.0145 16.2309 0.0115
153.863427 -80.952014 6 0.9690000000000001 nan nan nan nan 17.8135 0.0377 17.4582 0.1185
154.13183 -80.817791 10 0.973 nan nan 17.951 0.0834 17.4544 0.021 17.313 0.035
152.10585 -80.722504 11 0.971 16.8708 0.0131 16.4582 0.0117 16.124000000000002 0.0114 16.0033 0.0239
153.22913799999998 -81.011208 10 1.0 10.9355 0.0074 10.4099 0.0171 10.049 0.0124 9.8189 0.0108
153.102838 -81.014354 16 0.987 15.1818 0.0122 14.8736 0.0255 14.6832 0.0146 14.6059 0.0054
154.049655 -80.907545 12 0.986 15.8889 0.0112 15.5319 0.0099 15.2499 0.0061 15.1645 0.0061
153.511699 -80.670568 14 0.978 16.9788 0.0324 16.6229 0.017 16.2809 0.0101 16.1773 0.0066
153.510505 -80.996948 14 0.982 16.0522 0.0097 15.5274 0.0137 15.1868 0.0099 15.0223 0.0065
152.300818 -80.689553 16 0.983 15.7108 0.0081 15.4481 0.0074 15.21 0.0059 15.145 0.0067
151.897238 -80.785857 12 0.982 16.2201 0.0091 15.845 0.0238 15.5947 0.0086 15.5038 0.0204
152.462478 -80.672588 11 0.981 16.9182 0.0421 16.3574 0.009000000000000001 16.0788 0.0083 15.8782 0.0192
154.091026 -80.892503 13 0.982 17.4156 0.0531 16.8055 0.0229 16.4332 0.037000000000000005 16.2638 0.0246
152.719901 -80.655681 4 1.0 nan nan nan nan nan nan nan nan
152.212942 -80.700339 16 0.9840000000000001 14.2942 0.0061 13.6928 0.0251 13.2684 0.0054 13.075999999999999 0.0073
153.646503 -80.986241 19 0.987 15.7339 0.0222 15.2492 0.0116 14.9198 0.0053 14.7876 0.0058
153.716384 -80.689398 13 0.95 18.3009 0.0215 17.507 0.0227 16.8778 0.0113 16.615 0.0158
152.552953 -81.003538 12 0.983 16.6116 0.0104 15.7573 0.0189 15.0374 0.0071 14.7739 0.0055
151.972375 -80.74975699999999 16 0.981 16.2696 0.0233 15.8194 0.0218 15.4845 0.018000000000000002 15.3344 0.0107
153.901428 -80.71846500000001 20 0.981 17.4848 0.0153 17.0741 0.0084 16.852999999999998 0.0093 16.807000000000002 0.0098
153.43395 -80.661879 15 0.986 15.825999999999999 0.0074 15.382 0.017 15.0384 0.0051 14.9151 0.0049
153.856445 -80.70909 17 0.9670000000000001 17.3449 0.0276 16.9804 0.0281 16.8426 0.0241 16.7718 0.0079
154.124387 -80.882245 8 0.972 18.1615 0.0187 17.7298 0.0456 17.5878 0.0175 17.439 0.0291
152.101402 -80.952292 7 0.9790000000000001 16.961 0.0113 16.6305 0.0299 16.3675 0.0166 16.3188 0.0192
153.596521 -80.99363000000001 13 0.98 17.2954 0.008 16.5346 0.0413 15.9012 0.0101 15.6153 0.008
152.2842 -80.687136 16 0.982 16.0625 0.0157 15.6873 0.0175 15.4183 0.0089 15.3413 0.0163
152.226471 -80.973578 9 0.982 16.0117 0.0127 15.6587 0.0124 15.4808 0.0062 15.4314 0.013999999999999999
153.783657 -80.696175 16 0.981 17.1442 0.0104 16.3297 0.0086 15.754000000000001 0.0086 15.5219 0.0059
153.9281 -80.721448 10 0.977 nan nan 18.3065 0.018000000000000002 17.6134 0.0176 17.2474 0.0341
152.20886000000002 -80.69621 14 0.988 16.6315 0.021 16.2547 0.0278 16.0171 0.0148 15.9029 0.026000000000000002
153.988555 -80.73393100000001 26 0.985 14.5779 0.0092 14.3279 0.0071 14.1948 0.0101 14.1693 0.0085
152.257572 -80.689053 12 0.9790000000000001 17.0639 0.0412 16.5812 0.0107 16.2055 0.0101 16.0643 0.0186
153.569149 -80.66995 27 0.985 13.6864 0.0053 13.3462 0.013000000000000001 13.1363 0.0048 13.0719 0.0109
152.40762 -80.995711 14 0.976 16.8489 0.0126 16.5979 0.0091 16.3783 0.0266 16.2575 0.0356
154.071977 -80.912098 16 0.985 16.4238 0.0248 15.8929 0.015 15.5004 0.0131 15.3432 0.0052
151.82736200000002 -80.820183 19 0.9840000000000001 15.2656 0.0062 14.8605 0.0062 14.6008 0.0117 14.5106 0.0114
153.958305 -80.725581 23 0.9890000000000001 15.1354 0.0078 14.5928 0.0135 14.2102 0.0066 14.0301 0.0056
153.268599 -81.01624699999999 12 0.982 16.3911 0.0104 15.6843 0.0378 15.1505 0.0294 14.8798 0.0099
151.868986 -80.781965 17 0.983 15.725 0.0126 15.3118 0.0172 15.0665 0.0064 14.9441 0.0101
151.903826 -80.76563900000001 11 0.9620000000000001 17.4853 0.0485 17.0683 0.013999999999999999 16.9643 0.0114 16.8402 0.0375
154.098468 -80.903465 14 0.983 16.9979 0.0195 16.5662 0.0248 16.268 0.0216 16.1542 0.0217
153.337917 -81.013549 12 0.9740000000000001 17.4537 0.0125 16.8139 0.0184 16.355999999999998 0.013000000000000001 16.1607 0.017
152.101892 -80.956342 13 1.0 11.9302 0.017 11.3858 0.0136 11.0105 0.0074 10.8492 0.0061
154.156303 -80.797531 20 0.993 nan nan 17.6513 0.0428 16.1669 0.0099 15.6269 0.013000000000000001
154.17183500000002 -80.861032 12 0.98 17.8631 0.0233 17.3784 0.0807 17.1367 0.0093 17.0068 0.0141
153.794581 -80.974408 19 0.9990000000000001 10.4304 0.0076 9.8897 0.0061 9.5631 0.0236 9.3646 0.0108
152.133142 -80.705458 12 0.982 16.0742 0.019 15.6067 0.027999999999999997 15.2598 0.0086 15.1338 0.0057
153.76641 -80.689696 16 0.978 17.3996 0.0161 16.9176 0.0242 16.5971 0.009000000000000001 16.5023 0.019
152.565025 -81.009687 14 0.991 14.9582 0.0092 14.427999999999999 0.0074 14.0389 0.0077 13.8699 0.0053
153.706885 -80.986457 21 0.977 16.6793 0.0267 16.1414 0.0316 15.6563 0.0095 15.485 0.0122
153.035511 -80.64369 20 0.9840000000000001 15.4016 0.0267 15.0467 0.0131 14.7832 0.0075 14.7037 0.0058
151.818349 -80.85933399999999 13 0.978 16.3735 0.0111 15.8705 0.0086 15.5441 0.0077 15.4456 0.0109
153.885423 -80.70656 24 0.985 15.9575 0.0075 15.6206 0.0124 15.3947 0.0042 15.3387 0.0066
153.219051 -81.020608 7 0.965 nan nan 17.9844 0.037000000000000005 16.7878 0.0207 16.3001 0.0134
153.861907 -80.966332 7 0.971 18.2904 0.0379 18.1735 0.0172 17.7407 0.0166 17.5752 0.016
153.97513600000002 -80.72433199999999 11 0.9790000000000001 nan nan 17.6805 0.1169 17.2426 0.0122 17.1302 0.0307
151.82711799999998 -80.873485 19 0.9940000000000001 14.929 0.0109 14.4265 0.0065 14.1153 0.0047 14.0185 0.0117
151.97896 -80.935265 10 0.982 16.2091 0.0255 15.8181 0.008 15.5503 0.0104 15.4909 0.0111
151.88934 -80.907671 10 0.978 17.9792 0.0438 17.0122 0.0131 16.2858 0.0095 15.9991 0.0199
151.805873 -80.85562900000001 16 0.982 15.8445 0.0117 15.379000000000001 0.0197 15.0626 0.0073 14.9524 0.0076
154.05516799999998 -80.743157 11 0.981 nan nan 17.7775 0.0195 17.1297 0.0327 16.8637 0.0176
152.292032 -80.988873 2 0.983 nan nan nan nan 15.1165 0.0105 15.0252 0.0147
152.534605 -81.010285 9 0.955 17.8022 0.0164 17.2863 0.017 17.0546 0.0108 16.9485 0.0129
152.29577 -80.989503 14 0.99 14.8868 0.0682 14.5416 0.0877 14.0933 0.0149 13.9905 0.012
154.119107 -80.905725 11 0.98 17.5969 0.0253 17.1097 0.0187 16.8046 0.0207 16.7335 0.0093
151.95598 -80.930518 7 0.95 17.8028 0.0242 17.4961 0.0159 17.125 0.0323 17.1173 0.0162
154.186464 -80.802098 28 0.985 16.3176 0.0126 15.8949 0.0187 15.6198 0.0083 15.5412 0.0039
154.193763 -80.861265 6 0.971 18.2368 0.0664 18.0547 0.0455 17.6491 0.0099 17.5364 0.0102
154.103199 -80.757813 16 0.986 17.8501 0.0261 17.3748 0.0357 17.0656 0.0212 16.9776 0.0118
153.048116 -81.025856 11 0.968 17.3362 0.0092 16.8986 0.0126 16.5815 0.0117 16.4837 0.0135
153.77345400000002 -80.68581800000001 21 0.987 15.0184 0.0089 14.5045 0.0054 14.1626 0.0048 14.027000000000001 0.0073
154.007486 -80.727226 13 0.981 17.8292 0.0317 17.5127 0.0134 17.144000000000002 0.0367 17.0089 0.0114
153.689888 -80.675031 19 0.981 15.8906 0.0097 15.6576 0.0113 15.5548 0.0064 15.559000000000001 0.0052
152.050635 -80.955095 9 0.985 16.4225 0.0118 16.0313 0.0253 15.824000000000002 0.0078 15.7352 0.0068
151.88543700000002 -80.911751 13 0.9840000000000001 15.8495 0.0095 15.2504 0.0182 14.8374 0.011000000000000001 14.6822 0.0057
153.590683 -81.00331 11 0.971 17.4021 0.0574 16.9785 0.0177 16.6881 0.0149 16.4988 0.0082
152.705284 -81.02170699999999 9 0.956 nan nan 17.3804 0.0625 17.0302 0.0238 16.8154 0.0355
154.217318 -80.846535 15 0.978 18.188 0.0133 17.7375 0.0252 17.4002 0.0166 17.2038 0.0344
153.0387 -81.02752 11 0.978 16.6623 0.0118 16.329 0.0092 16.0573 0.0064 15.9839 0.013999999999999999
152.848124 -81.026337 9 0.983 15.0023 0.0191 14.7893 0.0145 14.4854 0.0653 14.4942 0.0372
154.10718899999998 -80.75305300000001 13 0.976 18.1737 0.0278 17.6187 0.0215 17.3961 0.0305 17.3002 0.0156
151.849077 -80.900092 22 0.9990000000000001 13.0709 0.0061 12.5812 0.0061 12.2419 0.0073 12.1251 0.0048
153.318989 -81.021233 14 0.987 13.9362 0.0102 13.5923 0.0136 13.3728 0.0072 13.2529 0.0063
153.72569199999998 -80.677486 17 0.9690000000000001 17.2411 0.0117 16.8358 0.0248 16.5567 0.0111 16.5137 0.0131
154.06360700000002 -80.93113199999999 9 0.9740000000000001 18.2537 0.0155 17.5929 0.0248 17.527 0.0199 17.4401 0.012
151.799984 -80.87331400000001 13 0.966 17.5223 0.0593 17.0327 0.0105 16.8046 0.0226 16.6678 0.0224
153.485126 -80.654549 18 0.983 15.7611 0.0101 15.4656 0.0124 15.279000000000002 0.0068 15.2043 0.0063
153.943285 -80.95902099999999 23 0.982 17.3611 0.0414 16.8969 0.0193 16.55 0.0276 16.31 0.0131
154.13768000000002 -80.90754799999999 13 0.983 16.7102 0.0178 16.2649 0.0402 16.0199 0.0143 15.9112 0.015
154.217118 -80.812557 8 0.958 nan nan 18.1156 0.0202 17.7695 0.0492 17.6533 0.0095
154.121317 -80.914466 15 0.983 17.2366 0.0263 16.3401 0.0175 15.7013 0.0062 15.4667 0.0054
153.741491 -80.678206 17 0.9740000000000001 17.2071 0.0498 16.7976 0.0089 16.5686 0.0283 16.4457 0.0184
154.010441 -80.946373 23 0.982 16.2815 0.0126 15.9545 0.0172 15.7619 0.0133 15.703 0.0064
154.22988700000002 -80.84346500000001 7 0.966 nan nan 18.2294 0.0198 17.8657 0.008 17.7595 0.04
152.733174 -81.025056 13 0.983 15.8477 0.015 15.464 0.0354 15.1195 0.013999999999999999 15.0129 0.0105
153.956133 -80.95845 22 0.982 17.4114 0.0125 17.0043 0.0115 16.6514 0.0141 16.4684 0.0179
154.1949 -80.885723 19 0.983 16.8628 0.0217 16.4454 0.0085 16.2191 0.0059 16.1297 0.0295
152.063517 -80.705605 11 0.988 16.2584 0.0241 15.6221 0.0091 15.1213 0.0062 14.867 0.0055
152.123754 -80.69506700000001 10 0.972 17.493 0.0444 17.0998 0.0426 16.9439 0.0111 16.7757 0.0145
152.446047 -80.657009 10 0.9590000000000001 17.6312 0.0214 17.2296 0.0345 16.9441 0.016 16.879 0.0292
152.27526899999998 -80.994428 10 0.982 16.3592 0.0311 15.9902 0.0087 15.6866 0.0072 15.5981 0.0142
151.75966599999998 -80.821766 22 0.986 14.8172 0.0065 14.511 0.006999999999999999 14.3076 0.0097 14.2503 0.0056
153.32578999999998 -80.642325 12 0.977 17.0788 0.0423 16.5733 0.0097 16.1845 0.0071 16.0154 0.0096
153.744384 -80.992755 21 0.988 15.0936 0.0158 14.7114 0.0078 14.4766 0.0054 14.3813 0.0046
151.75822 -80.824061 20 0.985 15.0211 0.0076 14.6403 0.0062 14.4032 0.0058 14.3088 0.0062
152.82755500000002 -80.637086 14 0.982 16.5185 0.0104 16.1798 0.0132 15.9927 0.0067 15.9009 0.0153
154.228802 -80.804013 24 0.985 17.8161 0.1311 17.0352 0.0288 16.3464 0.0064 16.0756 0.0062
154.170188 -80.76764 24 0.985 16.7677 0.0164 15.8805 0.0184 15.1762 0.0042 14.9171 0.0069
153.071934 -81.031311 7 0.9640000000000001 nan nan nan nan 17.1534 0.008 16.6173 0.0299
151.890828 -80.92511800000001 4 0.98 17.2841 0.0191 16.703 0.0152 16.3892 0.02 16.226 0.012
154.218721 -80.876365 13 0.9790000000000001 nan nan nan nan 17.15 0.0222 16.5782 0.008
152.748471 -80.638949 12 0.971 16.9105 0.0155 16.5837 0.0274 16.2907 0.0097 16.1528 0.0147
152.290031 -80.997262 9 0.983 16.2882 0.0644 15.9141 0.0194 15.6588 0.0078 15.5953 0.0084
153.12282199999999 -81.03099499999999 14 0.983 15.5369 0.0113 15.2589 0.0196 15.0757 0.0061 15.0404 0.0173
153.194627 -80.63719499999999 13 0.977 17.2329 0.0598 16.7116 0.0096 16.4161 0.0055 16.2812 0.0077
152.913344 -80.634704 18 0.983 15.8451 0.0065 15.4463 0.011000000000000001 15.1765 0.0071 15.0818 0.0089
153.416281 -81.021486 11 0.9790000000000001 18.4004 0.0188 17.4499 0.015 16.2184 0.0237 15.6742 0.0226
151.888476 -80.926589 11 0.981 16.1995 0.0192 15.9178 0.0397 15.7298 0.0326 15.6674 0.0352
153.795691 -80.68029 14 0.966 17.2803 0.0165 16.8715 0.024 16.5397 0.0168 16.4563 0.0079
151.750734 -80.822152 4 0.9670000000000001 17.4026 0.0178 16.8711 0.0153 16.6112 0.0377 16.4308 0.0373
154.017416 -80.71850400000001 17 0.983 16.6422 0.0114 16.3338 0.0146 16.0396 0.0086 15.9447 0.0056
152.53030800000002 -80.648742 12 0.977 17.1449 0.0726 16.8268 0.0124 16.6177 0.0086 16.4866 0.0076
151.822075 -80.767521 12 0.977 17.261 0.0229 16.8195 0.0185 16.4411 0.0237 16.2988 0.0203
153.958159 -80.705108 7 0.978 nan nan 18.085 0.0212 17.7648 0.0347 17.6313 0.0377
154.25648999999999 -80.832151 19 0.9790000000000001 17.8395 0.027000000000000003 17.5486 0.019 17.2259 0.024 17.1423 0.024
153.830378 -80.984581 20 0.985 15.6233 0.0114 15.1874 0.0083 14.8772 0.0062 14.7686 0.0049
152.429563 -80.655187 11 0.981 16.9392 0.0104 16.3506 0.0104 15.9586 0.009000000000000001 15.7845 0.0128
153.784806 -80.990913 20 0.981 17.4079 0.0219 17.0755 0.0473 16.7208 0.0128 16.5663 0.023
153.836246 -80.684301 25 0.997 13.3452 0.0097 13.0032 0.0057 12.7789 0.0055 12.7215 0.0043
151.80953 -80.90075300000001 11 0.971 17.6497 0.0149 17.0489 0.009000000000000001 16.7193 0.0388 16.5708 0.0099
154.166525 -80.911041 4 0.955 nan nan nan nan 17.8389 0.0167 17.686 0.1518
151.79455 -80.894077 17 0.9990000000000001 11.615 0.0064 11.0799 0.0061 10.6485 0.0162 10.4688 0.0062
151.856581 -80.92019499999999 11 0.9840000000000001 13.7411 0.0075 13.1369 0.0105 12.7159 0.01 12.5378 0.0077
154.21266599999998 -80.778037 6 0.9620000000000001 nan nan nan nan 18.0293 0.0485 17.7728 0.0777
154.24111200000002 -80.79593 10 0.985 16.0812 0.0107 15.7446 0.0114 15.4717 0.0082 15.3663 0.01
152.046976 -80.70187 14 0.983 15.6661 0.0079 15.0736 0.0068 14.5972 0.0055 14.367 0.0053
152.227095 -80.674392 11 0.9790000000000001 18.0139 0.0255 17.059 0.034 16.3974 0.0092 16.0873 0.0148
154.239334 -80.793351 8 0.982 16.6124 0.0253 16.2737 0.0106 15.9277 0.0082 15.8353 0.0098
153.88644299999999 -80.690095 30 0.985 14.6926 0.0107 14.3314 0.0052 14.1023 0.0049 14.0415 0.0067
151.806793 -80.903837 19 0.985 14.6062 0.0063 14.2579 0.006999999999999999 14.0336 0.0058 13.9888 0.0087
153.989554 -80.961242 23 0.983 16.2778 0.0127 15.8685 0.013000000000000001 15.5617 0.0042 15.4598 0.0084
154.244251 -80.794652 30 0.997 14.95 0.0283 14.3284 0.0187 13.8724 0.0099 13.6612 0.0114
153.377733 -81.026786 19 0.9940000000000001 13.7788 0.0076 13.4335 0.0074 13.2464 0.0073 13.1523 0.0068
152.71629099999998 -80.63606 12 0.968 17.0421 0.0113 16.5359 0.0586 16.2972 0.0061 16.1828 0.009000000000000001
154.22929 -80.78364599999999 28 0.983 16.1736 0.0223 15.7548 0.0064 15.462 0.0071 15.3647 0.0066
151.926758 -80.725982 18 0.983 15.2693 0.0079 14.8713 0.0067 14.6268 0.0053 14.5218 0.0077
154.238072 -80.882372 20 0.983 16.5234 0.0123 16.1369 0.0075 15.9081 0.0058 15.8226 0.0057
152.72754 -81.03157900000001 9 0.9740000000000001 nan nan 17.9574 0.0514 16.6554 0.0098 16.1514 0.0121
152.389828 -81.01219 13 0.973 17.2845 0.0259 16.8418 0.0094 16.486 0.0124 16.3542 0.0144
151.724471 -80.835924 16 0.98 16.7076 0.023 16.382 0.0162 16.1736 0.0085 16.15 0.0074
152.142846 -80.984952 18 0.991 12.7734 0.0082 12.4796 0.0074 12.3251 0.0047 12.3003 0.006999999999999999
151.988796 -80.709492 11 0.977 17.301 0.0238 16.9235 0.0124 16.6076 0.0087 16.4247 0.0152
153.661981 -81.00863100000001 6 0.9740000000000001 18.1596 0.0214 nan nan 17.7068 0.0089 17.7217 0.0216
151.71928 -80.82768100000001 12 0.96 18.1197 0.0523 17.4813 0.015 17.1102 0.0345 16.9382 0.0355
153.526936 -80.64725 13 0.972 16.9927 0.0741 16.6427 0.0346 16.3525 0.0061 16.217 0.0101
153.998203 -80.70585600000001 12 0.9790000000000001 nan nan 17.5457 0.0471 16.9935 0.025 16.811 0.0296
154.252177 -80.789389 20 0.983 nan nan 16.9517 0.0268 16.5298 0.0093 16.3883 0.0077
154.27895 -80.813138 15 0.981 nan nan 18.1552 0.0266 16.9184 0.0113 16.3907 0.0192
152.480129 -81.021313 12 0.981 16.5133 0.0174 16.154 0.0238 15.8759 0.0132 15.7546 0.01
151.750145 -80.785903 22 0.998 12.2633 0.0061 12.0875 0.0061 11.9934 0.0047 11.9859 0.0047
154.254175 -80.883003 25 0.9840000000000001 15.6823 0.016 15.3496 0.0116 15.1246 0.0055 15.0582 0.0055
154.07555200000002 -80.721659 20 0.983 16.718 0.033 16.2991 0.0065 16.1013 0.0061 16.0439 0.0082
152.161664 -80.990399 13 0.981 16.5317 0.0125 16.092 0.0096 15.7584 0.0061 15.6257 0.0061
154.094615 -80.726329 23 0.983 15.6139 0.0173 15.2291 0.0088 14.9246 0.0093 14.8135 0.0052
154.18226 -80.917715 12 0.983 nan nan nan nan 16.13 0.0206 15.9956 0.0095
153.86548100000002 -80.680987 13 0.955 nan nan 18.0956 0.0181 16.8988 0.0156 16.4153 0.0221
154.218744 -80.905321 9 0.9840000000000001 nan nan nan nan 15.6897 0.0094 15.5254 0.0134
152.279518 -80.662424 13 0.981 16.7274 0.0132 16.2112 0.0449 15.7741 0.0064 15.5719 0.013000000000000001
154.24201499999998 -80.776388 35 0.997 15.099 0.0056 14.855 0.0115 14.6765 0.0049 14.639000000000001 0.0048
154.232244 -80.89953 14 0.983 16.7054 0.0273 nan nan 15.8263 0.0061 15.6545 0.011000000000000001
154.125201 -80.938778 6 0.971 nan nan 17.9943 0.0139 17.7108 0.0145 17.5325 0.0371
153.04648899999998 -80.626356 15 0.983 16.2364 0.0151 15.8226 0.0087 15.5486 0.0108 15.4592 0.0071
153.96936499999998 -80.69654200000001 6 0.973 nan nan 17.9859 0.0196 17.7261 0.0132 17.6291 0.037000000000000005
153.791995 -80.99877 16 0.9840000000000001 16.1475 0.0075 15.651 0.0077 15.2907 0.0101 15.1499 0.0076
154.24153700000002 -80.772018 22 0.987 17.8629 0.027999999999999997 16.832 0.0236 15.5115 0.0052 14.977 0.0055
154.303336 -80.827096 10 0.978 18.3628 0.0341 nan nan 17.6418 0.0134 17.4886 0.0453
151.92148500000002 -80.951933 10 0.978 16.9639 0.0107 16.5534 0.0223 16.3198 0.0081 16.2101 0.0085
154.258646 -80.890612 10 0.976 18.198 0.0146 17.6968 0.0128 17.4247 0.0109 17.2688 0.032
154.14765500000001 -80.73512 24 0.983 16.9245 0.0127 16.6202 0.0138 16.383 0.0165 16.3104 0.0114
153.62815700000002 -81.01672099999999 14 0.9690000000000001 17.6927 0.0132 17.209 0.0467 16.8181 0.0256 16.6438 0.0222
152.87129 -80.625566 12 0.98 16.5296 0.0194 16.1444 0.0104 15.9258 0.0075 15.7877 0.0166
154.274581 -80.784788 15 0.98 nan nan 17.7668 0.0306 16.9949 0.0147 16.6873 0.0128
154.036749 -80.963538 27 0.9990000000000001 11.2427 0.0116 11.1317 0.0047 11.129000000000001 0.0081 11.1526 0.0047
153.208778 -80.626538 13 0.978 16.941 0.0246 16.5326 0.0096 16.3101 0.0061 16.1746 0.0062
152.997673 -80.623716 21 0.9840000000000001 14.4513 0.0061 14.0957 0.0191 13.8621 0.0054 13.775 0.0048
154.316501 -80.838249 24 0.9840000000000001 17.3213 0.0396 16.905 0.0115 16.5031 0.0069 16.368 0.0087
152.87706200000002 -80.62440500000001 12 0.9790000000000001 16.7374 0.0099 16.3995 0.0292 16.1805 0.017 16.1076 0.0297
153.905068 -80.987248 0 0.998 nan nan nan nan nan nan nan nan
153.142584 -81.04222 12 0.973 17.3907 0.0217 16.8764 0.0253 16.3629 0.0109 16.1929 0.0132
154.250493 -80.768571 36 0.988 14.8282 0.0082 14.4934 0.006 14.2466 0.0038 14.1746 0.0039
153.808598 -80.66810799999999 16 0.975 17.33 0.0217 16.8997 0.0368 16.4421 0.0064 16.2846 0.006
153.978112 -80.69346999999999 11 0.981 nan nan 17.866 0.0277 17.1124 0.0185 16.8203 0.0095
154.303572 -80.801365 23 0.985 17.0603 0.0185 16.6781 0.0086 16.3797 0.0133 16.2608 0.0082
151.685509 -80.812921 22 0.9840000000000001 14.4649 0.0063 14.1267 0.0091 13.950999999999999 0.0056 13.8827 0.0085
152.117381 -80.67753499999999 11 0.977 16.9744 0.015 16.7525 0.0195 16.4431 0.0062 16.3675 0.012
154.13574599999998 -80.726589 20 0.982 17.8618 0.022000000000000002 17.1589 0.0284 16.8415 0.0121 16.6999 0.0225
153.905578 -80.68014000000001 10 0.976 nan nan 17.8996 0.018000000000000002 17.5426 0.012 17.259 0.0523
152.313949 -80.652918 16 0.978 16.7759 0.0167 16.3845 0.0192 16.0882 0.0317 15.9807 0.0152
152.316982 -80.652436 1 0.96 nan nan nan nan nan nan 16.5118 0.0242
151.770731 -80.755009 10 0.97 nan nan 18.0029 0.0652 16.8779 0.019 16.3722 0.0114
152.74589 -80.625587 14 0.983 14.6369 0.0108 14.0604 0.008 13.6309 0.0063 13.4592 0.0071
153.60905400000001 -80.64522 19 0.981 16.3862 0.006999999999999999 16.0853 0.0307 15.8441 0.0077 15.7874 0.006999999999999999
153.435276 -81.034109 14 0.9690000000000001 17.0522 0.0588 16.7235 0.0255 16.500999999999998 0.0116 16.3484 0.009000000000000001
152.56159 -80.63315300000001 15 0.981 16.1904 0.019 15.9023 0.0257 15.7841 0.0054 15.7211 0.0098
154.1955 -80.92905 19 0.996 nan nan nan nan 12.5561 0.005 12.4852 0.0054
153.52112 -80.638284 15 0.981 16.2958 0.0071 15.9988 0.0068 15.798 0.0067 15.7332 0.0068
151.913026 -80.957844 9 0.9590000000000001 17.5679 0.0164 17.2051 0.0198 16.9106 0.0273 16.84 0.0318
153.436047 -80.632873 13 0.9670000000000001 17.729 0.0365 17.2118 0.0315 16.7773 0.0122 16.6335 0.0327
154.050712 -80.965946 7 0.976 17.6457 0.0302 16.9137 0.0166 16.4173 0.0109 16.1634 0.0127
154.149933 -80.72667 20 0.981 17.4453 0.0543 17.0565 0.0433 16.8349 0.0153 16.7557 0.0103
153.992894 -80.691948 13 0.982 nan nan 17.33 0.0709 17.062 0.0141 16.9781 0.0398
154.305574 -80.788914 5 0.9590000000000001 nan nan 18.1155 0.0492 17.938 0.0086 17.864 0.0221
154.032275 -80.698809 12 0.98 nan nan 17.6032 0.0299 17.2747 0.0153 17.1457 0.0179
151.669552 -80.86278 15 0.9840000000000001 13.5853 0.0175 13.2865 0.0195 13.0831 0.0055 13.0382 0.0061
154.292644 -80.778293 7 0.9670000000000001 nan nan 18.1253 0.0243 17.8621 0.0148 17.7468 0.0259
154.33933000000002 -80.849133 33 0.9990000000000001 13.1684 0.006 12.4124 0.0048 11.8954 0.0044 11.6441 0.004
154.270861 -80.766852 26 0.987 15.4384 0.0056 14.9178 0.0064 14.4946 0.0042 14.3344 0.0038
152.745623 -81.043376 12 0.981 16.6336 0.0262 16.2403 0.0838 15.8994 0.0107 15.763 0.008
151.923362 -80.706944 13 0.982 16.3456 0.0175 15.9199 0.0091 15.6104 0.0126 15.4934 0.013999999999999999
151.94767099999999 -80.701142 13 0.963 17.5411 0.0297 16.9443 0.0112 16.6939 0.0063 16.5291 0.0094
152.178512 -81.004343 19 0.987 13.9507 0.0072 13.6263 0.0122 13.4252 0.0081 13.3691 0.0047
154.332944 -80.867019 6 0.9570000000000001 18.3565 0.0292 18.0501 0.0267 17.7794 0.035 17.7599 0.0237
151.730378 -80.763722 21 0.983 14.9059 0.0061 14.66 0.0066 14.4787 0.0048 14.4373 0.0061
153.841611 -81.001961 6 0.972 18.1009 0.0143 nan nan 17.5918 0.0131 17.4754 0.0197
152.818221 -81.046516 8 0.9790000000000001 16.2187 0.0121 15.8846 0.0208 15.5468 0.0095 15.4558 0.0143
154.323115 -80.792333 15 0.98 nan nan 17.7252 0.0236 17.241 0.012 17.0261 0.0191
154.037541 -80.972635 6 0.9640000000000001 nan nan nan nan 18.094 0.0156 17.5867 0.016
154.339252 -80.865195 16 0.9790000000000001 17.8279 0.0361 17.1989 0.0105 16.8361 0.0085 16.7658 0.0187
153.572095 -80.638367 6 0.9620000000000001 nan nan nan nan 16.9778 0.0182 16.4296 0.0098
151.694698 -80.893027 18 0.9940000000000001 12.4969 0.0162 12.1614 0.0086 11.9516 0.0108 11.9069 0.0053
151.763218 -80.923652 9 0.98 17.5241 0.0179 16.8266 0.0613 16.3019 0.0066 16.0589 0.0094
152.085804 -80.994029 12 0.953 17.9764 0.0291 17.6345 0.0676 17.1013 0.0133 16.9413 0.0378
154.245947 -80.749791 22 0.983 17.4935 0.0295 17.085 0.0099 16.8355 0.0091 16.7358 0.0122
153.564888 -80.637019 15 0.977 17.2919 0.0119 16.8126 0.0161 16.4222 0.0193 16.3113 0.0144
153.984875 -80.983788 14 0.978 18.0064 0.0227 17.6035 0.0754 17.3498 0.0301 17.1996 0.0402
152.021847 -80.68375999999999 13 0.9640000000000001 17.3055 0.1076 17.1159 0.0256 16.8433 0.0083 16.7974 0.0305
154.348672 -80.866754 9 0.9790000000000001 nan nan nan nan 17.2127 0.0095 16.7241 0.0062
151.685708 -80.77837 15 0.9540000000000001 17.5451 0.0425 17.1436 0.0296 16.9421 0.012 16.8419 0.0136
151.948817 -80.696324 12 0.963 18.0106 0.0152 17.2723 0.0151 16.6709 0.0065 16.4582 0.0174
152.254722 -81.016136 9 0.983 17.1119 0.0105 16.8813 0.0703 16.5359 0.0173 16.4788 0.0133
154.178258 -80.725459 5 0.961 nan nan nan nan 18.1167 0.0267 17.7826 0.0413
154.331346 -80.885642 25 1.0 12.4296 0.0063 11.8174 0.008 11.421 0.0047 11.2355 0.0047
153.952116 -80.991158 17 0.98 17.998 0.0244 17.2844 0.0111 16.9546 0.0213 16.8035 0.0199
152.141535 -80.664179 8 0.976 17.635 0.023 17.173 0.0218 16.7489 0.0166 16.5315 0.0127
153.940651 -80.993332 6 0.9520000000000001 nan nan 18.3154 0.0393 18.0106 0.0267 17.986 0.036000000000000004
151.682163 -80.896688 7 0.95 17.1065 0.0209 16.5587 0.0316 16.1128 0.0114 16.0605 0.0209
154.313715 -80.772249 18 0.983 17.7931 0.0121 17.1376 0.0125 16.701 0.0069 16.5427 0.012
154.367797 -80.81671 27 0.986 15.7189 0.0206 15.3858 0.0123 15.1131 0.0045 15.0317 0.0065
152.488908 -80.630669 13 0.973 17.4531 0.0391 16.941 0.0151 16.6272 0.0113 16.5072 0.011000000000000001
154.344424 -80.79126600000001 11 0.978 nan nan nan nan 17.6254 0.0184 17.1559 0.016
151.69921399999998 -80.905935 15 0.982 16.4897 0.0232 15.8769 0.0076 15.4296 0.0051 15.2485 0.0102
154.20168999999999 -80.94155 13 0.983 18.1383 0.0111 nan nan 16.63 0.0128 16.3961 0.006
151.658184 -80.786373 15 0.978 17.186 0.0175 16.5255 0.0127 16.0578 0.0052 15.8501 0.0159
153.015749 -81.052704 10 0.988 15.6593 0.0324 15.0863 0.0114 14.6588 0.0062 14.48 0.0084
153.734297 -81.019697 16 0.985 15.3021 0.0066 14.738 0.0112 14.3454 0.0054 14.1531 0.0048
154.355254 -80.79536 26 0.988 16.6515 0.0138 16.1429 0.0081 15.785 0.0064 15.6512 0.0096
154.169938 -80.71825799999999 13 0.973 17.4597 0.0556 17.3634 0.0114 17.4327 0.0156 17.4401 0.0075
153.781649 -81.01606600000001 13 0.963 nan nan 17.5569 0.0339 16.5543 0.013000000000000001 16.175 0.0076
154.377453 -80.857341 21 0.983 16.2601 0.0117 15.8416 0.0073 15.5484 0.0052 15.4454 0.0058
154.314558 -80.766563 6 0.956 nan nan nan nan 17.9288 0.008 17.4916 0.0074
153.98446 -80.989836 9 0.9690000000000001 nan nan nan nan 17.7394 0.0206 17.0603 0.0178
151.624852 -80.863213 15 0.982 16.3774 0.0227 15.95 0.0293 15.6709 0.0064 15.5726 0.0053
154.36628000000002 -80.873286 10 0.971 nan nan 17.9875 0.0211 17.6252 0.0136 17.4529 0.0324
151.61793799999998 -80.815947 13 0.96 17.3008 0.0416 16.937 0.0268 16.7258 0.0106 16.6422 0.0123
154.378458 -80.809371 9 0.9670000000000001 nan nan nan nan 18.0241 0.0148 17.4289 0.0407
152.62233799999998 -81.046604 7 0.983 15.9867 0.0185 15.3371 0.011000000000000001 14.885 0.0068 14.6591 0.0138
153.904049 -81.002779 17 0.982 15.9067 0.0115 15.5901 0.0124 15.3794 0.0214 15.2902 0.0079
154.28276599999998 -80.749879 13 0.976 nan nan nan nan 17.533 0.0093 17.0418 0.0163
154.291138 -80.752913 5 0.9620000000000001 nan nan nan nan 17.9744 0.015 17.771 0.0132
153.262226 -80.615576 8 0.951 nan nan 18.2448 0.0166 17.2632 0.009000000000000001 16.8975 0.0195
152.03863 -80.995305 18 0.988 15.2246 0.0114 14.7908 0.0081 14.4345 0.0101 14.325999999999999 0.015
152.128039 -80.661099 14 0.985 14.4827 0.0161 14.2149 0.0074 14.0438 0.0083 13.9843 0.0064
154.16544299999998 -80.713312 8 0.973 nan nan nan nan 17.6105 0.0164 17.2206 0.0134
151.61828400000002 -80.86796700000001 14 0.9740000000000001 17.3948 0.0402 16.8847 0.0228 16.6048 0.0151 16.5576 0.0089
152.627917 -81.04807 3 0.9640000000000001 nan nan 17.1157 0.0394 16.8066 0.0171 16.6331 0.0282
154.06430500000002 -80.690264 5 0.9620000000000001 nan nan nan nan 17.958 0.0137 17.5609 0.0924
152.81890900000002 -80.61227 14 0.977 17.0669 0.0109 16.565 0.0368 16.2132 0.0063 16.0894 0.009000000000000001
151.708995 -80.922679 9 0.976 17.5904 0.0202 16.9118 0.0285 16.5001 0.0079 16.2933 0.0103
154.233797 -80.941517 5 0.9690000000000001 nan nan nan nan 18.1106 0.0294 17.5644 0.0215
154.36261100000002 -80.782988 17 0.981 18.1093 0.0333 17.4985 0.0505 17.0683 0.0141 16.8941 0.0072
154.390119 -80.866395 16 0.983 17.5163 0.0127 16.9209 0.0257 16.4494 0.0087 16.1925 0.0098
152.09766299999998 -81.005617 17 0.985 15.9216 0.0224 15.5534 0.0186 15.2421 0.0105 15.1663 0.0049
154.175232 -80.712508 5 0.9620000000000001 nan nan 18.2017 0.0222 17.8873 0.0149 17.7957 0.0222
153.835905 -80.654125 25 0.9990000000000001 11.2759 0.0134 11.1005 0.0077 11.0241 0.0054 11.0499 0.0043
153.548949 -81.040305 11 0.973 nan nan 17.8685 0.0122 16.6087 0.0169 16.0864 0.0087
151.874423 -80.69977800000001 19 0.9840000000000001 14.9126 0.0087 14.6607 0.0077 14.4644 0.0064 14.4134 0.0054
154.409731 -80.828789 7 0.9620000000000001 nan nan nan nan 18.022000000000002 0.0235 17.9248 0.032
152.503004 -81.043937 12 0.975 17.2069 0.0263 16.8123 0.0352 16.4797 0.0111 16.4082 0.0134
154.007372 -80.99218 18 0.978 nan nan 18.2417 0.0407 17.0141 0.0238 16.5402 0.0108
153.122457 -80.609302 15 0.973 17.5817 0.0431 17.1944 0.0302 16.907 0.0207 16.7887 0.0197
153.991089 -80.674402 3 0.963 nan nan nan nan 18.1546 0.0114 17.8745 0.0309
154.301943 -80.923124 9 1.0 nan nan nan nan nan nan nan nan
152.756278 -81.05523199999999 12 0.981 16.8555 0.0253 16.269000000000002 0.0648 15.9359 0.0121 15.7908 0.018000000000000002
154.026699 -80.989665 23 0.983 17.4724 0.0122 16.6626 0.0303 16.0925 0.0095 15.786 0.013999999999999999
153.34783000000002 -80.615157 13 0.981 17.052 0.0295 16.6127 0.0299 16.344 0.0157 16.23 0.0117
152.399761 -80.62984499999999 10 0.975 17.49 0.0153 16.922 0.0187 16.6183 0.0164 16.4329 0.0116
153.62356599999998 -80.63119499999999 8 0.9590000000000001 17.5891 0.0157 17.2435 0.0125 16.8733 0.0556 16.7336 0.0124
153.613347 -80.630274 17 0.983 16.0478 0.0166 15.5795 0.0098 15.2459 0.0194 15.1087 0.0057
151.750558 -80.942167 10 0.978 17.0212 0.0125 16.6339 0.0455 16.2841 0.0088 16.1871 0.0129
152.647905 -81.052423 8 0.9740000000000001 17.1066 0.0445 16.9203 0.0312 16.8142 0.0302 16.6835 0.0151
154.26683400000002 -80.938129 14 0.982 nan nan nan nan 16.6583 0.0163 16.3999 0.015
151.698678 -80.743974 11 0.961 17.531 0.0889 17.1451 0.0114 16.9071 0.01 16.7551 0.0088
152.077687 -80.66139100000001 7 0.9640000000000001 nan nan nan nan 17.4262 0.0166 17.0152 0.013000000000000001
152.00510500000001 -80.67199699999999 21 0.9840000000000001 14.8728 0.0065 14.5766 0.0124 14.3641 0.0054 14.2908 0.006999999999999999
151.687558 -80.746915 10 0.97 17.2231 0.012 16.8419 0.0131 16.4183 0.0095 16.3898 0.0476
152.182531 -80.648101 13 0.963 17.2792 0.0123 16.9262 0.0182 16.6473 0.01 16.535999999999998 0.0306
154.050248 -80.988543 14 0.9790000000000001 18.0905 0.0346 17.5728 0.0215 17.2092 0.0108 17.0972 0.0178
151.68354399999998 -80.748204 11 0.977 16.9374 0.0455 16.5145 0.009000000000000001 16.2555 0.032 16.1542 0.0143
154.397678 -80.790542 34 0.9940000000000001 14.4874 0.0088 14.1058 0.0056 13.8258 0.0038 13.7272 0.0036
154.046664 -80.680339 14 0.98 18.2545 0.0214 17.6631 0.0142 17.1814 0.0305 17.0357 0.0235
153.348129 -81.053997 14 0.9790000000000001 16.7611 0.0252 16.3417 0.0275 16.0526 0.0065 15.8942 0.0123
151.673265 -80.750698 11 0.9520000000000001 nan nan 17.7682 0.0383 17.0788 0.0174 16.8278 0.0493
154.083733 -80.68601899999999 23 0.983 16.234 0.0099 15.7095 0.0175 15.304 0.0047 15.1673 0.0071
152.42126100000002 -80.62500899999999 12 0.982 16.1634 0.0519 15.7311 0.0111 15.4368 0.0108 15.3238 0.0088
154.392313 -80.781525 8 0.9740000000000001 18.3053 0.0473 nan nan 17.8101 0.0091 17.6863 0.0181
154.27641699999998 -80.940027 17 0.986 nan nan nan nan 15.1187 0.0051 15.0134 0.0054
154.435016 -80.834096 26 0.982 17.1747 0.0127 16.8072 0.0102 16.4311 0.0094 16.3132 0.0079
154.433805 -80.823611 28 0.983 16.4034 0.0086 15.9341 0.0076 15.5682 0.005 15.4293 0.0075
151.830194 -80.967937 11 0.982 15.6139 0.0242 15.3623 0.0088 15.2044 0.0074 15.1572 0.0077
154.367619 -80.765896 17 0.9740000000000001 17.2956 0.0233 17.2176 0.040999999999999995 17.5736 0.129 17.4115 0.1115
151.730942 -80.727951 19 0.983 15.6676 0.0079 15.3179 0.016 15.0811 0.0058 14.9909 0.0053
152.529921 -80.617183 13 0.976 17.1935 0.11800000000000001 16.6809 0.0124 16.3054 0.0059 16.1229 0.019
153.786346 -81.026059 11 0.99 nan nan 17.7624 0.0206 17.2462 0.0116 17.0597 0.0193
154.086397 -80.98519300000001 8 0.97 nan nan nan nan 17.9769 0.0185 17.6668 0.0153
154.042127 -80.99284300000001 25 0.9940000000000001 14.2831 0.0128 13.7252 0.0144 13.3812 0.0043 13.2335 0.0064
151.59666 -80.88749200000001 20 0.987 14.88 0.0148 14.5219 0.0066 14.2786 0.0048 14.2018 0.0053
151.57834 -80.873681 19 0.996 13.7145 0.0078 13.3765 0.0099 13.1717 0.0053 13.1288 0.0067
154.313817 -80.741206 18 0.981 17.7617 0.0296 17.3375 0.0172 17.1116 0.0084 16.9841 0.0163
151.928654 -80.68119 16 0.987 15.8008 0.0108 15.1123 0.0084 14.5853 0.0048 14.3669 0.0047
153.17826000000002 -81.061328 12 0.9790000000000001 16.7825 0.0192 16.2732 0.0188 15.9374 0.0085 15.794 0.0055
151.818112 -80.70358 16 0.983 15.6661 0.0098 15.3217 0.0122 15.0817 0.008 15.0288 0.02
154.088971 -80.684235 24 0.985 15.8163 0.0064 15.4491 0.0144 15.2186 0.0116 15.1575 0.0065
152.202952 -80.642228 15 0.982 16.2075 0.0097 15.8248 0.01 15.5325 0.0165 15.4677 0.0083
154.151164 -80.695836 6 0.9590000000000001 nan nan 18.0853 0.0427 17.9054 0.0345 17.7438 0.0674
153.830444 -81.0228 15 0.983 16.6261 0.0262 16.1942 0.0264 15.8735 0.0064 15.7187 0.0056
152.758254 -80.606212 14 0.9670000000000001 17.5672 0.0421 17.1864 0.048 16.8633 0.0097 16.7556 0.0095
153.213944 -81.061585 12 0.982 16.3489 0.009000000000000001 15.9221 0.0252 15.5997 0.0151 15.5452 0.028999999999999998
153.901568 -81.015088 8 0.977 nan nan 17.6287 0.0236 17.5021 0.0137 17.387 0.0216
154.35211999999999 -80.918876 5 0.977 nan nan nan nan 17.4591 0.0259 17.33 0.0189
152.613426 -81.056026 8 0.9620000000000001 18.0348 0.0312 17.381 0.0187 16.9925 0.0338 16.7975 0.0178
151.992928 -80.66865 14 0.98 17.1292 0.0124 16.6135 0.0457 16.3415 0.0077 16.2287 0.0072
154.16600400000002 -80.972716 12 0.973 nan nan 18.0838 0.0259 17.5623 0.0102 17.2852 0.0362
153.18060400000002 -80.603658 11 0.981 17.8575 0.0194 16.8619 0.0287 15.7773 0.015 15.339 0.0074
153.354261 -80.608853 21 0.9940000000000001 12.4088 0.011000000000000001 12.1611 0.0105 11.9891 0.0059 11.9452 0.0047
154.36255 -80.916829 5 0.9670000000000001 nan nan nan nan 17.8736 0.0102 17.785 0.0157
152.90782099999998 -81.065197 8 0.975 16.8346 0.023 16.3885 0.0105 16.0339 0.0122 15.9505 0.006999999999999999
153.211729 -81.06331 11 0.983 16.2682 0.0415 15.8464 0.012 15.5709 0.0097 15.4863 0.0101
154.457492 -80.849612 24 0.982 17.5387 0.0147 17.2237 0.0266 16.8797 0.0103 16.7421 0.0186
154.45345700000001 -80.813245 26 0.985 16.9252 0.0247 16.4181 0.0068 16.1623 0.0084 16.0466 0.012
152.157181 -81.024765 8 0.9790000000000001 nan nan 18.0398 0.0192 16.1779 0.0065 15.51 0.0061
151.537141 -80.840102 21 0.997 12.9072 0.0135 12.584000000000001 0.0062 12.3895 0.0047 12.3344 0.0053
152.977702 -80.600188 16 0.982 16.462 0.0141 15.9339 0.0064 15.607999999999999 0.0082 15.4435 0.0115
151.57410900000002 -80.782738 13 0.973 17.1396 0.0156 16.8448 0.0181 16.6262 0.0154 16.6134 0.006999999999999999
151.55788700000002 -80.79391 18 0.983 15.5027 0.0069 15.1127 0.0103 14.8594 0.0052 14.7858 0.0077
154.069987 -80.674853 8 0.971 18.2557 0.0144 17.9026 0.0263 17.6399 0.0207 17.4848 0.0512
154.314869 -80.93964799999999 14 0.981 nan nan nan nan 17.1172 0.0121 16.8632 0.027000000000000003
154.17001100000002 -80.97649100000001 6 0.9640000000000001 nan nan 18.1711 0.026000000000000002 17.9603 0.0192 17.8571 0.0121
151.70599099999998 -80.946146 13 0.986 14.8396 0.0079 14.4833 0.0134 14.2793 0.0061 14.2197 0.0061
154.200173 -80.970167 7 0.97 18.4534 0.0553 18.0851 0.024 17.8279 0.0076 17.7941 0.0123
152.77443 -81.064769 16 0.987 14.5715 0.0252 14.2507 0.0074 14.0369 0.0061 13.9829 0.0056
153.39813700000002 -80.608094 12 0.9670000000000001 17.1666 0.0178 17.0082 0.0121 16.8724 0.0079 16.8725 0.0158
154.361228 -80.74678 12 0.978 18.1994 0.0336 17.7348 0.0188 17.4361 0.0077 17.3242 0.03
153.42646000000002 -80.609142 17 0.9790000000000001 16.6229 0.0172 16.3497 0.0243 16.1795 0.0135 16.1301 0.0087
151.855926 -80.687344 18 0.983 14.8527 0.0071 14.5105 0.0088 14.2618 0.0066 14.1591 0.0053
152.664728 -81.061973 12 0.983 15.0901 0.0113 14.9168 0.0105 14.7541 0.0087 14.7382 0.0069
154.28205400000002 -80.720023 26 0.988 15.4907 0.0101 14.8485 0.0056 14.370999999999999 0.004 14.1526 0.0048
153.30676699999998 -80.603865 15 0.982 16.1553 0.0183 15.7077 0.0085 15.3454 0.0083 15.2068 0.0078
154.473953 -80.8338 27 0.983 17.1273 0.0445 16.8227 0.0258 16.5744 0.0131 16.5281 0.0081
151.684011 -80.941488 9 0.9740000000000001 17.1264 0.0118 16.6718 0.0252 16.461 0.0075 16.3113 0.019
154.105719 -80.679714 6 0.958 nan nan 18.0954 0.0281 17.9624 0.0123 17.8918 0.0156
152.083281 -81.018597 22 0.986 14.2451 0.006999999999999999 13.9813 0.0146 13.783 0.0105 13.7268 0.0047
153.89054299999998 -80.646907 19 0.981 16.4868 0.0193 16.1099 0.0085 15.8326 0.0092 15.7707 0.0049
153.620349 -80.620195 25 0.9990000000000001 11.774000000000001 0.0102 11.4788 0.0095 11.325 0.0051 11.3079 0.0048
154.064646 -80.998307 28 0.99 14.8528 0.013999999999999999 14.5069 0.0053 14.3085 0.0063 14.2384 0.005
154.226195 -80.703733 12 0.976 18.374000000000002 0.0285 17.6943 0.051 17.4167 0.0452 17.2733 0.0266
154.239218 -80.706684 20 0.982 18.037 0.0257 17.3521 0.0267 16.6819 0.0095 16.4241 0.011000000000000001
153.531524 -80.6136 15 0.9790000000000001 16.9164 0.0463 16.5256 0.0125 16.2558 0.0073 16.1105 0.0076
153.857167 -80.641983 18 0.98 16.5042 0.0074 16.1897 0.0198 15.9439 0.0097 15.8329 0.0062
152.55838400000002 -80.608429 14 0.976 16.9892 0.0138 16.5774 0.0412 16.3184 0.0062 16.2199 0.0205
152.164904 -80.63940699999999 10 0.971 17.4086 0.0351 17.0583 0.0096 16.7694 0.0132 16.7227 0.0096
151.787803 -80.971065 11 0.982 16.8715 0.0129 16.5182 0.0525 16.2646 0.0173 16.1707 0.0068
151.997064 -81.008608 10 0.963 17.6559 0.0225 17.294 0.012 16.9579 0.0149 16.9181 0.0246
151.531351 -80.803312 19 0.982 15.7209 0.0178 15.3888 0.0071 15.1607 0.0049 15.1033 0.0069
152.631352 -80.60457099999999 14 0.983 14.2312 0.0724 13.8977 0.0495 13.7388 0.0102 13.6569 0.0068
151.712291 -80.95353 8 0.966 17.4941 0.0196 17.2303 0.0243 16.9628 0.0081 16.9036 0.0086
154.318532 -80.944773 16 0.983 nan nan nan nan 16.0743 0.0076 15.8529 0.0049
152.991986 -80.596661 16 0.99 15.6399 0.0155 15.0465 0.0062 14.5235 0.0047 14.2906 0.005
151.517565 -80.85466600000001 15 0.992 16.9493 0.0146 16.1787 0.0106 15.5285 0.016 15.2731 0.0056
153.949544 -80.652004 4 0.963 nan nan nan nan 17.8394 0.0118 17.7135 0.0613
154.196469 -80.97663100000001 28 0.9840000000000001 15.6167 0.0055 15.2902 0.006 15.0368 0.0084 14.9347 0.0113
153.85728400000002 -81.02838100000001 11 0.977 17.3091 0.0491 16.695 0.0117 16.4396 0.0206 16.1967 0.0083
152.32141000000001 -81.045384 10 0.972 17.3042 0.0907 16.9658 0.0105 16.7011 0.0065 16.5723 0.0181
153.122442 -80.59666800000001 18 0.983 15.4755 0.0162 15.1208 0.0113 14.9118 0.006999999999999999 14.8249 0.0056
154.48736100000002 -80.85315899999999 24 0.982 17.1834 0.0086 16.778 0.0134 16.4916 0.0091 16.3747 0.0107
151.509599 -80.844089 19 0.9840000000000001 14.1929 0.0061 13.8872 0.0067 13.709000000000001 0.0061 13.6551 0.006
154.490949 -80.83082900000001 5 0.966 nan nan nan nan 18.0903 0.0309 18.0676 0.0439
154.085608 -80.671983 17 0.981 17.8666 0.0271 17.3793 0.0096 17.063 0.011000000000000001 16.8995 0.0064
154.0622 -80.667855 7 0.977 nan nan 17.9901 0.0233 17.6061 0.0288 17.4179 0.0224
154.378366 -80.744625 15 0.977 nan nan 18.1197 0.0246 17.4385 0.0073 17.0588 0.0144
152.673722 -81.065635 11 0.973 17.3183 0.0251 16.8625 0.0282 16.475 0.009000000000000001 16.363 0.0189
152.40964499999998 -80.614877 12 0.98 16.5568 0.0283 16.1683 0.0268 15.8969 0.0083 15.7578 0.0086
154.404805 -80.754138 26 0.981 17.5674 0.0288 17.1281 0.027999999999999997 16.689 0.011000000000000001 16.5325 0.0103
154.496274 -80.83400999999999 5 0.97 nan nan nan nan 17.9037 0.0246 17.7904 0.0316
151.602561 -80.921386 19 0.992 13.7579 0.0188 13.5455 0.0063 13.4308 0.0112 13.3981 0.0084
154.46871299999998 -80.790258 36 0.9940000000000001 14.7014 0.0125 14.2424 0.0047 13.9183 0.0053 13.796 0.0036
154.217282 -80.69566 3 0.9690000000000001 nan nan nan nan 17.9248 0.0256 17.7471 0.0159
154.494376 -80.814175 31 0.992 15.584000000000001 0.0183 15.1849 0.012 14.9076 0.004 14.8199 0.0046
154.061893 -80.665912 7 0.976 18.2976 0.0425 17.7779 0.0154 17.5985 0.0112 17.4427 0.0373
151.499348 -80.841623 9 0.98 nan nan 17.3885 0.0145 16.4253 0.0079 16.008 0.034
152.923876 -81.072154 12 0.9840000000000001 14.2653 0.0074 13.4789 0.0074 12.8832 0.0066 12.6167 0.0053
153.318129 -81.067262 18 0.978 16.9028 0.0431 16.4522 0.0088 16.1754 0.0061 16.072 0.0171
153.143279 -80.595067 20 0.983 14.9459 0.0062 14.7375 0.0134 14.5716 0.0048 14.5252 0.0048
154.50373100000002 -80.837737 17 0.981 nan nan 17.6017 0.0144 17.24 0.0121 17.0599 0.0098
154.333702 -80.94657099999999 19 0.983 16.0614 0.0097 nan nan 15.4156 0.004 15.3253 0.008
152.304852 -80.62034 20 0.9990000000000001 13.8317 0.0106 13.1897 0.0102 12.7427 0.0047 12.5228 0.0083
152.900924 -80.59313 14 0.966 17.4177 0.0337 16.9178 0.0228 16.5983 0.0058 16.4748 0.0077
154.002613 -80.654386 6 0.966 nan nan 18.0949 0.0338 17.7675 0.0361 17.4987 0.0358
152.882203 -81.073651 7 0.951 nan nan nan nan 16.7046 0.0211 16.1166 0.0225
151.489722 -80.817008 13 0.98 17.3287 0.0382 16.7106 0.0148 16.2786 0.0088 16.1043 0.006
153.848829 -81.034399 0 0.9670000000000001 nan nan nan nan nan nan nan nan
153.104354 -81.07428 13 0.976 17.2816 0.0146 16.7475 0.0173 16.3469 0.0235 16.204 0.0109
154.081775 -81.004366 18 0.981 17.3257 0.0134 17.0002 0.0588 16.7355 0.008 16.6495 0.0123
151.494825 -80.868341 20 0.99 14.9143 0.0084 14.6299 0.0076 14.4351 0.0048 14.3933 0.0086
154.489349 -80.78909499999999 20 0.981 17.5477 0.0141 17.2215 0.0312 16.9174 0.016 16.7691 0.0198
153.971441 -80.648609 15 0.981 17.5856 0.0236 17.1864 0.0272 16.9182 0.0234 16.8346 0.0281
154.33258 -80.952425 10 0.9740000000000001 nan nan 17.9726 0.0467 17.7232 0.0339 17.5553 0.0693
153.702462 -81.049002 20 0.982 16.9608 0.0096 16.5069 0.0177 16.2245 0.0141 16.1206 0.0113
153.47122199999998 -80.60318199999999 12 0.95 18.0892 0.0253 17.5538 0.069 17.0939 0.0233 16.9186 0.0135
151.667358 -80.953225 9 0.955 17.2757 0.0377 16.893 0.0147 16.5897 0.0202 16.5664 0.0332
152.848512 -81.074968 14 0.985 13.4834 0.0086 13.1906 0.0077 13.0127 0.0065 12.9814 0.0061
151.859207 -80.673994 13 0.973 17.1953 0.0118 16.8334 0.0166 16.5026 0.0154 16.4269 0.0358
154.363679 -80.726998 7 0.9670000000000001 nan nan nan nan 18.0196 0.0214 17.8656 0.0546
151.578598 -80.747853 16 0.9790000000000001 17.1175 0.0424 16.6043 0.0087 16.1384 0.016 15.9824 0.0277
154.260047 -80.972706 20 0.981 18.2803 0.0277 17.6215 0.0294 17.083 0.0136 16.852 0.0256
153.13515800000002 -81.075627 13 0.9670000000000001 17.4433 0.0351 16.9947 0.018000000000000002 16.6993 0.0135 16.6764 0.0438
153.383902 -80.598119 15 0.982 16.1722 0.0107 15.8314 0.0102 15.6282 0.015 15.5834 0.0073
154.447967 -80.75895600000001 6 0.9570000000000001 nan nan nan nan 17.9845 0.0085 17.7309 0.0554
153.974704 -80.647274 9 0.978 nan nan nan nan 17.4444 0.0126 17.0344 0.0223
154.529978 -80.833137 12 0.975 nan nan nan nan 17.6079 0.0285 16.9387 0.0129
151.71983999999998 -80.701736 20 0.9840000000000001 14.5548 0.0063 14.3155 0.0076 14.1125 0.0048 14.0638 0.0079
153.97954099999998 -80.646709 4 0.9740000000000001 nan nan nan nan 17.5544 0.0186 17.2695 0.0258
154.39168600000002 -80.732524 28 0.985 16.8943 0.0151 16.4086 0.0101 16.0454 0.0145 15.8806 0.0078
154.13440400000002 -81.00003000000001 24 0.9990000000000001 12.2939 0.006 11.6416 0.0086 11.224 0.0075 11.0072 0.0063
151.716018 -80.969949 10 0.986 16.3998 0.0093 16.0104 0.025 15.7947 0.0117 15.735 0.0074
152.309876 -80.615341 21 0.986 13.672 0.0073 13.4277 0.0115 13.2609 0.0047 13.2119 0.0048
153.58455 -81.060287 16 0.9640000000000001 17.5744 0.0263 17.1304 0.0356 16.6451 0.0203 16.465999999999998 0.0118
154.222093 -80.686645 14 0.981 17.7364 0.0149 17.4154 0.0169 17.0975 0.017 17.0507 0.0111
154.214428 -80.98580799999999 23 0.986 16.2502 0.0074 15.4928 0.0055 14.987 0.0046 14.7727 0.0061
151.486504 -80.881711 10 0.981 16.5404 0.0108 16.1846 0.0079 15.9251 0.0103 15.9004 0.0106
