ra dec ngood class_star g_psf e_g_psf r_psf e_r_psf i_psf e_i_psf z_psf e_z_psf
19.554813 -75.203352 12 0.983 17.2661 0.0071 16.5762 0.0065 16.0485 0.0176 15.8301 0.0067
19.515055 -75.213382 6 0.97 19.0494 0.0471 18.7538 0.0317 18.5211 0.0207 nan nan
19.5234 -75.218885 18 0.9990000000000001 13.4537 0.0062 13.1296 0.0072 12.9296 0.0062 12.8722 0.0061
19.521342 -75.19036899999999 15 0.986 15.710999999999999 0.0879 15.6383 0.0588 15.7408 0.0115 15.6814 0.0538
19.504453 -75.191139 6 0.971 19.0476 0.0156 18.7743 0.0209 18.6228 0.0108 nan nan
19.468653 -75.20000999999999 9 0.983 16.9096 0.0117 16.1394 0.0084 15.5712 0.0258 15.3055 0.008
19.471028 -75.198252 7 0.97 18.6063 0.0107 17.9834 0.0497 17.5041 0.0244 17.2486 0.069
19.475753 -75.18748199999999 9 0.98 18.5602 0.0324 18.1223 0.0074 17.7863 0.0083 17.6282 0.0115
19.442460999999998 -75.213452 10 0.976 18.7212 0.0103 18.4057 0.0101 18.1781 0.0109 18.0924 0.0302
19.435203 -75.206603 9 0.982 17.947 0.0094 17.5931 0.0073 17.3316 0.0098 17.1597 0.0105
19.482903 -75.22577199999999 5 0.9790000000000001 18.9362 0.012 18.5992 0.0105 18.2324 0.0578 18.0862 0.0257
19.600421 -75.191401 8 0.9570000000000001 19.2162 0.0465 18.7981 0.0201 18.4807 0.0309 18.2403 0.0434
19.534235 -75.230735 8 0.982 17.8755 0.0127 17.5445 0.0092 17.2756 0.0312 17.1842 0.024
19.625946 -75.211672 8 0.976 18.95 0.0282 18.6201 0.0241 18.3015 0.0128 18.2668 0.0165
19.618925 -75.18904 8 0.965 19.0884 0.0131 18.6352 0.0088 18.2431 0.0538 18.1665 0.0698
19.411856 -75.19949100000001 6 0.9670000000000001 19.4218 0.0174 19.1075 0.0163 19.0313 0.0338 nan nan
19.598307000000002 -75.18197099999999 9 0.975 18.9778 0.0126 18.4591 0.008 18.1442 0.0389 17.974 0.0171
19.586263 -75.179175 7 0.972 18.8975 0.0117 18.5951 0.0081 18.3928 0.0252 18.3811 0.038
19.447673 -75.18112099999999 6 0.9640000000000001 19.53 0.0514 19.0429 0.01 18.8552 0.0289 nan nan
19.631589 -75.189787 8 0.963 19.4043 0.0385 18.6892 0.0332 18.2597 0.0092 17.938 0.0115
19.410729 -75.19367 10 0.983 17.9239 0.0082 17.2604 0.006999999999999999 16.7659 0.0092 16.5829 0.0164
19.629222 -75.186472 10 0.977 19.2135 0.0157 18.5335 0.0085 18.0752 0.013999999999999999 17.892 0.0406
19.636967000000002 -75.187145 6 0.968 19.5134 0.021 19.0737 0.0321 18.7133 0.0204 nan nan
19.479882999999997 -75.23799 8 0.9620000000000001 17.9607 0.0227 17.3299 0.0204 16.8497 0.0299 16.7099 0.0143
19.576066 -75.238297 4 0.972 19.1806 0.0196 18.7901 0.0182 18.4682 0.0149 18.2783 0.0326
19.628651 -75.229038 7 0.977 18.5533 0.0116 18.1278 0.0904 17.8497 0.018000000000000002 17.5796 0.0781
19.379379 -75.21337 7 0.951 19.212 0.0352 18.9358 0.0422 18.6952 0.0185 18.5061 0.0219
19.466267000000002 -75.16965 10 0.983 17.1677 0.0093 16.5731 0.0093 16.1035 0.0061 15.9143 0.0084
19.67835 -75.19925699999999 11 0.983 17.7767 0.0068 17.1949 0.0215 16.7552 0.0076 16.5323 0.0075
19.39995 -75.178882 16 0.983 16.2579 0.0116 15.9518 0.0105 15.7723 0.0076 15.7327 0.0067
19.376989000000002 -75.22259 4 0.983 17.2509 0.0108 16.5085 0.0105 15.9932 0.0105 15.7324 0.0109
19.684421 -75.196651 9 0.982 18.3757 0.0143 17.8274 0.011000000000000001 17.3885 0.0087 17.197 0.0343
19.474647 -75.16480200000001 10 0.982 18.1158 0.0112 17.8914 0.028999999999999998 17.7017 0.0182 17.6374 0.0125
19.613531 -75.24127800000001 14 0.983 16.1541 0.0077 15.9159 0.0089 15.7421 0.0178 15.7269 0.008
19.550859 -75.247757 3 0.9590000000000001 19.3753 0.0168 18.9982 0.0156 18.7517 0.0251 nan nan
19.358554 -75.198702 8 0.98 18.5162 0.0322 17.9747 0.0079 17.5862 0.0094 17.4507 0.01
19.439975 -75.243672 6 0.977 18.9347 0.0129 18.379 0.0105 18.0099 0.0123 17.7941 0.0274
19.348973 -75.204278 8 0.976 18.5797 0.0082 18.2602 0.0265 18.009 0.0093 17.9005 0.0283
19.530903 -75.25027299999999 8 0.982 17.4397 0.0095 16.7329 0.0078 16.2134 0.0076 15.9855 0.0092
19.514346 -75.250514 6 0.976 18.3342 0.0106 17.8065 0.0242 17.4404 0.0288 17.2495 0.013000000000000001
19.701603 -75.19603000000001 8 0.975 19.0619 0.06 18.6495 0.0168 18.3624 0.0206 18.2475 0.0183
19.708218 -75.208187 10 0.982 18.352 0.0097 17.8245 0.0076 17.4164 0.013999999999999999 17.2573 0.0287
19.368357 -75.18065899999999 6 0.9540000000000001 19.5958 0.0089 19.2706 0.0223 19.0106 0.0151 nan nan
19.436018 -75.163575 6 0.983 17.4863 0.0105 16.7412 0.0105 16.1815 0.0112 15.9337 0.0074
19.686622 -75.176838 6 0.96 19.325 0.0179 19.0046 0.013000000000000001 18.7362 0.0121 nan nan
19.510877999999998 -75.255347 3 0.953 19.2876 0.0134 19.0183 0.0105 18.7424 0.0137 nan nan
19.550916 -75.153598 6 0.982 18.2466 0.0118 17.7547 0.0108 17.3565 0.012 17.2088 0.0221
19.347207 -75.178861 8 0.972 19.1359 0.0075 18.7334 0.0079 18.4088 0.0105 18.3347 0.1151
19.626373 -75.252314 4 0.96 19.7218 0.019 18.9752 0.0114 18.4715 0.0186 18.3586 0.0204
19.388085 -75.24618199999999 8 0.9840000000000001 15.6664 0.0105 15.405 0.0105 15.2455 0.0105 15.237 0.0105
19.736364000000002 -75.215734 11 0.983 17.9698 0.0096 17.3131 0.0083 16.7831 0.0191 16.594 0.0086
19.356474 -75.239982 4 0.97 19.3373 0.0119 18.8382 0.0139 18.5141 0.0202 18.2948 0.0155
19.7406 -75.212902 5 0.955 19.719 0.009000000000000001 19.3294 0.0296 18.9507 0.0138 nan nan
19.34861 -75.237952 7 0.9840000000000001 nan nan 14.9759 0.0105 14.6562 0.0105 14.5562 0.0105
19.308138 -75.196539 11 0.983 17.4273 0.0078 16.6561 0.006999999999999999 16.0754 0.0069 15.8215 0.0061
19.356213 -75.168838 6 0.96 19.1277 0.0105 18.6777 0.0105 18.3069 0.0117 18.0753 0.025
19.510045 -75.2623 7 0.975 18.2787 0.0113 17.7406 0.0098 17.3493 0.0098 17.1756 0.0188
19.747925 -75.19666099999999 18 0.983 16.566 0.0081 16.1797 0.0076 15.9125 0.0119 15.8368 0.0105
19.381735 -75.160424 6 0.9840000000000001 17.137999999999998 0.0105 16.4038 0.0105 15.9018 0.0074 15.6783 0.0074
19.399319000000002 -75.156269 6 0.963 18.835 0.0106 18.5006 0.0112 18.2752 0.0087 18.1904 0.015
19.296985 -75.195394 12 0.9840000000000001 16.8479 0.0074 16.4558 0.0066 16.2131 0.0075 16.1555 0.0064
19.322177 -75.176835 6 0.961 19.0641 0.0123 18.5921 0.0109 18.2586 0.0096 18.0953 0.0324
19.344647 -75.242582 3 0.9740000000000001 19.2807 0.0141 18.8288 0.0126 18.6165 0.0251 nan nan
19.655413 -75.254649 4 0.9690000000000001 19.1256 0.0109 18.7611 0.0106 18.4264 0.0126 18.4856 0.0241
19.404336999999998 -75.256348 4 0.975 19.057000000000002 0.011000000000000001 18.66 0.0172 18.3279 0.0225 18.2769 0.0189
19.385328 -75.155773 6 0.992 15.5784 0.0105 14.6037 0.0105 13.8542 0.0074 13.5172 0.0074
19.721045999999998 -75.241224 7 0.968 18.3742 0.0123 18.0301 0.0226 17.7459 0.0665 17.7253 0.0736
19.320895999999998 -75.171974 6 0.9540000000000001 19.1091 0.0107 18.72 0.0142 18.4479 0.0092 18.3415 0.0177
19.694570000000002 -75.160382 6 0.955 19.1836 0.0107 18.5968 0.0123 18.0953 0.0483 17.9454 0.0743
19.499062 -75.14256 6 0.982 18.2965 0.0125 17.6591 0.0114 17.1869 0.0144 17.0113 0.0081
19.777131 -75.213047 12 0.988 17.4983 0.0193 16.4738 0.0158 14.8336 0.0096 14.2056 0.0082
19.570731 -75.269407 8 0.983 17.0756 0.0494 16.3551 0.0143 15.8454 0.0074 15.6186 0.0078
19.454866 -75.268345 6 0.975 19.4965 0.0191 18.6039 0.0107 17.5718 0.0182 17.2054 0.0233
19.780629 -75.216311 9 0.976 18.8504 0.0144 18.3958 0.0172 18.073 0.0094 17.9271 0.0081
19.631632 -75.143124 6 0.982 18.2135 0.0105 17.6387 0.0124 17.2262 0.0129 17.0456 0.013000000000000001
19.629102 -75.14116800000001 6 0.9690000000000001 19.5312 0.0161 18.5412 0.0144 17.6375 0.0297 17.2239 0.0084
19.572877 -75.273749 7 0.9740000000000001 18.7118 0.0105 18.0407 0.0202 17.5736 0.0105 17.3536 0.0784
19.796004999999997 -75.19574 8 0.953 20.1686 0.0395 19.168 0.01 17.8965 0.0085 17.4182 0.0083
19.512529 -75.275302 7 0.971 18.4333 0.0112 17.9878 0.0229 17.5748 0.0194 17.5119 0.0308
19.402921 -75.14216400000001 6 0.978 19.1051 0.0128 18.2498 0.0105 17.5172 0.0188 17.217 0.0185
19.80118 -75.19997 6 0.9540000000000001 19.6101 0.0109 19.1744 0.0087 18.836 0.0392 nan nan
19.4474 -75.27395 6 0.9620000000000001 20.0841 0.0146 19.0935 0.0127 17.965999999999998 0.0288 17.5826 0.1006
19.554183 -75.134118 5 0.987 16.3791 0.0105 15.4245 0.0105 14.765 0.0105 14.4653 0.0074
19.256816 -75.22678 5 0.972 nan nan 17.8072 0.0196 17.4381 0.0135 17.2456 0.0423
19.491664 -75.132879 6 0.976 18.6166 0.0118 18.157 0.0105 17.8065 0.0093 17.7007 0.01
19.530809 -75.27861 8 0.981 17.9468 0.0167 17.2312 0.018000000000000002 16.6992 0.0101 16.425 0.036000000000000004
19.572982 -75.278469 8 0.982 17.5466 0.0223 16.8615 0.0559 16.3393 0.0139 16.1692 0.0091
19.817398999999998 -75.197633 6 0.968 19.2671 0.0129 18.85 0.0165 18.6114 0.0409 nan nan
19.709687 -75.263868 8 0.98 17.6977 0.0207 17.2263 0.0096 16.903 0.0215 16.7874 0.0193
19.647986 -75.136645 7 0.983 17.7791 0.0105 17.4506 0.0105 17.2701 0.0161 17.2665 0.0269
19.504357000000002 -75.281297 12 0.998 12.6567 0.0105 12.3611 0.0105 12.1974 0.0062 12.1663 0.0087
19.642618 -75.13450300000001 6 0.983 17.9575 0.0105 17.4526 0.0105 17.1484 0.008 16.961 0.038
19.340106 -75.26644399999999 4 0.975 18.4849 0.0126 17.9079 0.0105 17.4941 0.0116 17.3818 0.0184
19.403644 -75.276684 2 0.968 18.7982 0.0128 19.0137 0.017 nan nan nan nan
19.827322 -75.216226 9 0.978 18.915 0.0091 18.4755 0.0163 18.1127 0.0188 18.0136 0.0314
19.390801 -75.276457 8 0.982 16.9389 0.0105 16.6398 0.0105 16.4846 0.0105 16.4549 0.0105
19.224631 -75.18431899999999 8 0.972 18.6034 0.0109 18.2012 0.0405 18.0153 0.0104 17.823 0.0136
19.254614 -75.16564699999999 6 0.983 17.5781 0.0115 17.0837 0.0137 16.7052 0.0087 16.5732 0.0112
19.835548 -75.21365899999999 13 0.983 17.1864 0.0152 17.214000000000002 0.0076 17.2955 0.0072 17.2789 0.0122
19.830021 -75.223495 6 0.9790000000000001 18.6716 0.0107 18.3114 0.0105 18.1498 0.0424 18.008 0.0163
19.804192999999998 -75.168673 9 0.96 18.5543 0.0319 17.9194 0.0605 17.5803 0.013999999999999999 17.3638 0.0105
19.841089 -75.210778 9 0.983 17.9465 0.0138 17.2701 0.011000000000000001 16.7599 0.0083 16.6011 0.0065
19.228046 -75.174817 9 0.98 19.3031 0.0119 18.3535 0.0181 17.1806 0.0117 16.7581 0.0071
19.293946 -75.14780400000001 6 0.972 18.7566 0.0134 18.4583 0.0113 18.2668 0.0257 18.2632 0.0953
19.389772 -75.280434 4 0.9740000000000001 19.0427 0.0126 18.5594 0.0119 18.1369 0.0132 18.0147 0.0134
19.21876 -75.176807 7 0.98 18.4932 0.0105 18.0125 0.037000000000000005 17.5797 0.0088 17.4751 0.0112
19.844561 -75.188283 10 0.96 18.9955 0.0094 18.6206 0.0147 18.3475 0.0285 18.2153 0.0206
19.387441 -75.12912299999999 6 0.9790000000000001 18.4674 0.0105 17.9995 0.011000000000000001 17.6848 0.0087 17.5174 0.0176
19.315883 -75.140576 10 0.9840000000000001 15.8375 0.0105 15.529000000000002 0.0105 15.3383 0.0077 15.3183 0.0074
19.241064 -75.247998 5 0.98 nan nan 17.6965 0.0206 16.9706 0.018000000000000002 16.7329 0.0523
19.611256 -75.12410799999999 6 0.982 18.5672 0.011000000000000001 17.6429 0.0105 16.8523 0.0082 16.4964 0.0077
19.25874 -75.154033 6 0.982 17.8159 0.0234 17.4956 0.0274 17.1977 0.008 17.1495 0.0109
19.192144 -75.196667 15 0.9840000000000001 15.8937 0.0176 15.2966 0.0097 14.8469 0.0061 14.6612 0.0063
19.839315 -75.236521 5 0.978 18.5502 0.0105 18.3125 0.0105 18.0369 0.0745 18.098 0.0123
19.553724 -75.291601 16 0.9840000000000001 16.1395 0.0076 16.0766 0.0083 16.0738 0.0068 16.1233 0.0081
19.822112 -75.162959 9 0.973 18.9253 0.0105 18.2942 0.0505 17.8583 0.0102 17.7058 0.0753
19.549941 -75.293373 11 0.9840000000000001 17.4708 0.0275 16.8041 0.0123 16.2967 0.0067 16.1339 0.0086
19.842451999999998 -75.169754 9 0.9790000000000001 18.5837 0.0105 18.0004 0.0105 17.5728 0.0357 17.3848 0.0205
19.291307999999997 -75.139499 6 0.982 18.2417 0.0108 17.6712 0.0105 17.2447 0.0077 17.0838 0.0083
19.176119 -75.204494 8 0.956 19.4606 0.0123 18.6014 0.0143 17.9175 0.0183 17.6186 0.0335
19.429153 -75.119027 7 0.9840000000000001 16.9819 0.0105 16.3262 0.0105 15.8417 0.0074 15.6341 0.0134
19.17297 -75.208093 9 0.971 18.9677 0.0088 18.3876 0.0083 18.049 0.0239 17.8986 0.0149
19.45327 -75.293585 6 0.951 19.2182 0.0305 18.8634 0.0143 18.6915 0.0169 nan nan
19.6978 -75.285477 7 0.965 19.1411 0.0312 18.8342 0.0124 18.5278 0.0453 18.492 0.0197
19.798502 -75.264703 3 0.9620000000000001 19.3404 0.033 19.0473 0.0153 18.8161 0.013000000000000001 nan nan
19.25817 -75.144038 6 0.978 18.6034 0.0115 18.1631 0.0107 17.8795 0.0088 17.7958 0.0215
19.624716 -75.294465 15 0.9890000000000001 15.6891 0.0061 14.9838 0.0061 14.4479 0.0061 14.24 0.0083
19.175734 -75.180112 7 0.9790000000000001 18.599 0.0116 18.1992 0.0442 17.8941 0.0096 17.771 0.0225
19.464944 -75.113334 8 0.977 18.7064 0.0171 18.1844 0.0076 17.7863 0.0201 17.7083 0.0092
19.751898999999998 -75.13164 6 0.982 18.3441 0.0105 17.7149 0.0105 17.2851 0.0076 17.1431 0.0108
19.385873999999998 -75.11845100000001 6 0.9840000000000001 16.4626 0.0105 15.5219 0.0105 14.819 0.0307 14.5213 0.0528
19.165047 -75.18520500000001 11 0.981 18.3084 0.0099 17.7868 0.0069 17.4344 0.006999999999999999 17.2301 0.0078
19.829033 -75.152082 6 0.983 17.1035 0.0105 16.6455 0.0105 16.3807 0.0074 16.2891 0.0141
19.863501 -75.244419 6 0.975 19.0526 0.0107 18.6646 0.0157 18.3023 0.0251 18.1463 0.0212
19.318053 -75.126494 6 0.9570000000000001 19.028 0.0105 18.6596 0.0105 18.3898 0.0115 18.3171 0.0112
19.505904 -75.300348 8 0.965 19.0686 0.0082 18.6177 0.0164 18.3324 0.0474 18.2759 0.0117
19.171351 -75.174504 9 0.981 18.2298 0.0124 17.8486 0.0278 17.6178 0.0284 17.5915 0.0191
19.315752 -75.284772 16 0.993 15.0014 0.0066 14.6368 0.0061 14.4293 0.0102 14.3591 0.0103
19.160738000000002 -75.182248 17 0.9840000000000001 15.6562 0.0099 15.2013 0.0071 14.9215 0.0072 14.838 0.0061
19.289289 -75.130207 6 0.966 19.2176 0.0105 18.4362 0.0105 17.8962 0.0086 17.7161 0.0445
19.697315 -75.29141899999999 10 0.986 17.5986 0.0073 16.919 0.0074 16.4219 0.0145 16.2183 0.0074
19.904035999999998 -75.202969 14 0.982 17.0596 0.0214 16.6164 0.016 16.3333 0.0337 16.2917 0.011000000000000001
19.358135 -75.29270600000001 8 0.9690000000000001 19.1432 0.0232 18.5973 0.0078 18.2678 0.0256 18.0959 0.0125
19.204128 -75.257914 4 0.963 nan nan 17.8761 0.0155 17.604 0.0105 17.5374 0.0193
19.904466 -75.216074 6 0.978 18.5544 0.0111 18.1667 0.0134 17.9286 0.0209 17.7969 0.0147
19.764135 -75.281863 6 0.955 19.3842 0.0117 19.0756 0.0143 18.8293 0.0587 nan nan
19.336482 -75.290565 8 0.9740000000000001 19.0211 0.0082 18.7169 0.0246 18.4138 0.023 18.3256 0.0292
19.641184 -75.112025 12 0.9840000000000001 15.8959 0.0074 15.5142 0.0077 15.2318 0.0074 15.1406 0.0081
19.290430999999998 -75.12655500000001 6 0.983 17.926 0.0105 17.618 0.0109 17.4146 0.0085 17.3304 0.0075
19.520411 -75.106254 8 0.983 17.488 0.0074 16.9076 0.0074 16.4648 0.0192 16.3001 0.013000000000000001
19.325001 -75.290487 8 0.9740000000000001 18.8776 0.0084 18.4661 0.0079 18.1861 0.0101 18.0298 0.0532
19.136182 -75.201583 8 0.973 18.837 0.0163 18.5107 0.0076 18.2747 0.0083 18.1818 0.0421
19.134957 -75.20945 10 0.983 17.6833 0.0074 16.9475 0.0085 16.4219 0.0129 16.1854 0.01
19.910999999999998 -75.220652 7 0.981 18.5099 0.0109 17.9653 0.0748 17.503 0.0484 17.3405 0.0293
19.878944 -75.24788199999999 6 0.9740000000000001 18.9521 0.0128 18.4418 0.0107 18.0569 0.0323 17.8693 0.0172
19.912879999999998 -75.218173 7 0.963 18.5602 0.0108 18.1364 0.0099 17.8236 0.0131 17.6784 0.0286
19.864766 -75.25506 4 0.975 18.7305 0.0112 18.4481 0.011000000000000001 18.3269 0.0233 18.2271 0.024
19.736966 -75.28935600000001 11 0.985 16.9962 0.0239 16.1125 0.0075 15.4832 0.0063 15.2008 0.0073
19.674673000000002 -75.298075 9 0.98 19.1072 0.0306 18.519000000000002 0.0102 18.1574 0.0139 18.0615 0.017
19.196039000000003 -75.26096899999999 6 0.983 18.185 0.0946 17.6204 0.1081 16.0963 0.0221 15.4702 0.0177
19.143907000000002 -75.232858 6 0.973 19.3022 0.0116 18.4008 0.0867 17.2645 0.0108 16.8406 0.0522
19.289429000000002 -75.287029 13 0.983 16.566 0.0145 16.1994 0.0074 15.9297 0.006999999999999999 15.8779 0.0075
19.82553 -75.271819 7 0.966 18.3998 0.011000000000000001 17.9088 0.0087 17.5142 0.0359 17.3818 0.0333
19.738934 -75.292354 6 0.96 19.4139 0.0087 19.0067 0.0093 18.7622 0.028999999999999998 nan nan
19.671802 -75.109142 12 0.9840000000000001 15.9695 0.0074 15.636 0.0074 15.4423 0.0074 15.3972 0.0074
19.851907999999998 -75.26643299999999 8 0.978 18.0012 0.0211 17.5916 0.0211 17.3436 0.0116 17.266 0.0114
19.546104999999997 -75.308789 18 0.992 13.9289 0.0061 13.5975 0.0061 13.3992 0.0061 13.3564 0.0061
19.337992 -75.297416 11 0.997 13.6414 0.0074 13.1398 0.0143 12.7741 0.0076 12.6193 0.0162
19.615192 -75.306471 8 0.96 19.0368 0.0345 18.7116 0.0201 18.4959 0.0451 18.3871 0.0229
19.853348999999998 -75.143709 6 0.96 18.9829 0.0113 18.5388 0.0109 18.3003 0.0098 18.1896 0.0511
19.714121 -75.11189 12 0.992 14.7937 0.0074 14.259 0.0074 13.9077 0.0074 13.763 0.0091
19.269078 -75.122955 6 0.9790000000000001 18.6496 0.0105 18.2069 0.0126 17.9115 0.0342 17.8541 0.0786
19.898656 -75.249976 8 0.981 17.7675 0.0534 17.1058 0.0151 16.604 0.0109 16.4151 0.0086
19.892106 -75.157608 6 0.9790000000000001 18.3053 0.0108 17.9722 0.0135 17.7373 0.0183 17.6768 0.0537
19.932497 -75.18805400000001 11 0.983 17.4618 0.0111 16.8155 0.0093 16.2729 0.0113 16.0759 0.0215
19.278037 -75.290575 11 0.973 18.8229 0.0087 18.436 0.0087 18.1893 0.0103 18.1985 0.0349
19.134282000000002 -75.242474 7 0.966 18.4408 0.0114 17.9485 0.017 17.625 0.0121 17.5529 0.0435
19.263842999999998 -75.28840699999999 6 0.981 18.211 0.0105 18.4229 0.0568 18.7703 0.0487 nan nan
19.942175 -75.20215 10 0.983 18.3144 0.0077 17.3916 0.0129 16.3368 0.0074 15.9126 0.0187
19.653881 -75.306701 10 0.983 18.8524 0.1344 17.3934 0.0237 16.0463 0.027000000000000003 15.538 0.0101
19.867498 -75.266858 5 0.977 18.5364 0.013000000000000001 18.2248 0.033 18.0984 0.0115 18.0031 0.0111
19.122492 -75.17570699999999 8 0.978 18.6906 0.0108 18.1438 0.0509 17.8299 0.0107 17.6974 0.0237
19.938379 -75.186614 2 0.95 19.5759 0.0123 19.1451 0.0127 nan nan nan nan
19.912571 -75.247086 7 0.9790000000000001 18.6492 0.0105 18.2754 0.0105 18.0707 0.0232 17.9605 0.0195
19.858042 -75.27119300000001 3 0.9690000000000001 18.9199 0.0149 18.7032 0.0111 18.5003 0.0142 nan nan
19.837836 -75.13247700000001 6 0.9790000000000001 18.4076 0.0124 18.0991 0.0107 17.8632 0.0171 17.8039 0.0477
19.401757 -75.101439 14 0.983 17.4309 0.0231 17.1383 0.0071 16.9177 0.0063 16.7979 0.0132
19.492314999999998 -75.313508 8 0.975 18.8929 0.0081 18.6102 0.0075 18.3715 0.009000000000000001 18.3144 0.013000000000000001
19.338599 -75.30303 10 0.983 16.9622 0.0074 16.5329 0.0074 16.2154 0.0074 16.0934 0.0239
19.100773 -75.195774 7 0.963 19.1102 0.0297 18.7254 0.0099 18.535 0.0129 18.4542 0.0225
19.699009 -75.105528 8 0.985 17.0554 0.0076 16.2986 0.0074 15.751 0.0074 15.5092 0.0074
19.145704000000002 -75.15462 6 0.978 18.6323 0.0114 18.2494 0.0105 17.8787 0.0087 17.7681 0.0236
19.100762 -75.18689499999999 11 0.983 17.5404 0.0074 17.2091 0.0072 16.9646 0.009000000000000001 16.9516 0.0084
19.230669 -75.286433 13 0.983 16.7685 0.0094 16.4241 0.0077 16.2404 0.0062 16.1869 0.0201
19.772687 -75.296261 6 0.968 19.5577 0.0103 19.0767 0.0205 18.7507 0.0889 nan nan
19.121022 -75.246562 6 0.955 20.434 0.0225 19.3406 0.0115 17.7366 0.0344 17.0541 0.0523
19.827756 -75.12580600000001 6 0.983 18.0024 0.015 17.3353 0.0129 16.8569 0.009000000000000001 16.6703 0.0075
19.960881 -75.208285 8 0.983 18.0925 0.0294 17.2043 0.0521 16.5772 0.0486 16.3521 0.0233
19.919042 -75.253685 4 0.97 19.5489 0.1873 18.8577 0.0114 18.4418 0.0619 18.3563 0.064
19.330678 -75.105159 8 0.9740000000000001 18.8591 0.0076 18.3999 0.0172 18.1066 0.0619 17.9257 0.01
19.193548 -75.278635 6 0.9840000000000001 17.2991 0.0208 16.6783 0.0141 16.186 0.0164 15.9642 0.0078
19.547082 -75.31700699999999 7 0.961 19.4568 0.0518 19.038 0.03 18.5873 0.0938 nan nan
19.659307000000002 -75.312791 11 0.983 18.1163 0.0075 17.2713 0.0073 16.5092 0.01 16.2369 0.0084
19.101329999999997 -75.17352199999999 10 0.985 16.6935 0.0098 15.7735 0.017 14.7816 0.0064 14.4067 0.0093
19.097285999999997 -75.234172 8 0.976 17.8239 0.0371 17.5197 0.0161 17.2993 0.0092 17.2564 0.018000000000000002
19.405744 -75.314603 3 0.9570000000000001 19.4076 0.0129 19.0001 0.0186 18.8361 0.0141 nan nan
19.544501999999998 -75.31871600000001 7 0.95 19.3405 0.0136 18.9016 0.0431 18.5565 0.0116 18.404 0.017
19.080169 -75.202783 10 0.982 18.2212 0.0072 17.8709 0.0142 17.6131 0.0093 17.6461 0.0142
19.960712 -75.18108199999999 18 0.987 15.3057 0.0068 14.9253 0.0061 14.6864 0.0074 14.6294 0.0078
19.224857999999998 -75.120853 6 0.9790000000000001 18.2889 0.0113 17.9827 0.0133 17.8127 0.0091 17.7199 0.0274
19.107210000000002 -75.246351 8 0.982 17.6275 0.0109 16.9893 0.0085 16.5208 0.0083 16.3099 0.0082
19.409659 -75.315653 8 0.975 18.9262 0.0342 18.2837 0.0449 17.9437 0.046 17.7024 0.0127
19.959956 -75.232473 6 0.973 18.2396 0.0786 17.695 0.0108 17.2755 0.0169 17.143 0.013000000000000001
19.915385 -75.149066 6 0.983 17.1624 0.011000000000000001 16.6446 0.0105 16.2929 0.0075 16.1471 0.0081
19.826592 -75.12049300000001 6 0.9790000000000001 18.5141 0.0105 18.0688 0.0139 17.7282 0.0087 17.5954 0.0519
19.971007999999998 -75.191989 9 0.975 18.7481 0.0291 18.2772 0.0146 17.9497 0.0104 17.7867 0.0345
19.08704 -75.17854799999999 15 0.996 15.0718 0.0181 14.265 0.0074 13.6063 0.0061 13.3618 0.0061
19.078295 -75.189258 9 0.9690000000000001 19.0696 0.0361 18.5423 0.0409 18.1847 0.0131 17.9501 0.0442
19.977306 -75.202603 9 0.98 18.6153 0.0181 18.1162 0.0079 17.7624 0.0244 17.5554 0.0716
19.906420999999998 -75.268244 7 0.978 18.647000000000002 0.0108 18.2119 0.0305 17.808 0.0263 17.7203 0.0151
19.868197 -75.282374 10 0.982 18.2608 0.0078 17.7346 0.0164 17.3289 0.0267 17.1428 0.0127
19.882065 -75.278478 13 0.98 17.6036 0.0407 17.2715 0.0084 17.0903 0.0118 17.0276 0.0185
19.222597 -75.11752800000001 6 0.982 18.1993 0.0142 17.6949 0.0118 17.33 0.01 17.1627 0.0111
19.165162 -75.133055 6 0.983 17.1924 0.0105 16.3572 0.0105 15.7785 0.0113 15.5214 0.0091
19.148888 -75.138657 6 0.983 17.5871 0.0105 16.7583 0.0105 16.1343 0.0076 15.895999999999999 0.0075
19.283522 -75.304929 12 0.983 17.0464 0.0193 16.2914 0.0066 15.7255 0.0116 15.4974 0.0095
19.290768 -75.104326 11 0.983 17.2139 0.0523 16.2466 0.0281 15.745 0.0084 15.3653 0.0302
19.700487 -75.096376 11 0.98 18.2243 0.0075 17.6968 0.042 17.2719 0.0143 17.0984 0.0073
19.548723000000003 -75.08645600000001 8 0.98 18.2598 0.0075 17.9456 0.0154 17.6658 0.0168 17.55 0.0232
19.255088 -75.108287 12 0.9840000000000001 16.3518 0.0074 16.0754 0.0074 15.9063 0.0075 15.8765 0.0149
19.471189000000003 -75.086946 7 0.97 19.1945 0.0485 18.7019 0.0243 18.4953 0.0192 18.2669 0.0256
19.20111 -75.291353 15 0.988 14.9088 0.018000000000000002 14.5551 0.0074 14.3268 0.0061 14.2502 0.0111
19.930220000000002 -75.14623900000001 6 0.968 18.8417 0.0107 18.3646 0.0108 18.0622 0.0376 17.8493 0.0424
19.567194 -75.08620400000001 11 0.983 17.2539 0.0075 16.4713 0.0069 15.8844 0.0063 15.6328 0.0136
19.934764 -75.263707 10 0.976 17.717 0.0136 17.5385 0.0301 17.3897 0.0101 17.2892 0.0323
19.701648000000002 -75.094332 3 0.958 18.8648 0.0088 19.0377 0.0119 nan nan nan nan
19.08812 -75.16122 10 0.983 16.7248 0.011000000000000001 16.3677 0.0106 16.1495 0.0074 16.0866 0.0207
19.515895 -75.085008 8 0.9520000000000001 18.938 0.0192 18.5736 0.0097 18.2872 0.0426 18.1132 0.0132
19.821319 -75.299183 11 0.983 18.5219 0.0076 17.5875 0.0179 16.5112 0.0064 16.0926 0.0067
19.453988 -75.324608 11 0.981 17.82 0.0512 17.2481 0.0087 16.8172 0.0202 16.678 0.0139
19.950537 -75.152697 8 0.983 17.0541 0.0105 16.7866 0.0113 16.6239 0.0126 16.5589 0.0121
19.720364 -75.095109 19 0.987 15.738 0.0064 15.2742 0.0061 14.9697 0.0099 14.8737 0.0071
19.401730999999998 -75.323705 8 0.972 18.9244 0.0079 18.4603 0.0086 18.0556 0.009000000000000001 18.0299 0.0402
19.184486 -75.291887 10 0.961 19.098 0.0534 18.6817 0.0224 18.3497 0.0148 18.1916 0.0313
19.965167 -75.156349 8 0.9840000000000001 16.3299 0.0105 15.9868 0.0105 15.7718 0.0105 15.6914 0.0106
19.321356 -75.31661 15 0.9840000000000001 16.6768 0.0088 16.3466 0.011000000000000001 16.1714 0.0065 16.1183 0.01
19.640645000000003 -75.085891 12 0.986 18.1614 0.0333 17.2007 0.0075 16.1317 0.0094 15.7272 0.0061
19.987987 -75.171429 5 0.9540000000000001 19.2996 0.0184 18.9334 0.0086 18.6351 0.0163 nan nan
19.688539000000002 -75.08908000000001 11 0.983 17.1329 0.0131 16.3667 0.0063 15.8199 0.0106 15.5637 0.0074
19.041516 -75.197868 5 0.95 19.2246 0.0195 18.7536 0.0117 18.4688 0.023 18.2979 0.0825
19.8737 -75.11961099999999 4 0.96 18.8285 0.0168 18.5333 0.0105 18.3488 0.0101 nan nan
19.791102 -75.30936700000001 13 0.9790000000000001 17.2868 0.0113 17.1043 0.0152 16.957 0.0266 16.9928 0.0115
19.889702 -75.123139 10 0.9840000000000001 16.1755 0.0105 15.7162 0.0105 15.4244 0.0074 15.332 0.0078
19.039835 -75.192164 14 0.983 15.9576 0.011000000000000001 15.7428 0.0074 15.6018 0.0081 15.6015 0.0144
19.760297 -75.314881 9 0.981 18.2525 0.0079 17.8792 0.0147 17.6194 0.0221 17.4928 0.0322
19.036749 -75.21755999999999 7 0.982 19.292 0.0165 18.257 0.0101 16.6581 0.0307 16.0411 0.0147
20.012320000000003 -75.19163499999999 8 0.965 19.8489 0.0814 18.8885 0.0109 17.9909 0.019 17.6688 0.0145
19.180488 -75.294896 10 0.978 19.2719 0.0515 18.3454 0.0212 17.3469 0.0241 16.9539 0.0224
19.655701 -75.083641 10 0.978 18.8729 0.0409 17.9318 0.0215 17.2633 0.0116 17.004 0.0181
19.036541 -75.226709 6 0.9740000000000001 19.3956 0.0149 18.502 0.011000000000000001 17.4585 0.0127 17.0245 0.0469
20.020585 -75.203264 6 0.965 19.1002 0.0453 18.7364 0.0097 18.4722 0.0116 18.1174 0.0627
19.632722 -75.081586 18 0.9990000000000001 15.368 0.0065 14.4189 0.0104 12.8335 0.0061 12.2177 0.0061
19.070493 -75.257374 8 0.982 17.5728 0.0202 16.9452 0.0184 16.4638 0.0144 16.2181 0.0286
19.326732 -75.32208299999999 6 0.96 19.3574 0.0108 18.9653 0.0078 18.7838 0.015 nan nan
19.308502 -75.319967 11 0.978 18.4384 0.0076 18.1244 0.0138 17.8579 0.0384 17.7934 0.0575
19.316534 -75.321033 10 0.97 19.0429 0.026000000000000002 18.584 0.0088 18.2081 0.0091 18.0192 0.027999999999999997
19.651911 -75.328453 10 0.98 18.7579 0.0139 18.0025 0.0074 17.3668 0.0085 17.1445 0.0112
19.900284 -75.121636 10 0.9840000000000001 16.5387 0.0107 16.2772 0.0105 16.0779 0.0074 16.0552 0.0077
19.080987 -75.145578 6 0.9790000000000001 18.3805 0.0433 17.6745 0.0431 16.9722 0.0244 16.7151 0.025
19.207019 -75.106054 9 0.968 18.9007 0.0124 18.3271 0.0503 17.94 0.0379 17.7467 0.0366
19.154996 -75.292511 8 0.968 19.1761 0.0624 18.7375 0.0253 18.4275 0.0142 18.2828 0.0498
19.540603 -75.076937 10 0.9670000000000001 18.8902 0.0239 18.3931 0.0218 17.9855 0.017 17.7784 0.0417
19.295545 -75.319649 6 0.958 19.2925 0.0202 18.9958 0.009000000000000001 18.8367 0.0143 nan nan
19.224996 -75.30853499999999 12 0.9940000000000001 13.7131 0.0517 13.3658 0.0334 13.1851 0.0094 13.1299 0.0075
19.387764 -75.328896 7 0.966 19.1075 0.0152 18.6913 0.0176 18.4517 0.021 18.3819 0.0224
19.150545 -75.119649 7 0.977 18.7648 0.0128 18.2504 0.0126 17.8105 0.0102 17.6366 0.0274
19.032735 -75.23326 7 0.963 18.5555 0.0118 18.1061 0.0154 17.8053 0.0115 17.6048 0.0199
19.988004999999998 -75.153639 4 0.966 18.4942 0.024 17.9912 0.0184 17.6316 0.0105 17.4 0.0117
19.352847 -75.326842 8 0.983 17.8828 0.0078 17.378 0.0074 17.0182 0.0075 16.8883 0.0082
19.627509 -75.07853100000001 6 0.958 18.8047 0.0076 18.4187 0.0107 18.2169 0.1172 18.0565 0.0311
20.017885 -75.174966 6 0.9520000000000001 19.2001 0.0077 18.7894 0.0103 18.5471 0.0129 18.4061 0.0229
19.958821 -75.13844 4 0.968 18.9605 0.0145 18.4301 0.0105 18.1008 0.0143 18.0211 0.0161
19.047210999999997 -75.249861 6 0.968 19.0065 0.013000000000000001 18.6531 0.0116 18.3102 0.0183 18.2418 0.0371
19.687398 -75.08199599999999 10 0.983 18.0311 0.008 17.2518 0.0069 16.6578 0.006999999999999999 16.4036 0.0077
19.540108 -75.335497 12 0.983 17.4536 0.0183 16.8633 0.011000000000000001 16.4484 0.0083 16.2555 0.0218
19.021411999999998 -75.228928 3 0.9520000000000001 19.4495 0.0119 19.0692 0.0202 18.723 0.0222 nan nan
19.453454999999998 -75.07591 10 0.9840000000000001 16.6592 0.009000000000000001 15.7837 0.0154 14.9867 0.0092 14.6378 0.0114
20.037932 -75.206896 0 0.9990000000000001 nan nan nan nan nan nan nan nan
19.881541 -75.111165 8 0.972 18.7749 0.0083 18.2167 0.0086 17.8378 0.0112 17.6542 0.0664
19.623264000000002 -75.33408 9 0.965 20.1764 0.0854 19.1868 0.0196 17.7666 0.0255 17.2667 0.0087
20.017758999999998 -75.167424 7 0.9740000000000001 18.7395 0.011000000000000001 18.2963 0.0094 17.9553 0.0346 17.7913 0.0293
19.915609 -75.119563 6 0.977 18.8293 0.0109 18.2702 0.0105 17.8756 0.016 17.7015 0.0306
19.136428 -75.118275 8 0.982 18.7683 0.039 17.8146 0.0134 16.5353 0.0228 16.04 0.0108
20.006998 -75.255711 2 0.9740000000000001 19.0497 0.0145 18.6199 0.0114 nan nan nan nan
19.122411 -75.289857 12 0.983 17.737000000000002 0.0068 17.3382 0.0142 17.0872 0.0182 17.0443 0.0091
19.346057000000002 -75.080294 4 1.0 nan nan nan nan nan nan nan nan
19.012074 -75.23065799999999 5 0.9740000000000001 19.0433 0.012 18.6612 0.0129 18.3195 0.1877 18.3183 0.0171
20.038435 -75.230166 7 0.98 18.0269 0.0099 17.4779 0.0161 17.0457 0.0297 16.8706 0.0111
19.053658 -75.148103 2 0.971 nan nan nan nan 17.3906 0.0121 17.4935 0.0152
19.624328 -75.336538 4 0.9540000000000001 19.1249 0.0092 19.2126 0.008 nan nan nan nan
19.412619 -75.07463800000001 19 0.9840000000000001 15.815 0.0076 15.5217 0.0065 15.3579 0.0179 15.3093 0.0079
19.953476000000002 -75.128466 4 0.9570000000000001 18.9023 0.0117 18.5173 0.0133 18.2581 0.0112 18.235 0.027999999999999997
19.26558 -75.322108 8 0.971 19.3525 0.0114 18.3651 0.04 17.5249 0.009000000000000001 17.2243 0.015
20.012945000000002 -75.155898 8 0.987 14.7991 0.0106 14.3601 0.0106 14.1008 0.0105 14.0205 0.0105
19.896114 -75.11036899999999 7 0.953 18.9804 0.016 18.6728 0.0104 18.3944 0.01 18.3285 0.0251
19.909064 -75.113185 6 0.978 18.582 0.0109 18.131 0.0105 17.8074 0.0081 17.6377 0.0431
19.804024 -75.090747 12 0.99 16.9847 0.0385 15.4679 0.0354 14.3415 0.0476 13.7829 0.046
19.915537 -75.11454499999999 5 0.963 18.8119 0.0125 18.546 0.0115 18.3799 0.0315 18.2768 0.0393
20.002476 -75.264332 11 0.981 16.3654 0.0087 15.9471 0.013999999999999999 15.588 0.0127 15.5212 0.0109
19.178514 -75.307939 11 0.978 18.9453 0.0088 18.2763 0.0126 17.7481 0.0074 17.5824 0.0132
20.043749 -75.238784 4 0.953 19.1801 0.0124 18.8122 0.0124 18.6352 0.0223 18.4623 0.0281
19.047042 -75.14355 2 0.9790000000000001 nan nan nan nan 17.1838 0.0105 16.9943 0.0116
19.087813 -75.285872 6 0.973 18.8885 0.0112 18.4304 0.0108 18.1013 0.0213 18.052 0.0128
19.771404 -75.083005 12 0.9840000000000001 17.3793 0.0093 16.5857 0.0084 15.9885 0.0066 15.7188 0.0065
19.928345 -75.297513 7 0.977 18.8917 0.0208 18.6067 0.0212 18.5131 0.0315 18.4554 0.0159
19.973837 -75.282699 14 0.996 13.5053 0.0074 13.2582 0.0074 13.1164 0.0074 13.1239 0.0074
19.820521 -75.089748 11 0.983 17.6273 0.0074 17.0641 0.0075 16.6645 0.0092 16.5074 0.0126
19.183298999999998 -75.098338 7 0.977 18.7554 0.0107 18.2478 0.0363 17.8469 0.0096 17.7402 0.0109
19.924367 -75.11146600000001 4 0.9740000000000001 18.6881 0.019 18.1134 0.0107 17.6938 0.0147 17.6353 0.0146
19.080247 -75.285909 11 0.983 17.3713 0.0772 16.9526 0.0254 16.6772 0.013000000000000001 16.5996 0.0086
19.575395999999998 -75.343762 9 0.983 17.9129 0.0075 17.408 0.01 17.1129 0.0383 16.9955 0.0412
19.068413 -75.28157 7 0.9690000000000001 19.2119 0.0174 18.3107 0.0163 17.6593 0.0452 17.4779 0.0136
19.420953 -75.342433 8 0.973 19.0259 0.0123 18.6677 0.0078 18.4251 0.0101 18.3873 0.0154
19.652956 -75.06933000000001 10 0.983 17.9455 0.0107 17.2979 0.0075 16.8321 0.0122 16.6333 0.0125
18.998886 -75.165444 2 0.982 nan nan nan nan 16.3837 0.0105 16.1981 0.0105
19.099510000000002 -75.116357 6 0.965 19.3417 0.0233 18.8937 0.0469 18.6552 0.0095 nan nan
19.090849 -75.292541 13 0.983 16.8013 0.0069 16.2162 0.0069 15.8229 0.0062 15.6514 0.0132
20.075203 -75.218781 7 0.976 18.4214 0.011000000000000001 17.7916 0.0115 17.3248 0.015 17.1143 0.0183
19.217717 -75.322927 8 0.9790000000000001 18.4136 0.0105 18.041 0.0094 17.8112 0.0084 17.7398 0.0085
19.240642 -75.084124 13 0.983 17.4537 0.0283 17.6199 0.0089 17.9522 0.0129 18.111 0.0183
18.998683 -75.16162299999999 4 0.985 nan nan nan nan 14.359000000000002 0.0105 14.2237 0.0105
20.055967000000003 -75.246546 4 0.97 18.9876 0.0173 18.5711 0.0152 18.3674 0.013000000000000001 18.338 0.0139
20.080486999999998 -75.196997 9 0.95 20.0333 0.0106 19.1652 0.027000000000000003 17.9319 0.009000000000000001 17.5085 0.0237
19.223569 -75.325801 9 0.981 18.383 0.1406 17.863 0.0204 17.5025 0.0082 17.3003 0.0103
19.810599 -75.08249 11 0.981 18.1013 0.0139 17.4685 0.01 16.9935 0.0132 16.7868 0.0253
20.068621 -75.241297 7 0.977 18.7337 0.0185 18.1672 0.0156 17.8362 0.0492 17.6586 0.0296
19.469960999999998 -75.062712 11 0.973 17.9901 0.0297 17.4579 0.043 17.0652 0.0119 16.8635 0.0149
19.725432 -75.33935799999999 13 0.983 16.7844 0.0067 16.4044 0.0102 16.1432 0.0074 16.0618 0.0111
20.070307 -75.24243100000001 4 0.973 19.2225 0.0238 18.7531 0.0107 18.4318 0.0257 18.0042 0.0656
19.83076 -75.084463 10 0.981 18.4999 0.0089 17.9693 0.0112 17.6424 0.0082 17.5037 0.0286
19.78558 -75.333268 8 0.981 17.7387 0.0081 17.359 0.032 17.0309 0.0107 16.9332 0.0085
20.068057999999997 -75.245182 5 0.977 18.8621 0.0129 18.424 0.0117 18.0878 0.0122 18.0073 0.0402
19.312638 -75.339001 7 0.955 19.5532 0.1125 19.0508 0.0134 18.6078 0.055 18.6051 0.0433
19.534753 -75.060968 11 0.983 17.8844 0.0126 17.2308 0.0084 16.7334 0.0071 16.5186 0.0076
19.957075 -75.112535 4 0.983 17.4512 0.0105 16.7384 0.0105 16.292 0.0105 16.0593 0.0116
19.621706 -75.347974 9 0.983 18.6226 0.0347 17.63 0.0077 16.0433 0.0148 15.4525 0.0096
19.452537 -75.349333 8 0.961 19.8076 0.0134 18.8544 0.0098 17.8308 0.0113 17.3935 0.0445
19.074495000000002 -75.11675799999999 4 0.956 19.2688 0.0259 19.4043 0.019 nan nan nan nan
19.604731 -75.349307 9 0.983 17.3998 0.0198 16.6827 0.0089 16.1656 0.0138 15.9219 0.0115
19.403883 -75.06190600000001 9 0.981 19.4954 0.037000000000000005 18.527 0.0143 17.1236 0.0188 16.5698 0.013999999999999999
18.95554 -75.225664 12 0.983 17.607 0.0066 17.3953 0.0093 17.2005 0.0192 17.2072 0.0089
19.836457 -75.08152700000001 10 0.971 19.4732 0.0823 18.6351 0.0518 17.3629 0.0319 16.8755 0.0089
19.380882 -75.34806800000001 5 0.973 19.1958 0.0496 18.8479 0.0304 18.5719 0.011000000000000001 nan nan
20.102786 -75.205958 8 0.973 19.2383 0.0236 18.7796 0.0112 18.4929 0.0098 18.3733 0.1475
19.501552 -75.057441 9 0.958 18.969 0.0092 18.5372 0.0094 18.2452 0.0095 18.094 0.0348
19.994513 -75.118771 4 0.975 18.6526 0.012 18.2346 0.0128 17.8866 0.0112 17.948 0.0174
18.945264 -75.19612099999999 10 0.9790000000000001 18.5662 0.0075 18.0681 0.008 17.7315 0.0112 17.5695 0.0156
19.955122 -75.105917 6 0.982 18.1086 0.0077 17.4342 0.0088 16.9536 0.0105 16.7257 0.0105
19.779741 -75.071987 8 0.982 17.9832 0.0117 17.3278 0.0117 16.9221 0.0219 16.7104 0.0245
19.652569 -75.060405 10 0.9840000000000001 17.2224 0.01 16.3378 0.0109 15.6671 0.0079 15.3495 0.0105
18.945272 -75.193781 7 0.9740000000000001 18.5756 0.0204 18.7561 0.0107 19.0299 0.0348 nan nan
19.322181 -75.345047 11 0.982 18.375 0.0171 17.5687 0.0152 17.024 0.0087 16.829 0.0226
19.777909 -75.070658 9 0.982 17.6132 0.0107 17.1857 0.0101 16.8977 0.0073 16.8293 0.0111
19.985098 -75.298176 14 0.986 15.5309 0.0076 15.1979 0.0074 14.9931 0.0077 14.939 0.024
19.077198000000003 -75.109241 8 0.972 19.2547 0.0377 18.4439 0.0087 17.831 0.0098 17.6282 0.0184
18.985539000000003 -75.266257 7 0.961 18.5073 0.0105 18.0581 0.0304 17.6294 0.0084 17.5511 0.0427
19.131455 -75.093538 6 0.961 19.2467 0.0204 18.8602 0.0379 18.5741 0.0192 nan nan
19.644166000000002 -75.352738 8 0.98 18.4826 0.0083 17.9408 0.0075 17.57 0.0158 17.3869 0.0706
19.710113 -75.348416 6 0.9590000000000001 19.0418 0.0155 18.6464 0.013000000000000001 18.3003 0.0135 18.2343 0.0237
19.285863 -75.067586 18 0.9840000000000001 16.3928 0.0061 16.043 0.0074 15.845 0.0064 15.7899 0.0098
20.113969 -75.194949 11 0.9840000000000001 17.4992 0.0068 16.5581 0.0071 15.5261 0.0075 15.1108 0.0068
20.046955999999998 -75.134125 4 1.0 nan nan nan nan nan nan nan nan
18.94115 -75.176851 10 0.983 17.3994 0.0103 16.8146 0.0416 16.3546 0.0093 16.1602 0.0108
19.72743 -75.348411 6 0.978 18.992 0.0233 18.5837 0.02 18.307000000000002 0.0109 18.254 0.0142
19.321496 -75.34859 9 0.981 18.1987 0.0079 17.9169 0.0102 17.7251 0.0354 17.8454 0.1032
18.974439999999998 -75.14583499999999 4 0.997 nan nan nan nan 13.3686 0.0105 13.2949 0.0105
19.237676 -75.341413 13 0.983 16.4162 0.013000000000000001 16.1058 0.0148 15.8881 0.0061 15.8015 0.0077
19.857203 -75.33473199999999 9 1.0 11.2827 0.0105 11.0289 0.0105 10.8872 0.0107 10.8677 0.0105
19.716381 -75.05850500000001 8 0.9640000000000001 18.9674 0.0212 18.5683 0.0084 18.2533 0.0142 18.1842 0.0309
19.988815 -75.30584499999999 14 0.9840000000000001 16.7134 0.0067 16.3205 0.0064 16.0331 0.0128 15.9474 0.01
18.917544 -75.21324399999999 18 0.983 16.6716 0.0127 16.379 0.0097 16.2014 0.0063 16.1533 0.0101
19.12929 -75.087653 19 0.9840000000000001 16.4842 0.0175 16.1642 0.0061 15.9586 0.0061 15.913 0.0065
19.561926999999997 -75.360582 9 0.982 18.3366 0.0253 17.5348 0.0067 16.9234 0.0153 16.6925 0.0171
20.0637 -75.279134 7 0.965 19.1361 0.0303 18.7733 0.034 18.4705 0.0492 18.432000000000002 0.0303
20.127299 -75.17858000000001 12 0.9790000000000001 17.0597 0.0096 16.7047 0.0076 16.4846 0.011000000000000001 16.436 0.0078
19.010797 -75.120707 3 0.973 18.268 0.0113 nan nan 17.2736 0.0108 17.0836 0.0105
20.006871 -75.109009 5 0.963 19.2703 0.0453 18.8999 0.0227 18.552 0.0195 nan nan
19.777379 -75.062525 10 0.9690000000000001 19.1361 0.01 nan nan 17.0307 0.0352 16.5641 0.0128
20.13716 -75.190976 5 0.975 nan nan 18.1526 0.0696 17.8076 0.0124 17.702 0.0312
20.136983999999998 -75.189673 7 0.973 17.873 0.0887 17.6075 0.04 17.4377 0.0175 nan nan
18.915070999999998 -75.22739399999999 7 0.9740000000000001 18.4523 0.0107 18.145 0.0105 17.9254 0.0376 17.8177 0.0104
19.497867000000003 -75.048164 17 0.9840000000000001 16.0879 0.0062 15.6757 0.0061 15.4306 0.0101 15.3328 0.0064
18.94967 -75.147853 6 0.983 17.8007 0.0129 17.1244 0.0116 16.5736 0.0134 16.3352 0.0154
19.782351000000002 -75.061576 4 0.9540000000000001 19.1574 0.0159 18.6222 0.011000000000000001 18.2339 0.016 nan nan
18.929775 -75.16153299999999 6 0.983 17.4713 0.0107 16.8057 0.0105 16.308 0.01 16.0962 0.0074
20.130927 -75.170909 9 0.977 18.9656 0.0255 18.4729 0.0081 18.1562 0.0119 17.8585 0.0105
20.120437 -75.25394 7 0.982 17.5782 0.0144 16.8967 0.0088 16.3843 0.011000000000000001 16.1413 0.022000000000000002
19.310493 -75.055425 8 0.978 18.432000000000002 0.0146 17.9742 0.028999999999999998 17.6369 0.0094 17.5186 0.0095
19.653477 -75.361983 5 0.961 19.3812 0.008 18.9729 0.0168 18.7601 0.0155 nan nan
19.93842 -75.08499499999999 9 0.98 18.9835 0.0097 18.0783 0.0073 17.1079 0.0279 16.7443 0.018000000000000002
20.125107999999997 -75.253433 7 0.982 18.3663 0.0232 17.4317 0.0085 16.0942 0.0113 15.5171 0.0357
19.110251 -75.084756 11 0.982 17.9959 0.0095 17.4218 0.0082 17.0069 0.0119 16.8236 0.0279
19.059818 -75.097229 8 0.9790000000000001 18.3601 0.0165 18.0994 0.0114 17.9092 0.0086 17.9302 0.0142
19.740167 -75.053954 9 0.965 18.9536 0.0105 18.4735 0.0085 18.1597 0.0246 17.9911 0.0174
19.311787 -75.053676 8 0.97 18.7997 0.0231 18.4172 0.0084 18.2136 0.009000000000000001 18.0983 0.0143
19.969887 -75.320312 6 0.966 19.3319 0.0469 18.9172 0.0245 18.5507 0.0125 nan nan
18.89335 -75.214502 20 0.9840000000000001 16.0782 0.0083 15.7901 0.0102 15.6116 0.0107 15.5883 0.011000000000000001
20.063554 -75.290719 8 0.981 18.284000000000002 0.0214 18.0256 0.0087 17.9083 0.0203 17.8944 0.0238
19.787581 -75.352503 16 0.9840000000000001 15.6446 0.0079 15.2373 0.0116 14.9906 0.0076 14.92 0.0076
18.929748 -75.150611 5 0.956 18.9992 0.0118 18.6714 0.0112 18.4909 0.0228 18.3359 0.0231
20.013952 -75.10269 14 0.9840000000000001 16.2037 0.0074 15.7707 0.0074 15.5388 0.0074 15.4441 0.0074
20.007974 -75.311289 7 0.955 19.7706 0.0912 18.766 0.0413 17.8669 0.016 17.6241 0.0532
18.903937 -75.241431 3 0.958 19.3445 0.0123 19.0574 0.0188 18.7777 0.0168 nan nan
19.110144000000002 -75.329235 6 0.96 19.2371 0.0109 18.9043 0.0304 18.7019 0.0424 nan nan
19.378863 -75.363822 5 0.9540000000000001 19.464000000000002 0.0189 19.1547 0.0107 18.9106 0.0303 nan nan
20.049774 -75.11324599999999 6 0.9590000000000001 17.9958 0.0241 17.6602 0.0428 17.3531 0.0215 17.2354 0.0114
18.922608 -75.261025 14 0.986 15.0039 0.0074 14.3769 0.0106 13.9739 0.0132 13.8127 0.0124
18.906185999999998 -75.164426 4 0.983 nan nan nan nan 16.9887 0.0234 16.8714 0.0075
19.083083 -75.087329 8 0.965 19.2766 0.011000000000000001 18.8694 0.0101 18.6605 0.0114 18.4531 0.0239
19.974930999999998 -75.322423 7 0.977 18.9397 0.0725 18.4903 0.015 18.1724 0.0121 18.0406 0.0117
20.092573 -75.12965600000001 6 0.968 18.8225 0.0111 18.3524 0.0106 17.9671 0.0083 17.8865 0.0757
18.97955 -75.119584 6 0.985 15.942 0.0105 15.3404 0.0105 14.908 0.0105 14.7374 0.0105
19.656569 -75.365737 17 0.986 15.4023 0.0061 15.1543 0.0061 14.9904 0.0074 14.9466 0.0101
19.187261 -75.344945 9 0.982 18.4438 0.0163 17.8493 0.0179 17.4626 0.0081 17.2363 0.0078
20.160539 -75.18209300000001 8 0.96 17.8957 0.0481 17.5713 0.0135 17.333 0.0111 17.2509 0.0316
19.850867 -75.064105 9 0.956 18.9877 0.0176 18.5357 0.0288 18.226 0.0463 18.0124 0.0247
19.575546 -75.04149699999999 9 0.968 18.8423 0.0101 18.3738 0.008 18.0416 0.0101 17.8606 0.0091
19.914332 -75.33646999999999 8 0.976 18.7569 0.0086 18.4364 0.0195 18.1895 0.0186 18.1729 0.0507
19.781124 -75.356312 16 0.985 15.6211 0.0061 15.2714 0.0061 15.0583 0.0074 14.9967 0.0074
19.194982999999997 -75.347049 11 0.981 18.3632 0.01 17.8917 0.0087 17.5484 0.0066 17.4425 0.0191
19.954385000000002 -75.32867900000001 11 0.983 17.6673 0.0074 17.2924 0.0089 17.0285 0.0075 16.9935 0.0102
18.899314 -75.165674 5 0.963 nan nan 18.5975 0.0137 17.756 0.0091 17.4185 0.0489
19.808639000000003 -75.057253 10 0.976 18.5931 0.0245 18.2177 0.0132 18.0217 0.033 17.9528 0.0381
19.351785 -75.045975 8 0.982 18.1855 0.0114 17.5863 0.0147 17.1375 0.0156 16.9847 0.0086
20.061370999999998 -75.112942 6 0.982 18.2933 0.0123 17.689 0.011000000000000001 17.3219 0.0223 17.1333 0.0081
18.875872 -75.210889 8 0.9670000000000001 18.8488 0.0181 18.4202 0.0269 18.0826 0.0117 18.0184 0.0136
19.075478 -75.325856 5 0.9640000000000001 18.8026 0.0105 18.3645 0.0105 18.1746 0.0576 18.0028 0.0147
19.119732 -75.33609399999999 8 0.9640000000000001 18.9555 0.0086 18.6665 0.0386 18.3439 0.0489 18.0279 0.0373
18.875201999999998 -75.192135 19 0.996 13.2976 0.006999999999999999 13.0829 0.0129 12.9608 0.0061 12.9627 0.0061
19.819962 -75.056861 9 0.975 18.9478 0.0121 18.2061 0.0101 17.6862 0.0176 17.4721 0.012
19.159705 -75.067097 11 0.9990000000000001 11.7774 0.0105 11.1308 0.0105 10.6792 0.0105 10.4974 0.0105
18.958326 -75.122395 10 0.986 15.4121 0.0105 14.8905 0.0105 14.5201 0.0074 14.3749 0.0074
20.042120999999998 -75.308309 8 0.9790000000000001 18.7355 0.0149 18.299 0.0075 17.9503 0.038 17.832 0.0105
20.1796 -75.197016 14 0.987 15.0295 0.0074 14.7081 0.0074 14.5307 0.0101 14.4874 0.0112
18.884063 -75.243414 10 0.973 17.6597 0.0354 17.479 0.0085 17.3523 0.0215 17.3567 0.0398
19.998406 -75.089301 6 0.9620000000000001 18.945 0.0087 18.4896 0.0087 18.1405 0.0114 17.9907 0.0167
19.080030999999998 -75.082024 11 0.983 17.4283 0.0111 16.7752 0.0079 16.3337 0.0065 16.135 0.0067
19.796245000000003 -75.358752 0 0.993 nan nan nan nan nan nan nan nan
18.927719 -75.277804 10 0.983 16.3739 0.0096 15.8127 0.0074 15.4415 0.0084 15.2917 0.0096
20.177652 -75.178637 4 0.977 19.1446 0.0112 18.6974 0.0168 18.4152 0.0198 18.1625 0.0128
19.301045000000002 -75.046384 8 0.983 17.6262 0.0087 17.0145 0.0082 16.6122 0.0079 16.4242 0.0149
19.943758 -75.3366 6 0.963 19.2168 0.0139 18.8324 0.0083 18.6409 0.015 nan nan
19.016911 -75.097382 7 0.976 18.6024 0.011000000000000001 18.0498 0.0099 17.6937 0.0225 17.4758 0.0235
20.037012 -75.313194 11 0.983 17.0466 0.0072 16.7222 0.0074 16.5318 0.0236 16.45 0.0083
18.886797 -75.252027 8 0.983 17.1159 0.0127 16.473 0.0085 15.9875 0.0139 15.7684 0.0206
19.043375 -75.322326 8 0.983 16.6755 0.0079 16.0776 0.008 15.7103 0.0074 15.5159 0.0239
20.00423 -75.323768 9 0.983 17.271 0.0117 16.5125 0.0075 15.9868 0.0082 15.7665 0.01
18.95595 -75.294198 11 0.983 17.7275 0.0077 17.3934 0.0087 17.141 0.0075 17.1481 0.0168
18.891126 -75.25813000000001 8 0.977 18.1086 0.031 17.5365 0.024 17.0639 0.0194 16.8422 0.031
18.867857 -75.177363 6 0.9590000000000001 19.0074 0.0121 18.5633 0.0117 18.2688 0.0364 18.2443 0.0669
18.857914 -75.205761 9 0.983 17.5577 0.0097 16.9521 0.0079 16.5107 0.0075 16.3063 0.025
19.430099 -75.036681 14 0.986 16.1054 0.0062 15.4117 0.0061 14.9498 0.0061 14.7522 0.0061
20.190927 -75.193722 12 0.981 16.9629 0.0277 16.7955 0.0161 16.7089 0.0094 16.7337 0.0553
19.915278 -75.067114 9 0.983 17.9634 0.0091 17.3879 0.0123 16.9363 0.0141 16.7863 0.0164
18.937878 -75.124201 7 0.986 16.1488 0.0107 15.3435 0.0105 14.7242 0.0074 14.4921 0.0074
19.791646 -75.048704 10 0.982 18.2391 0.0143 17.7131 0.0074 17.36 0.0152 17.1698 0.0068
20.085707 -75.299366 12 0.983 17.4409 0.0106 16.6025 0.0074 15.9308 0.0163 15.7023 0.0067
19.352094 -75.04016800000001 8 0.982 18.1408 0.0208 17.5882 0.0074 17.1895 0.0076 17.0131 0.0238
19.17042 -75.350593 4 0.9520000000000001 18.9426 0.0218 19.0668 0.0174 nan nan nan nan
19.748279999999998 -75.36702700000001 5 0.953 19.503 0.0323 19.0167 0.0178 18.7624 0.0263 nan nan
20.079895 -75.303152 13 0.982 17.8272 0.0074 17.6009 0.0107 17.4653 0.0079 17.5053 0.0482
19.966667 -75.33591899999999 6 0.95 19.5968 0.0273 19.2528 0.0268 18.9402 0.0502 nan nan
18.887969000000002 -75.264133 8 0.996 17.2168 0.0477 16.3627 0.0174 15.2325 0.0132 14.7747 0.0249
19.391683999999998 -75.374685 6 0.9790000000000001 18.801 0.015 18.2697 0.0083 17.9193 0.0125 17.743 0.0138
19.06146 -75.331626 7 0.973 18.2546 0.0293 17.9379 0.0112 17.7453 0.0202 17.6129 0.0693
19.940649 -75.068967 6 0.9570000000000001 19.0502 0.0144 18.5309 0.0367 18.1801 0.0194 18.0587 0.0165
19.180327 -75.354665 16 0.995 13.3632 0.006999999999999999 13.1046 0.0066 12.9598 0.0074 12.937000000000001 0.0074
19.733192000000003 -75.37017900000001 5 0.956 19.2108 0.0088 18.8953 0.0112 18.6373 0.015 nan nan
18.846933 -75.210008 16 0.9840000000000001 15.5994 0.0078 15.2427 0.0077 15.014000000000001 0.0074 14.9482 0.0075
19.340367 -75.37214 6 0.9790000000000001 18.595 0.0085 18.0994 0.0207 17.8081 0.0126 17.7635 0.0185
19.258785 -75.045987 14 0.983 16.8017 0.0061 16.3889 0.0062 16.1544 0.0081 16.096 0.0077
18.939592 -75.118196 8 0.982 17.9816 0.0155 17.6856 0.0163 17.5005 0.0205 17.4593 0.0211
19.215801000000003 -75.05104399999999 10 0.983 17.387999999999998 0.0259 16.723 0.042 16.2743 0.0064 16.0794 0.0063
20.132892000000002 -75.284352 11 0.972 18.8171 0.0094 18.3541 0.008 18.0146 0.0131 17.8425 0.0345
19.086053 -75.338953 4 0.9520000000000001 19.1294 0.0166 18.7814 0.0105 18.5856 0.0151 18.4063 0.018000000000000002
19.569295 -75.379587 17 0.993 14.3568 0.0075 14.0697 0.0061 13.8866 0.0074 13.85 0.0074
19.051904 -75.079598 10 0.981 18.2265 0.0081 17.9073 0.0081 17.6722 0.0518 17.653 0.0113
20.198196 -75.17525400000001 5 0.9570000000000001 19.2225 0.0279 18.7846 0.015 18.3968 0.0238 18.1842 0.0166
19.039879 -75.08250699999999 5 0.9590000000000001 19.1448 0.0112 18.5987 0.0375 18.317999999999998 0.0124 18.2023 0.0105
19.298560000000002 -75.040223 7 0.956 18.8569 0.0086 18.5837 0.0266 18.4269 0.0291 18.3498 0.027999999999999997
19.127809 -75.348221 8 0.971 18.8548 0.009000000000000001 18.3732 0.0075 17.9609 0.0199 17.8791 0.0138
19.529415 -75.030203 8 0.978 18.3991 0.0082 18.0544 0.0114 17.765 0.0082 17.726 0.0112
20.001538 -75.079851 19 0.995 14.3622 0.0061 13.8418 0.0061 13.4995 0.0074 13.3472 0.0063
20.136535000000002 -75.126416 2 0.96 nan nan nan nan 17.8972 0.0182 17.7296 0.0154
19.148379000000002 -75.058647 10 0.97 19.1298 0.0197 18.5671 0.0563 18.2792 0.0689 18.0813 0.0239
18.976893 -75.099837 7 0.971 18.387 0.0687 18.299 0.0105 18.1117 0.1094 18.1269 0.0788
19.096102 -75.068198 13 0.991 16.7636 0.0117 16.1434 0.0091 15.7372 0.0085 15.5749 0.0066
19.832483 -75.36275400000001 6 0.96 19.3233 0.0249 18.882 0.0158 18.5111 0.0117 18.404 0.0196
18.83546 -75.194688 10 0.982 18.0002 0.0131 17.6564 0.0193 17.4626 0.0225 17.3745 0.0131
20.114103 -75.298867 10 0.983 17.5294 0.0074 17.1224 0.0074 16.8559 0.013000000000000001 16.7388 0.0334
20.212689 -75.184635 3 0.9590000000000001 19.2472 0.0132 18.8928 0.0139 18.5203 0.0196 nan nan
20.172192000000003 -75.27069399999999 10 0.985 16.7207 0.027000000000000003 16.3213 0.0076 16.0791 0.0212 15.9656 0.0101
18.830171 -75.201219 5 0.95 19.2952 0.016 18.9466 0.0082 18.7353 0.0119 nan nan
19.14215 -75.353758 9 0.983 17.8352 0.0131 17.4677 0.0099 17.2281 0.0216 17.1029 0.0289
18.83704 -75.177334 8 0.983 17.002 0.0207 16.428 0.0231 15.9755 0.0097 15.8397 0.038
20.222726 -75.19624300000001 5 0.966 19.297 0.0124 18.813 0.0137 18.3661 0.0175 18.2597 0.0934
20.149217 -75.287081 16 0.988 16.3974 0.0123 15.9668 0.0064 15.7119 0.006 15.6369 0.006999999999999999
20.056962 -75.322358 9 0.9790000000000001 18.8023 0.0438 18.1946 0.0199 17.2873 0.0539 16.8752 0.0156
19.728164000000003 -75.376684 16 0.9840000000000001 15.5849 0.0066 15.1698 0.0061 14.8934 0.0076 14.8042 0.0079
19.115389999999998 -75.060124 16 0.9840000000000001 16.1566 0.009000000000000001 15.6237 0.0085 15.3071 0.0062 15.2026 0.0061
19.825692999999998 -75.043437 11 0.985 16.975 0.0436 16.0454 0.0145 15.300999999999998 0.0353 14.9942 0.0305
20.116928 -75.302715 9 0.983 17.2333 0.0128 16.4759 0.0112 15.9687 0.0063 15.7377 0.0084
19.142613 -75.054938 10 0.982 17.9509 0.0078 17.5221 0.008 17.2292 0.0089 17.1473 0.0118
19.50243 -75.384955 6 0.973 19.0771 0.0087 18.7017 0.0181 18.4373 0.0192 18.2966 0.0139
18.938842 -75.305978 10 0.983 17.1375 0.0088 16.5459 0.0074 16.1806 0.0119 16.0329 0.0233
20.176922 -75.275476 3 0.953 19.3133 0.0117 19.1394 0.0135 18.982 0.0153 nan nan
19.448141 -75.384535 9 0.9840000000000001 16.6988 0.0074 16.0021 0.0063 15.4789 0.0077 15.2543 0.0078
19.619131 -75.38400899999999 6 0.975 18.9658 0.0096 18.6478 0.0167 18.3806 0.0159 18.3327 0.0135
19.664876 -75.028074 10 0.982 18.3374 0.0124 17.7784 0.0157 17.430999999999997 0.0121 17.2611 0.0092
19.388469 -75.382859 6 0.96 19.7949 0.0381 18.8602 0.068 17.891 0.015 17.4816 0.0157
18.818752 -75.22622199999999 5 0.9570000000000001 19.1374 0.0255 18.8853 0.0339 18.7728 0.0144 nan nan
19.789012 -75.374009 8 0.976 18.9061 0.0271 18.3962 0.013000000000000001 17.9618 0.0119 17.8273 0.0658
19.116871 -75.35440600000001 8 0.98 19.5587 0.0481 18.5376 0.0076 17.0444 0.0366 16.5095 0.0106
18.940148 -75.309457 5 0.96 19.1571 0.0126 18.7804 0.0635 18.5739 0.0091 nan nan
20.084007999999997 -75.09340300000001 12 0.983 17.1875 0.0073 16.5317 0.0075 16.0802 0.0106 15.8565 0.0121
19.197860000000002 -75.367085 8 0.956 19.0184 0.0099 18.5827 0.0177 18.3236 0.0114 18.0758 0.0546
20.236132 -75.193339 13 0.983 17.6963 0.0099 17.4021 0.0077 17.2851 0.0085 17.2199 0.0192
20.207388 -75.25990999999999 8 0.982 17.6566 0.0284 16.8376 0.0089 16.2398 0.0435 16.0332 0.0101
19.445535 -75.023608 8 0.96 18.9053 0.0095 18.4885 0.0179 18.2945 0.012 18.2766 0.0443
19.906256 -75.05058000000001 9 0.973 18.8069 0.0171 18.2847 0.032 17.95 0.013000000000000001 17.7603 0.0095
18.809101000000002 -75.196141 4 0.982 nan nan 17.8144 0.0155 16.3715 0.013000000000000001 15.9547 0.0195
19.93228 -75.054765 12 0.983 17.5845 0.0072 17.2584 0.0071 17.018 0.024 16.9961 0.0277
19.017047 -75.076014 5 0.9620000000000001 19.8456 0.0228 18.8947 0.0158 17.7731 0.0122 17.3916 0.0107
18.985862 -75.084536 3 0.955 19.425 0.0244 19.0608 0.019 18.7858 0.0139 nan nan
20.088472 -75.319912 12 0.983 17.2329 0.0072 16.7262 0.0168 16.4072 0.0183 16.3054 0.0123
18.878973000000002 -75.28751899999999 14 0.987 14.0861 0.0074 13.8304 0.0074 13.6602 0.0074 13.6271 0.0074
19.589826000000002 -75.38861899999999 17 0.987 14.9301 0.0085 14.4892 0.0061 14.1618 0.0079 14.0397 0.0074
20.246306 -75.20321700000001 21 0.998 13.7748 0.0084 13.4608 0.0061 13.3058 0.0053 13.2712 0.0062
18.937259 -75.31329000000001 11 0.983 17.4514 0.0069 17.0832 0.0115 16.8199 0.0092 16.7847 0.0077
19.866224 -75.368305 8 0.971 20.2074 0.0357 19.1825 0.0121 17.5854 0.0099 16.96 0.0383
19.306691 -75.029353 8 0.9790000000000001 18.5598 0.0094 18.0659 0.0116 17.7492 0.011000000000000001 17.5381 0.0104
18.865406 -75.129929 6 0.956 19.0775 0.0138 18.6158 0.0105 18.2405 0.0079 18.088 0.0212
18.864429 -75.28206800000001 4 0.955 18.9057 0.0122 18.5754 0.0107 18.3037 0.0392 18.0574 0.0665
19.965047 -75.352693 9 0.981 18.5171 0.0181 17.9173 0.0115 17.4656 0.0219 17.2938 0.0321
18.955019 -75.32069200000001 10 0.983 17.6084 0.0067 17.0177 0.0071 16.6114 0.0078 16.4529 0.0101
19.438059 -75.38929399999999 7 0.978 19.0466 0.0102 18.4371 0.0163 18.1176 0.0419 17.9202 0.013000000000000001
18.874708 -75.123837 5 0.961 19.0482 0.0135 18.7865 0.0149 18.5064 0.0134 18.4144 0.0196
18.799847 -75.196678 17 0.998 13.8075 0.0061 13.5893 0.0063 13.4796 0.0209 13.4627 0.0075
18.805532999999997 -75.232851 4 0.953 19.054000000000002 0.0168 18.7582 0.0185 18.2529 0.0468 18.1399 0.0562
19.976770000000002 -75.05994799999999 9 0.9790000000000001 18.5326 0.0186 17.881 0.0166 17.4637 0.0265 17.2517 0.0127
19.220689 -75.374411 8 0.983 17.0151 0.0539 16.2693 0.0138 15.6822 0.0128 15.4056 0.0181
18.834006 -75.265446 8 0.978 17.2588 0.0094 16.9472 0.0083 16.7781 0.0112 16.721 0.0272
19.046697 -75.065347 19 0.985 16.9442 0.0074 16.652 0.0074 15.5992 0.0061 15.100999999999999 0.0061
20.098779999999998 -75.320899 8 0.977 18.6836 0.0266 18.3433 0.0158 18.0894 0.0091 18.0755 0.0612
19.727706 -75.38445 5 0.975 19.1729 0.0083 18.8017 0.008 18.6292 0.0147 nan nan
20.093342 -75.323451 10 0.9790000000000001 18.6546 0.0195 18.0963 0.0134 17.7009 0.0296 17.5248 0.0092
18.792594 -75.201001 9 0.98 18.3869 0.0526 18.0152 0.02 17.6884 0.0284 17.5921 0.0568
18.805851 -75.243149 6 0.963 18.0574 0.0097 17.4813 0.0084 16.9772 0.0135 16.7827 0.0177
19.945369 -75.359223 9 0.9840000000000001 16.7076 0.0087 15.6486 0.016 14.8544 0.0079 14.5124 0.0098
19.098155 -75.3583 7 0.9670000000000001 19.089000000000002 0.0162 18.5129 0.0235 18.1348 0.0389 18.0143 0.0209
19.240557 -75.378519 6 0.9740000000000001 18.6957 0.0106 18.3386 0.0105 18.0312 0.0396 17.9719 0.0539
20.183723 -75.289507 8 0.98 18.4141 0.068 18.2166 0.0326 18.0018 0.011000000000000001 17.8677 0.0314
18.978239000000002 -75.08043599999999 6 0.966 19.5672 0.0135 18.8628 0.0134 18.2592 0.0133 18.0016 0.0181
20.025272 -75.34379799999999 5 0.956 19.4832 0.0203 19.0844 0.019 18.7712 0.0116 nan nan
19.433058 -75.391953 9 0.981 18.3789 0.0097 17.8814 0.0073 17.5192 0.0095 17.4081 0.0105
18.998823 -75.07417 6 0.9740000000000001 18.9344 0.0135 18.4937 0.0112 18.0908 0.0653 18.0411 0.012
19.892086 -75.368724 10 0.981 17.9893 0.0351 17.3641 0.0312 16.8843 0.0133 16.6959 0.0105
19.554919 -75.017206 8 0.97 18.8083 0.013000000000000001 18.4611 0.0189 18.2144 0.0309 18.0916 0.0174
18.788524 -75.217697 6 0.958 19.1296 0.0083 18.7623 0.0117 18.4547 0.0149 18.2715 0.0386
18.790916 -75.183753 14 0.9840000000000001 16.538 0.0134 16.1089 0.0126 15.8402 0.0076 15.7227 0.0147
18.869407 -75.118268 8 0.982 18.1768 0.0075 17.7233 0.0075 17.4255 0.0074 17.2848 0.0266
18.935082 -75.091706 12 0.981 18.0609 0.0109 17.8926 0.0075 17.7945 0.0263 17.7623 0.0117
19.684254 -75.02059799999999 19 0.983 16.4432 0.0084 16.5447 0.0096 16.7463 0.0102 16.8043 0.0126
19.482167999999998 -75.39424 9 0.981 18.3866 0.0211 17.965 0.0148 17.730999999999998 0.0171 17.6403 0.0101
18.834381 -75.13739699999999 8 0.9890000000000001 14.328 0.0105 13.934000000000001 0.0105 13.6775 0.0105 13.5965 0.0105
19.962605 -75.35857800000001 10 0.983 17.5541 0.0101 17.2057 0.0113 17.0066 0.0097 16.9628 0.0262
20.266451 -75.212999 3 0.972 19.2294 0.0175 18.8096 0.0142 18.6655 0.0221 nan nan
18.904449 -75.31016 8 0.978 18.5089 0.0116 18.2996 0.0115 18.1663 0.0342 18.1787 0.057999999999999996
19.011733 -75.3429 7 0.97 18.4483 0.0195 18.0144 0.0248 17.5992 0.0397 17.5218 0.0264
20.140105 -75.312793 12 0.983 17.1177 0.0074 16.5127 0.0071 16.0409 0.0094 15.8662 0.0081
18.785037 -75.186554 17 0.9940000000000001 14.0176 0.0073 13.5541 0.0061 13.2901 0.0076 13.2006 0.0074
19.078678 -75.053662 11 0.983 18.0032 0.0103 17.4354 0.0069 16.9974 0.008 16.8301 0.0075
18.880637 -75.110543 8 0.95 19.192 0.0296 18.6378 0.0096 18.2887 0.0153 18.2043 0.0152
18.894906 -75.103567 11 0.9620000000000001 18.5884 0.0432 17.9766 0.0202 17.578 0.0089 17.4042 0.0427
19.85191 -75.377223 11 0.983 17.2384 0.0084 16.797 0.0074 16.498 0.0229 16.3285 0.0099
20.065909 -75.338257 5 0.9590000000000001 19.4023 0.0513 19.063 0.0224 18.7488 0.0136 nan nan
18.859184 -75.117898 8 0.9740000000000001 18.7003 0.008 18.320999999999998 0.0077 17.9222 0.0078 17.8352 0.0326
20.120434 -75.322722 9 0.983 17.7412 0.0126 16.9754 0.0076 16.3441 0.006999999999999999 16.0746 0.0089
20.071987 -75.074149 10 0.976 18.6542 0.0094 18.1695 0.0277 17.814 0.0215 17.5582 0.0341
18.804841 -75.262895 6 0.971 17.8629 0.0092 17.3305 0.0135 16.9039 0.0155 16.8369 0.0144
20.219642 -75.13166600000001 11 0.992 14.237 0.0117 13.9596 0.0105 13.8091 0.0061 13.7801 0.0074
20.269123 -75.23865500000001 14 0.9990000000000001 14.4971 0.0077 14.2005 0.0074 14.0412 0.008 14.0195 0.0077
19.777514 -75.023421 10 0.97 18.932000000000002 0.0183 18.4855 0.03 18.1037 0.0287 17.9774 0.0189
20.031527 -75.34921999999999 9 0.977 18.8032 0.0079 18.3289 0.008 17.9896 0.0673 17.9103 0.077
19.277546 -75.022786 10 0.9640000000000001 18.368 0.0644 18.0419 0.0108 17.8655 0.0115 17.7948 0.0144
19.151764 -75.37420300000001 5 0.97 19.2231 0.0357 18.8788 0.0075 18.6258 0.0151 nan nan
20.159676 -75.099274 8 0.9840000000000001 15.5692 0.0105 15.2668 0.0105 15.1105 0.0105 15.0808 0.0108
19.737393 -75.01859 17 0.998 15.3049 0.0096 14.5204 0.0061 13.9792 0.0091 13.7636 0.0068
18.828178 -75.285636 2 0.96 19.4033 0.0109 19.0129 0.0155 nan nan nan nan
20.266072 -75.159712 11 0.981 18.3247 0.0314 17.917 0.0425 17.6521 0.0124 17.5459 0.036000000000000004
19.516723000000002 -75.01029 10 0.973 19.4394 0.0277 18.5648 0.0315 17.7339 0.0083 17.4334 0.0173
19.570472 -75.400164 8 0.983 17.479 0.0181 16.252 0.0098 15.4338 0.1555 14.9774 0.1543
20.222472 -75.286806 4 0.968 19.104 0.0152 18.7097 0.0115 18.5298 0.0305 18.3286 0.0171
20.11712 -75.329984 8 0.981 18.2113 0.008 18.4167 0.0082 18.7376 0.0527 nan nan
19.379792000000002 -75.397352 6 0.963 19.8532 0.0165 19.0519 0.0107 17.7384 0.0105 17.2299 0.0146
19.383232999999997 -75.013029 9 0.968 19.3689 0.0121 18.5864 0.012 18.0017 0.0102 17.7801 0.0473
19.681817000000002 -75.39721999999999 9 0.982 18.2416 0.0075 17.660999999999998 0.0072 17.2646 0.0102 17.0849 0.0461
20.022551999999997 -75.056451 8 0.965 18.7865 0.0315 18.3211 0.0099 17.9795 0.0206 17.8915 0.038
20.257455 -75.147012 7 0.9790000000000001 18.5503 0.0127 18.0777 0.0117 17.7285 0.0183 17.6137 0.0118
19.067808 -75.36369 4 0.977 19.4417 0.0189 18.533 0.0118 17.3076 0.0173 16.9377 0.0159
18.872222 -75.101226 8 0.9740000000000001 18.6872 0.0081 18.3641 0.0084 18.0486 0.0089 18.1036 0.0253
19.392431 -75.011072 12 0.983 17.8057 0.0132 17.2048 0.0076 16.742 0.013000000000000001 16.5351 0.0071
19.912798000000002 -75.035054 18 0.9840000000000001 15.9493 0.0094 15.6813 0.0103 15.511 0.0142 15.4781 0.0102
19.091453 -75.042337 7 0.966 19.1877 0.0084 18.8055 0.0278 18.5099 0.0105 18.3625 0.0117
19.825078 -75.387489 8 0.976 19.734 0.0172 18.8328 0.06 17.442 0.0285 16.9073 0.0111
18.88999 -75.318962 4 0.9690000000000001 nan nan nan nan 18.1911 0.067 16.9468 0.0088
19.529794 -75.007733 10 0.978 18.6956 0.0228 18.1892 0.0149 17.8356 0.0104 17.6549 0.0111
19.491479 -75.40294499999999 14 0.983 16.9074 0.006999999999999999 16.6338 0.0063 16.456 0.0195 16.4144 0.01
18.993975 -75.350448 17 0.985 15.5227 0.0074 15.2244 0.0105 15.0273 0.0077 14.968 0.0085
20.19624 -75.306106 8 0.978 18.2281 0.0107 18.0637 0.0131 17.9535 0.0261 17.9544 0.0665
19.774998999999998 -75.01759 18 0.9840000000000001 16.1793 0.0063 15.8931 0.0067 15.7341 0.0077 15.6757 0.0074
19.280970999999997 -75.01684200000001 10 0.983 17.4207 0.0101 17.0376 0.0065 16.7807 0.0069 16.7591 0.0079
20.298358 -75.184863 20 0.9990000000000001 13.2295 0.0103 12.9266 0.0076 12.7532 0.0053 12.72 0.006999999999999999
18.766717 -75.25166 13 0.982 16.7035 0.0095 16.436 0.0118 16.2659 0.0076 16.2362 0.0155
20.152502 -75.087847 7 0.95 18.6417 0.0111 18.1772 0.0316 17.8346 0.0227 17.7133 0.0121
19.267722 -75.01734599999999 15 0.983 17.1076 0.0149 16.8071 0.0062 16.6506 0.0079 16.5925 0.0097
19.537259 -75.404573 9 0.972 18.8279 0.0255 18.4374 0.0123 18.1963 0.0157 18.0308 0.0098
19.833178 -75.02229 12 0.983 17.8763 0.0095 17.4877 0.0187 17.2573 0.0075 17.1111 0.015
20.207592 -75.303725 3 0.953 19.5827 0.0158 19.137 0.0174 18.7458 0.0294 nan nan
18.797261 -75.279781 6 0.9540000000000001 18.3463 0.0793 18.1492 0.0556 17.8538 0.0166 17.695999999999998 0.0629
20.301716 -75.231153 3 0.958 19.4355 0.0176 19.1203 0.011000000000000001 18.7671 0.0222 nan nan
19.169043 -75.02749 11 0.983 17.5889 0.0094 17.2048 0.0077 16.8903 0.0095 16.808 0.0091
20.263312 -75.139814 11 0.9840000000000001 15.6048 0.0105 15.2868 0.0105 15.1106 0.0061 15.0676 0.0096
19.815481 -75.391295 5 0.958 19.5814 0.0285 19.0875 0.0131 18.6726 0.0115 nan nan
19.516342 -75.405738 10 0.978 18.4261 0.0263 17.8514 0.0099 17.4075 0.0076 17.1958 0.015
19.781218 -75.015922 18 0.988 15.605 0.0067 15.0115 0.0092 14.6251 0.0061 14.4591 0.0061
20.182497 -75.096202 8 0.9890000000000001 14.4076 0.0105 14.07 0.0105 13.8696 0.0105 13.8066 0.0105
20.175607 -75.319177 8 0.9790000000000001 18.5786 0.0118 18.06 0.0259 17.6592 0.0434 17.5133 0.0225
19.669282 -75.402866 11 0.983 17.9525 0.0099 17.0778 0.0205 16.3683 0.0074 16.0741 0.0069
19.181162 -75.02474000000001 8 0.9690000000000001 19.1158 0.0184 18.3405 0.038 17.6374 0.0109 17.4352 0.0251
20.306128 -75.233289 4 0.977 18.8093 0.012 18.4992 0.0112 18.2252 0.019 18.1946 0.0186
18.814672 -75.29466500000001 5 0.9640000000000001 19.1742 0.0212 18.8648 0.0095 18.7615 0.0135 nan nan
19.229295 -75.392742 7 0.983 18.455 0.0105 17.5116 0.0102 16.3995 0.0087 15.9343 0.0075
20.084409 -75.06308100000001 10 0.9640000000000001 19.1135 0.0262 18.5 0.0248 18.0991 0.0174 17.9372 0.0436
19.889189000000002 -75.026098 9 0.965 19.1302 0.0089 18.6056 0.0089 18.2304 0.0114 18.1186 0.0229
18.780434 -75.13776800000001 8 0.988 14.3679 0.0105 13.8268 0.0105 13.5002 0.0105 13.3754 0.0105
18.774984 -75.14144499999999 4 0.983 18.3095 0.0125 17.3908 0.0118 16.225 0.0105 15.7792 0.0105
20.148641 -75.331164 7 0.951 19.4704 0.0626 19.1157 0.0241 18.7121 0.0145 18.5224 0.0187
18.816098999999998 -75.115266 6 0.966 18.8997 0.0346 18.5795 0.0143 18.3714 0.0117 18.2316 0.0137
20.018689000000002 -75.047093 10 0.982 18.4248 0.0079 17.6019 0.0074 17.0065 0.0072 16.7529 0.0175
18.749868 -75.16251700000001 6 0.981 18.2533 0.0116 18.0111 0.0114 17.8704 0.0256 17.802 0.0113
20.290051000000002 -75.151927 7 0.982 18.1156 0.0105 17.6981 0.0105 17.4146 0.0117 17.3116 0.0095
18.980406 -75.353815 8 0.98 18.4371 0.0081 18.0737 0.0092 17.8619 0.0236 17.6176 0.0522
18.730242999999998 -75.212689 15 0.9840000000000001 16.2908 0.0075 15.7809 0.0061 15.4516 0.0061 15.3206 0.0065
