ra dec ngood class_star g_psf e_g_psf r_psf e_r_psf i_psf e_i_psf z_psf e_z_psf
46.948054 -29.903921999999998 10 0.983 15.8517 0.0159 15.5701 0.0105 15.4081 0.0109 15.3864 0.0074
46.955717 -29.897446000000002 8 0.982 16.8549 0.0155 16.4845 0.0141 16.223 0.0161 16.1017 0.013999999999999999
46.903318 -29.913798 10 0.996 12.6136 0.0105 12.3751 0.0105 12.2548 0.0105 12.2723 0.0105
46.992507 -29.926465000000004 5 0.968 nan nan 17.8558 0.0199 17.6356 0.0319 17.5347 0.016
46.906512 -29.906583 4 0.971 nan nan nan nan 17.3637 0.0453 16.8942 0.0099
46.950792 -29.969609000000002 8 0.975 20.0775 0.0111 19.1712 0.0184 17.9681 0.02 17.6024 0.0396
46.897339 -29.913271 11 0.9840000000000001 15.3391 0.011000000000000001 14.9667 0.0105 14.7301 0.0074 14.6655 0.0074
46.914891 -29.963024 8 0.982 19.1736 0.0107 18.2563 0.0111 16.6115 0.0183 15.9895 0.0166
46.946512 -29.874331 5 0.983 nan nan 17.0257 0.0243 15.9011 0.0218 15.5102 0.0076
46.956794 -29.872669000000002 3 0.958 19.7806 0.0125 19.5981 0.0138 19.6911 0.0242 nan nan
46.904219 -29.967322999999997 21 0.995 15.0852 0.0081 14.8659 0.0105 14.7443 0.0055 14.7487 0.0066
46.918084 -29.876620000000003 4 0.983 nan nan nan nan 14.5766 0.0105 14.5426 0.0105
47.000648999999996 -29.894628000000004 5 0.98 nan nan 17.2631 0.0196 16.8525 0.0319 16.6571 0.0309
46.888607 -29.892369 10 0.983 16.8991 0.0133 16.5982 0.0111 16.3688 0.0121 16.3219 0.0086
46.898396000000005 -29.971271 7 0.98 19.3334 0.0117 18.5575 0.0123 17.7885 0.0087 17.4923 0.0104
47.008623 -29.956746000000003 18 0.9940000000000001 15.9563 0.0077 15.4262 0.0138 15.1345 0.0053 15.0316 0.0118
46.991617 -29.979987 7 0.982 19.4879 0.0106 18.6447 0.0109 17.6302 0.0083 17.2489 0.0082
46.909508 -29.985542 4 0.963 19.5655 0.0112 19.4097 0.0113 19.2954 0.0615 nan nan
46.867986 -29.928432 7 0.982 16.1777 0.0132 15.5177 0.0105 15.049000000000001 0.0105 14.8847 0.011000000000000001
47.015987 -29.891678999999996 5 0.982 nan nan 17.2206 0.0254 16.588 0.0086 16.3728 0.0092
46.86949 -29.967712 11 0.983 17.891 0.0189 16.993 0.0206 15.8752 0.0099 15.4743 0.0111
46.936328 -29.846897 20 0.9940000000000001 15.6956 0.0076 15.4868 0.0064 15.3431 0.0076 15.3388 0.0072
46.888298999999996 -29.864303999999997 9 0.985 19.4889 0.0126 18.5822 0.015 17.2243 0.0084 16.6743 0.0154
47.038734000000005 -29.957426 7 0.9690000000000001 20.3889 0.0223 19.4994 0.0191 18.2616 0.0235 17.7957 0.0137
46.846928000000005 -29.924955999999998 8 0.971 nan nan 17.5674 0.0145 17.4185 0.0095 17.3851 0.0202
47.044302 -29.945045 6 0.97 19.7113 0.0131 19.0359 0.0106 18.5058 0.0353 18.2281 0.0104
46.885376 -29.857211 19 0.988 16.26 0.0082 15.844000000000001 0.0177 15.6065 0.0056 15.5114 0.0151
46.972701 -29.841920000000002 8 0.981 19.6689 0.017 18.7816 0.0105 17.4602 0.0074 16.9478 0.0104
47.000803999999995 -29.852542 9 0.982 19.1737 0.0147 18.2429 0.0108 16.8558 0.0073 16.3348 0.0058
46.844153999999996 -29.90475 4 0.9520000000000001 nan nan nan nan 17.8952 0.0644 17.8647 0.0604
47.050402000000005 -29.891171000000003 9 0.977 17.4424 0.0509 17.2443 0.0175 17.0821 0.0449 16.9768 0.0118
46.968284000000004 -29.830284000000002 9 0.983 18.283 0.0109 17.8026 0.0102 17.5146 0.0129 17.3784 0.0378
47.041645 -29.980299 16 0.9840000000000001 16.0326 0.0066 15.7511 0.0074 15.564 0.0054 15.5378 0.0064
46.991234999999996 -30.017405 4 0.96 19.6149 0.0108 19.3106 0.0135 18.9525 0.0149 18.8663 0.0388
47.0217 -30.003027000000003 19 0.99 15.5131 0.0095 15.2577 0.008 15.0864 0.0124 15.081 0.0062
47.014726 -30.00825 18 0.9940000000000001 14.7699 0.0062 13.9444 0.0069 13.2647 0.0061 13.0071 0.0061
46.949529999999996 -29.824853000000004 13 0.983 17.5606 0.0105 17.2871 0.0099 17.087 0.006999999999999999 17.0471 0.0176
46.884276 -29.840115 6 0.975 19.8673 0.0147 19.0296 0.0113 18.5941 0.024 18.2915 0.0105
46.830028000000006 -29.949962 3 0.955 19.8295 0.0142 19.6144 0.0189 19.4121 0.0236 nan nan
46.834414 -29.964837 10 0.983 17.3957 0.0365 16.8116 0.0396 16.4616 0.0073 16.312 0.0132
46.958694 -29.821109999999997 15 0.988 15.0581 0.0088 14.6963 0.0135 14.4653 0.0073 14.3958 0.0061
47.057974 -29.972839 8 0.98 19.5718 0.012 18.6891 0.0116 17.6051 0.0128 17.2123 0.0166
46.871359000000005 -29.836340000000003 7 0.976 21.0602 0.0205 19.9707 0.0194 18.0796 0.0105 17.3124 0.0204
46.937119 -30.038483000000003 18 0.992 15.6897 0.0075 15.427999999999999 0.0092 15.2355 0.0088 15.2056 0.0083
46.879006 -30.022619 5 0.968 20.4876 0.0216 19.5382 0.0153 18.1641 0.0106 17.5748 0.0123
47.056952 -29.865571999999997 8 0.977 19.9877 0.012 19.0635 0.0196 17.7925 0.0098 17.3128 0.0354
46.998082000000004 -29.819304 3 0.9570000000000001 19.8687 0.0128 19.6801 0.0119 19.6624 0.039 nan nan
46.86067 -29.836484999999996 10 0.983 16.0837 0.0158 15.5744 0.0109 15.2994 0.0074 15.1954 0.017
46.894996 -30.034789 8 0.983 18.4351 0.0107 17.5501 0.0566 16.26 0.0085 15.7675 0.0093
47.046591 -29.847815999999998 6 0.9790000000000001 18.8867 0.0132 18.5114 0.0116 18.2782 0.0088 18.2018 0.0232
46.926189 -29.809877 3 0.95 19.7534 0.0137 19.5671 0.0145 19.3127 0.033 nan nan
47.016867 -30.029284999999998 9 0.983 18.5583 0.0105 17.6603 0.0187 16.4928 0.0381 16.0944 0.0139
46.973255 -30.044774 7 0.983 19.4264 0.0139 18.4497 0.0105 16.945 0.0201 16.335 0.0131
46.84599 -29.843683000000002 10 0.996 11.6999 0.0109 11.4061 0.0105 11.2315 0.0105 11.2147 0.0105
47.088145000000004 -29.920343 12 0.99 13.7493 0.0105 13.4458 0.0105 13.2706 0.0074 13.252 0.0118
46.928897 -30.049646999999997 6 0.982 18.9801 0.011000000000000001 18.0579 0.0108 16.7509 0.0408 16.2707 0.0087
46.835440999999996 -29.847440000000002 8 0.976 20.4726 0.0354 19.6052 0.013000000000000001 17.9709 0.0188 17.3235 0.0082
46.983218 -29.804316999999998 6 0.983 18.8496 0.0105 18.0381 0.0112 17.3351 0.0137 17.0867 0.0212
46.878215999999995 -30.040045000000003 6 0.973 20.621 0.0148 19.6224 0.0144 17.9487 0.0111 17.4236 0.0149
46.80123 -29.896144 8 0.977 16.514 0.0158 16.2119 0.0147 16.0752 0.011000000000000001 16.0209 0.0175
47.092551 -29.956758 14 0.983 17.2627 0.0292 16.9541 0.0477 16.8058 0.0136 16.7478 0.0101
46.853821 -29.824472999999998 9 0.983 16.6173 0.0296 16.0644 0.0105 15.7412 0.0139 15.6707 0.0075
46.985184999999994 -30.0532 17 0.995 14.1651 0.0075 13.8617 0.0091 13.675999999999998 0.0073 13.6324 0.0077
47.072342 -29.852846000000003 8 0.9790000000000001 19.671 0.0119 18.748 0.0184 17.6265 0.0204 17.1865 0.0132
46.837659 -30.018625 9 0.9840000000000001 17.6457 0.0105 17.1852 0.0494 16.9351 0.0079 16.8024 0.0311
46.887451 -30.048890000000004 6 0.981 18.6402 0.0105 18.3691 0.0106 18.239 0.0406 18.1396 0.0377
46.927255 -30.060081 4 0.9740000000000001 20.0288 0.0149 19.1883 0.0123 18.375 0.0108 18.1465 0.0203
47.02317 -30.044184 12 0.983 17.3361 0.0381 16.9133 0.0087 16.6564 0.0111 16.5542 0.0157
46.919775 -30.061131 2 0.97 19.2864 0.0153 19.5639 0.015 nan nan nan nan
47.086717 -29.863915000000002 8 0.981 19.4512 0.0152 18.5995 0.0105 17.7694 0.0112 17.4124 0.0096
46.788717999999996 -29.917654 9 0.9990000000000001 13.9406 0.0105 13.0302 0.0105 11.7309 0.0105 11.2434 0.0105
46.812111 -29.85326 6 0.983 19.0602 0.0187 18.1833 0.0105 17.1774 0.0432 16.7427 0.0091
46.871023 -30.047912 9 0.983 17.9833 0.0105 17.2671 0.0174 16.7698 0.0284 16.6109 0.0167
47.001276000000004 -29.795928999999997 6 0.982 18.1172 0.0107 17.6974 0.0108 17.3859 0.0083 17.2939 0.01
46.786025 -29.919153 6 0.953 17.0121 0.0247 16.6027 0.0131 16.4016 0.0115 nan nan
46.79855 -29.982969 18 0.996 14.2375 0.0061 13.8222 0.0095 13.5637 0.0129 13.4927 0.0065
46.874990000000004 -29.801008000000003 5 0.971 nan nan 20.5486 0.0146 18.5071 0.0335 17.7061 0.0283
46.983203 -30.064778000000004 7 0.977 19.5585 0.0105 18.7214 0.0105 17.916 0.0155 17.5996 0.0122
46.953272999999996 -30.071419 19 0.9840000000000001 16.5042 0.0101 16.2373 0.0099 16.049 0.0054 16.0331 0.013999999999999999
46.867566 -29.798211 4 0.9740000000000001 nan nan nan nan 18.1216 0.0179 17.7241 0.015
46.782233000000005 -29.957789000000002 5 0.981 18.864 0.0109 18.6754 0.0105 18.5263 0.0357 18.5805 0.038
47.111657 -29.894636 12 0.985 14.4468 0.0105 14.2232 0.0105 14.0908 0.0074 14.0737 0.0163
47.058737 -29.814694 5 0.9740000000000001 19.2115 0.0135 19.0346 0.0133 18.8747 0.0503 18.7633 0.0166
47.094141 -30.004013 8 0.983 18.4871 0.0105 17.5791 0.0341 16.279 0.0439 15.7561 0.0076
46.782258 -29.880079 4 0.973 nan nan nan nan 17.3888 0.0314 16.8946 0.0572
47.116554 -29.897964 5 0.98 nan nan 17.2733 0.0151 16.7667 0.0318 16.5873 0.0076
46.779576 -29.970353000000003 7 0.978 19.6365 0.0105 18.8576 0.013000000000000001 18.2546 0.0181 17.9272 0.0199
47.060328999999996 -29.810534999999998 14 0.997 15.2662 0.0247 14.8996 0.0078 14.6694 0.0062 14.5993 0.0092
46.807393 -29.832213 5 0.977 20.4751 0.0179 19.583 0.0141 18.1348 0.0273 17.5749 0.0136
46.988753 -30.075668 8 0.978 20.0884 0.0193 19.2861 0.0115 17.9842 0.0107 17.4912 0.0226
46.865885 -30.063228999999996 13 0.9840000000000001 14.4382 0.0108 14.2014 0.0105 14.0642 0.008 14.0788 0.0061
46.951013 -30.080214 18 0.99 12.6215 0.0074 12.3862 0.0087 12.2685 0.0074 12.2686 0.0061
47.049445 -29.800407 13 0.995 14.138 0.0176 13.8118 0.0075 13.6095 0.0074 13.5562 0.0094
47.047705 -30.055415000000004 11 0.982 17.6203 0.0121 17.4875 0.0265 17.4444 0.0108 17.4726 0.0127
47.125756 -29.945818 6 0.9790000000000001 19.6595 0.0121 18.7907 0.0107 18.0434 0.0239 17.7713 0.0156
47.0469 -29.796497 6 0.978 19.668 0.0176 18.9118 0.0182 18.0833 0.0683 17.8338 0.0231
46.835838 -29.801403000000004 15 0.997 14.0843 0.0074 13.7463 0.0074 13.556 0.0061 13.5103 0.0061
46.787702 -29.847839 11 0.985 17.8658 0.0105 17.5545 0.023 17.3562 0.0121 17.2931 0.0108
47.083313000000004 -30.034206 5 0.976 19.805 0.023 19.0319 0.0117 18.2345 0.0111 17.9624 0.0566
46.800140999999996 -29.826764 8 0.983 17.81 0.0105 17.4372 0.0101 17.2064 0.0108 17.1213 0.0334
46.80489 -30.032615000000003 12 0.988 16.9265 0.0368 16.3033 0.0355 15.882 0.0147 15.7566 0.0286
46.837781 -29.792921000000003 5 0.9620000000000001 19.5709 0.0152 19.3964 0.0159 19.3114 0.0254 19.1098 0.0291
47.137170000000005 -29.946243 6 0.977 19.6084 0.0155 18.6953 0.0111 17.8953 0.0794 17.6101 0.0377
46.754709000000005 -29.920703000000003 4 0.98 nan nan nan nan 16.9967 0.0249 16.3743 0.0094
47.130609 -29.878045 5 0.978 nan nan 17.8482 0.033 17.088 0.0473 16.8343 0.0514
47.139043 -29.933291999999998 9 0.981 16.4839 0.0138 16.0319 0.0096 15.7583 0.0107 15.6459 0.0342
46.753781 -29.929778999999996 5 0.98 nan nan 17.2507 0.0166 16.9924 0.0212 16.8906 0.0125
46.865428 -30.079009000000003 5 0.9570000000000001 nan nan nan nan 17.9315 0.0131 17.8058 0.0695
47.049908 -30.069144 7 0.98 19.2561 0.0113 18.4501 0.011000000000000001 17.624000000000002 0.015 17.2823 0.0081
46.957568 -29.758553999999997 8 0.982 18.8243 0.0143 18.2444 0.0108 17.8983 0.0196 17.82 0.0205
47.102357 -29.824296 6 0.978 19.5885 0.0144 18.7952 0.0111 18.2919 0.0204 18.0816 0.0134
47.044381 -30.073413000000002 10 0.985 17.9914 0.0105 17.0444 0.0591 16.1331 0.0067 15.7783 0.0118
46.905735 -29.760471999999996 7 0.982 19.2873 0.0124 18.3666 0.0105 17.2454 0.0164 16.7749 0.0279
47.05053 -30.071036 10 0.985 17.1562 0.0214 16.4157 0.0093 15.8412 0.011000000000000001 15.6326 0.0066
47.145077 -29.92582 5 0.971 17.3328 0.0176 16.8268 0.0121 16.5664 0.0142 16.4156 0.0134
47.144675 -29.939715999999997 3 0.9590000000000001 19.5126 0.0108 19.4502 0.0174 19.3279 0.0242 nan nan
47.123076 -30.005816999999997 6 0.982 19.8889 0.0193 18.8964 0.0149 17.2768 0.0091 16.694000000000003 0.0119
46.938010999999996 -30.09886 21 0.986 15.4389 0.0075 15.0523 0.0109 14.8577 0.0053 14.8036 0.0066
47.070972 -29.791638 10 0.9840000000000001 16.7515 0.0105 16.0307 0.0135 15.5085 0.0061 15.3187 0.0109
46.946354 -29.753356 11 0.983 17.9547 0.0108 17.3382 0.0088 16.9218 0.0112 16.7927 0.0099
47.003775 -30.092739 6 0.972 20.0756 0.021 19.1782 0.0119 17.9917 0.0263 17.525 0.0099
46.798514000000004 -30.044239 15 0.986 16.3955 0.0082 16.1852 0.0123 16.0379 0.0082 16.0155 0.0269
47.048761 -29.776386 6 0.981 19.6339 0.0146 18.685 0.0141 17.2824 0.0078 16.7544 0.0085
46.758736 -29.860526 9 0.9840000000000001 18.2199 0.013999999999999999 17.9375 0.0105 17.7278 0.0083 17.7168 0.0546
46.97074 -29.750771999999998 6 0.977 19.3532 0.0108 18.8997 0.0107 18.5713 0.0206 18.5849 0.0135
47.011513 -29.758034000000002 8 0.983 18.5552 0.0105 18.2853 0.0111 18.0911 0.0084 18.0129 0.0141
47.067412 -29.782444 8 0.982 18.2417 0.0106 18.0708 0.0105 17.9508 0.0082 17.9903 0.0214
46.958569 -30.104619 4 0.965 19.4404 0.0134 19.3071 0.012 19.1719 0.0203 nan nan
47.152069 -29.940379999999998 5 0.981 18.5402 0.0105 18.2501 0.011000000000000001 18.0315 0.027000000000000003 17.8969 0.0124
47.020114 -29.758640000000003 18 0.9840000000000001 16.5909 0.0229 16.3008 0.0156 16.1771 0.0084 16.1552 0.0059
47.124584000000006 -30.019140999999998 15 0.997 11.2266 0.0074 10.6618 0.0075 10.2692 0.0105 10.1147 0.0105
46.997102000000005 -29.750611 7 0.981 19.1867 0.0159 18.2585 0.0122 17.2375 0.0103 16.8394 0.0073
46.750098 -29.864172999999997 22 0.99 14.4817 0.009000000000000001 13.9701 0.0061 13.6585 0.0053 13.5563 0.0053
47.145078999999996 -29.988415000000003 6 0.972 19.9219 0.0116 19.1122 0.0107 17.9916 0.0541 17.5927 0.0324
47.068037 -29.776984000000002 6 0.982 19.3744 0.0173 18.4379 0.0105 17.211 0.0074 16.7669 0.0078
47.055302000000005 -29.769756 13 0.995 15.0132 0.008 14.595999999999998 0.0104 14.3231 0.0061 14.23 0.0074
46.915953 -29.744998 11 0.997 12.6708 0.0105 12.402999999999999 0.0105 12.2494 0.0105 12.2352 0.0074
47.098606 -30.055260999999998 7 0.982 18.8428 0.0128 17.8875 0.0435 16.9664 0.0233 16.5627 0.0094
47.032361 -29.758227 6 0.976 19.9714 0.0203 19.0472 0.0134 18.244 0.0425 17.8745 0.0199
46.754649 -29.847507 12 0.983 17.9519 0.0105 17.7711 0.0181 17.6656 0.0141 17.6703 0.0162
46.932209 -30.111531 6 0.972 19.9212 0.0112 19.0664 0.0115 18.3195 0.0091 18.0282 0.0166
46.737749 -29.878069 9 0.982 16.6211 0.0139 16.2308 0.0132 16.0081 0.0221 15.9216 0.009000000000000001
46.783865000000006 -30.050355 14 0.9840000000000001 17.1163 0.0292 16.8514 0.0096 16.7146 0.0088 16.7157 0.0102
46.760341 -29.829238 11 0.982 18.1693 0.0107 18.0289 0.0368 17.9466 0.0083 17.9651 0.0379
46.953241999999996 -30.115972999999997 23 0.988 14.5773 0.0093 14.2395 0.013000000000000001 14.0889 0.0122 14.0699 0.0075
47.108753 -29.796419 4 0.971 19.424 0.0156 19.2813 0.0169 19.1279 0.0157 nan nan
47.021573 -30.107156 11 0.986 18.3091 0.0105 17.4055 0.0104 16.2164 0.0136 15.7612 0.0093
47.148239000000004 -30.006012 4 0.9690000000000001 19.6098 0.015 18.9211 0.0143 18.3107 0.0144 18.0376 0.0192
46.731169 -29.976053000000004 5 0.98 nan nan nan nan 16.9383 0.0403 16.3617 0.0154
46.731413 -29.977811 19 0.995 14.3863 0.0094 14.1574 0.0064 14.0167 0.0061 14.0021 0.0078
46.776609 -30.052083000000003 5 0.975 19.445 0.0123 18.7543 0.0113 18.128 0.0141 17.9474 0.0539
46.739432 -29.851136999999998 16 0.983 17.2765 0.0601 17.1003 0.018000000000000002 16.997 0.0071 16.9626 0.0266
47.158544 -29.992339 11 0.9840000000000001 18.4483 0.0105 17.4512 0.0735 16.0836 0.0122 15.5584 0.0058
46.922849 -29.7325 8 0.981 nan nan 17.5614 0.0105 17.4445 0.0122 17.4431 0.0099
46.984425 -30.120043 19 0.996 13.1375 0.013000000000000001 12.9034 0.0074 12.7971 0.0053 12.7951 0.0053
47.14356 -30.025762 5 0.981 18.3891 0.0116 18.1693 0.0105 18.0003 0.015 17.9404 0.0178
46.725223 -29.881005 10 0.9840000000000001 15.6125 0.0105 14.9945 0.0108 14.569 0.0075 14.3931 0.016
46.891587 -29.733276 7 0.9790000000000001 19.9668 0.0126 18.9617 0.0105 17.7397 0.0079 17.2248 0.0122
46.906219 -29.729484000000003 6 0.981 18.629 0.0105 18.3529 0.012 18.1877 0.009000000000000001 18.1325 0.0119
46.727123999999996 -29.860418 7 0.9790000000000001 20.4522 0.0122 19.4295 0.0128 17.9098 0.0096 17.2967 0.0085
46.738801 -29.834718 21 0.997 15.3651 0.0061 15.0751 0.008 14.9373 0.0057 14.9057 0.0053
46.941913 -30.130197999999996 20 0.985 15.7042 0.0127 15.4877 0.0062 15.3905 0.0061 15.3859 0.0061
46.800968 -29.766876 3 0.9590000000000001 19.9569 0.0117 19.4765 0.012 19.1942 0.0171 nan nan
46.969056 -30.129446 24 0.996 14.0131 0.0083 13.8557 0.0061 13.7878 0.0053 13.8092 0.0053
46.75465 -29.806675 6 0.9690000000000001 19.9015 0.0239 19.1127 0.0139 18.4115 0.0275 18.0844 0.0587
46.852936 -29.736796000000002 7 0.973 nan nan 17.4538 0.0157 17.391 0.0238 17.3434 0.0134
47.183427 -29.950663 12 0.983 17.2392 0.0235 17.1631 0.0242 17.1679 0.0226 17.0571 0.0618
46.829028 -29.746788000000002 6 0.981 18.9331 0.0111 18.4405 0.0105 18.1086 0.0119 18.0558 0.0688
46.9284 -30.133135 7 0.981 20.5806 0.0149 19.406 0.012 17.4041 0.0079 16.6024 0.0139
47.087852000000005 -30.093804 7 0.976 19.4894 0.0119 18.8128 0.0111 18.3081 0.0138 18.0602 0.0316
46.821298 -30.106346999999996 6 0.976 20.6562 0.0249 19.8033 0.0162 18.0475 0.0092 17.3774 0.0183
46.814382 -30.102657 20 0.9940000000000001 14.429 0.0061 14.0482 0.0061 13.8447 0.0115 13.8167 0.0061
47.157954 -29.823728000000003 19 0.9940000000000001 12.9003 0.0074 12.6347 0.0074 12.4617 0.0075 12.4321 0.0064
46.922612 -30.136028999999997 6 0.978 19.9185 0.0173 19.0074 0.0148 17.7539 0.0077 17.2864 0.0137
47.187931 -29.952204 4 0.978 nan nan nan nan 17.444000000000003 0.0304 17.0899 0.0175
47.129953 -30.067578 12 0.987 16.7962 0.0098 15.9217 0.0167 15.1152 0.006 14.8091 0.0057
47.090196999999996 -29.753944 11 0.9840000000000001 17.8139 0.0105 17.7302 0.0105 17.7082 0.0082 17.7768 0.094
46.700865 -29.929706 4 0.9670000000000001 nan nan nan nan 17.7526 0.0123 17.7177 0.0948
47.024184000000005 -29.723648999999998 7 0.98 nan nan 20.6509 0.0303 18.0295 0.0125 16.8616 0.016
46.899706 -30.136584999999997 12 0.982 17.559 0.0105 17.2864 0.0398 17.1762 0.0103 17.1605 0.0128
46.78114 -30.085743 19 0.998 12.4631 0.0074 12.1627 0.0074 12.0018 0.0074 11.9927 0.0055
47.17309 -29.839568 7 0.9740000000000001 21.0773 0.0262 20.0251 0.0214 18.1365 0.0202 17.3983 0.0221
46.70127 -29.958276 4 0.98 18.5674 0.0174 nan nan 17.9285 0.0114 17.8473 0.0216
47.125634000000005 -29.777720000000002 14 1.0 14.4518 0.0101 13.7958 0.0074 13.369000000000002 0.0061 13.2156 0.0104
47.071471 -30.11403 9 0.983 19.086 0.0135 18.1852 0.0113 16.8344 0.0188 16.3247 0.0074
46.973501 -29.710893 15 0.998 11.307 0.0074 11.0967 0.0074 10.9964 0.0074 11.0047 0.0074
46.77067 -30.083328 8 0.982 18.9636 0.0111 18.2211 0.0111 17.7201 0.0079 17.5113 0.0227
46.756234 -29.783326000000002 13 0.9840000000000001 16.2372 0.0382 15.8493 0.0084 15.6473 0.0074 15.6044 0.0106
46.693893 -29.912976 10 0.998 11.0962 0.0105 10.8697 0.0106 10.7553 0.0105 10.7487 0.0105
46.827773 -29.731984999999998 8 0.983 18.1863 0.0105 17.6016 0.0121 17.1886 0.0108 17.0349 0.0107
46.725947999999995 -30.036212 4 0.973 19.4127 0.0149 18.9891 0.0113 18.686 0.0133 18.7022 0.0164
46.692284 -29.934876000000003 6 0.9790000000000001 18.7002 0.0129 18.4908 0.0137 18.3027 0.0092 18.2857 0.0857
47.192501 -29.866994000000002 5 0.982 nan nan 17.3066 0.0284 16.7149 0.021 16.4591 0.0309
47.188713 -29.855759999999997 4 0.982 nan nan nan nan 16.8094 0.0257 16.2007 0.019
46.876713 -29.713206 7 0.963 20.4206 0.0196 19.511 0.0155 18.2774 0.0248 17.7743 0.0188
47.179091 -30.021325 6 0.982 19.5302 0.0146 18.651 0.012 17.5177 0.0114 17.1172 0.0259
47.167252000000005 -30.040857 5 0.965 20.8643 0.0465 19.9638 0.0126 18.3348 0.0105 17.7638 0.0775
47.088055 -29.73971 6 0.9570000000000001 20.6305 0.0429 19.6807 0.0199 18.3554 0.025 17.8378 0.0333
46.864686 -29.713484 10 0.998 11.9453 0.0105 11.7523 0.0105 11.6604 0.0105 11.6725 0.0105
47.190181 -29.849646000000003 4 0.9790000000000001 nan nan nan nan 17.0308 0.0289 16.5454 0.0295
47.193317 -30.000752000000002 8 0.9990000000000001 11.6857 0.0105 11.4941 0.0105 11.4039 0.0105 11.4245 0.0105
46.81512 -30.123677 14 0.983 17.2568 0.0326 16.8476 0.0113 16.6173 0.0056 16.5475 0.0082
46.764539 -29.762512 6 0.975 20.8509 0.0183 19.8389 0.0131 18.2747 0.0092 17.7095 0.0474
46.86278 -29.709090999999997 10 0.998 12.5913 0.0105 12.0283 0.0105 11.5972 0.0105 11.415999999999999 0.0105
47.002311 -30.150980999999998 7 0.976 19.9012 0.0131 19.0142 0.0149 17.9577 0.0085 17.5616 0.0296
47.200044 -29.995590999999997 10 0.981 17.1873 0.0192 16.8445 0.0153 16.6435 0.009000000000000001 16.6105 0.0098
46.841957 -30.139206 4 0.981 18.9111 0.0105 nan nan 17.2074 0.0156 16.8126 0.0649
47.038449 -29.706408000000003 6 0.978 19.2494 0.0118 18.8683 0.0105 18.6661 0.0096 18.4754 0.0575
47.145358 -29.7678 4 0.982 18.9385 0.0163 18.2162 0.0129 17.6453 0.0105 17.3983 0.0105
46.863868 -29.703102 12 0.983 15.8651 0.0115 15.6913 0.0117 15.5552 0.0077 15.5159 0.0186
47.211433 -29.980171999999996 3 0.9640000000000001 nan nan 19.2944 0.0133 18.922 0.0495 nan nan
46.692832 -29.839881 7 0.977 20.1126 0.0159 19.1921 0.0184 17.9706 0.0206 17.5791 0.0094
46.674704999999996 -29.954265000000003 4 0.958 19.7757 0.0114 nan nan 18.7404 0.028999999999999998 18.6931 0.0209
46.685553999999996 -29.853804999999998 16 0.983 16.6518 0.0347 16.4347 0.0104 16.1907 0.0076 16.1605 0.0078
46.745939 -29.764608000000003 11 0.985 16.5411 0.0105 15.6708 0.0154 14.937000000000001 0.0062 14.658 0.0063
46.675670000000004 -29.888265000000004 4 0.982 nan nan nan nan 16.6422 0.0184 15.9836 0.0078
47.21278 -29.986169 4 0.978 nan nan 18.8263 0.0112 18.1869 0.0252 17.9059 0.0195
46.948031 -29.688237 16 0.9840000000000001 16.7755 0.0086 16.5206 0.0106 16.3776 0.0059 16.3401 0.0128
46.893601000000004 -29.691858 13 0.986 16.8934 0.0168 16.0663 0.0107 15.4086 0.0064 15.1581 0.0065
46.852003 -30.151606 4 0.975 nan nan nan nan 17.4122 0.0173 16.9062 0.0105
47.090905 -29.722507 11 0.983 17.6835 0.0105 17.3078 0.0152 17.0547 0.006999999999999999 16.9501 0.0187
47.214348 -29.988221999999997 15 0.986 16.4532 0.0709 15.939 0.0233 15.6725 0.0061 15.5974 0.0129
46.677006 -29.872006 4 0.978 19.3372 0.0117 19.1955 0.0167 18.9764 0.1227 nan nan
46.939226 -29.684994 5 0.9670000000000001 19.6027 0.0152 19.2972 0.0127 18.9055 0.0117 18.9505 0.0497
47.182119 -30.058195 11 0.9840000000000001 16.7714 0.01 15.8678 0.0189 14.6733 0.0074 14.2064 0.0061
46.697976000000004 -30.039089 6 0.9740000000000001 19.1555 0.0354 18.2866 0.027000000000000003 17.498 0.0204 17.122 0.0437
47.110654 -30.123974 10 0.983 18.4461 0.0106 17.586 0.0553 16.3707 0.0082 15.922 0.0065
46.686577 -29.835075 21 0.986 15.945 0.0069 15.645 0.0096 15.4799 0.0071 15.4346 0.0095
47.169556 -29.778477000000002 14 0.9840000000000001 16.5954 0.0956 16.1551 0.009000000000000001 15.9063 0.006999999999999999 15.8527 0.0089
47.204058 -29.8279 5 0.982 nan nan 17.2549 0.0168 16.4998 0.0212 16.2248 0.0718
47.228871000000005 -29.93862 13 0.983 16.5812 0.0633 16.2592 0.0347 16.0185 0.0074 15.9612 0.0077
46.801362 -29.716685 18 0.987 15.5884 0.0138 15.3415 0.0103 15.2095 0.0074 15.1784 0.016
46.682286 -29.840418 5 0.9690000000000001 19.5264 0.0133 19.2613 0.017 19.1065 0.0124 18.9507 0.0233
46.797044 -29.718484999999998 8 0.983 17.516 0.0109 16.8087 0.0368 16.2944 0.0083 16.0981 0.0114
46.66912 -29.877418 11 0.983 15.9559 0.0105 15.6811 0.0114 15.5382 0.0101 15.4731 0.0079
46.663296 -29.921146000000004 10 0.983 15.4327 0.0148 15.1481 0.0105 14.9548 0.0074 14.9138 0.0075
47.015567 -30.164995 11 0.986 18.2063 0.0105 17.2673 0.0544 16.1524 0.0131 15.7611 0.0077
46.857248999999996 -29.693033000000003 4 0.963 nan nan nan nan 17.6886 0.0699 17.4231 0.0542
47.187061 -30.060225 10 0.986 14.1252 0.0105 13.7897 0.0105 13.5406 0.0105 13.4536 0.0105
46.769255 -29.732338000000002 18 0.9840000000000001 16.9125 0.0081 16.5469 0.0516 16.3179 0.0199 16.2749 0.0092
46.66128 -29.958235 12 0.983 nan nan nan nan 16.31 0.0086 16.2573 0.0061
47.151435 -30.101944 15 0.9840000000000001 16.5234 0.0089 16.1832 0.0114 16.005 0.009000000000000001 15.8953 0.0118
46.683541 -30.028015000000003 3 0.9790000000000001 18.9882 0.0107 nan nan 18.5052 0.0181 18.4724 0.0374
46.773016999999996 -29.72777 8 0.982 19.57 0.0107 18.6108 0.0105 17.2352 0.011000000000000001 16.7592 0.0071
46.887017 -30.172137 11 0.986 17.7433 0.0105 16.8335 0.0087 15.4599 0.0109 14.9533 0.0053
46.942706 -29.675390999999998 7 0.98 20.0125 0.016 19.0568 0.0108 17.596 0.0081 17.0344 0.0082
47.040461 -30.164499 15 0.986 16.4845 0.0131 15.845 0.0127 15.405 0.0119 15.2593 0.0106
46.998633 -30.173958000000002 12 0.99 16.9614 0.0094 16.1935 0.0083 15.665 0.006 15.4333 0.0057
46.664505 -29.987521 4 0.9990000000000001 nan nan nan nan nan nan nan nan
46.969152 -29.674959 7 0.965 20.969 0.0182 20.0165 0.0251 18.6024 0.028999999999999998 18.0216 0.0373
46.809902 -29.702562 19 0.9940000000000001 15.1088 0.0084 14.9084 0.0062 14.8173 0.0124 14.8198 0.0071
46.905031 -29.675235999999998 22 0.987 15.0077 0.0062 14.7036 0.011000000000000001 14.5233 0.0053 14.4839 0.0073
46.731347 -30.099605 5 0.9790000000000001 18.8677 0.0112 18.6984 0.0105 18.5524 0.0348 18.8895 0.0456
46.924983000000005 -30.181371999999996 12 0.985 16.7053 0.0105 16.5098 0.0509 16.3316 0.0076 16.3304 0.0366
46.651891 -29.945453000000004 2 0.953 19.778 0.0193 nan nan 19.7436 0.0247 nan nan
47.241803000000004 -29.940890000000003 4 0.961 nan nan 19.6207 0.0118 18.4596 0.0278 17.8841 0.0195
47.17048 -30.094556 18 0.998 15.1623 0.0209 14.2429 0.0142 12.9135 0.0193 12.4145 0.0153
46.672979 -30.025323999999998 7 0.981 17.9466 0.0105 nan nan 17.5155 0.0098 17.5109 0.0398
47.242065999999994 -29.897715 4 0.965 nan nan nan nan 17.6913 0.0895 17.6289 0.0767
47.239292 -29.973055 6 0.976 nan nan 19.054000000000002 0.0173 17.9109 0.0268 17.4613 0.0085
46.680976 -29.809915000000004 11 0.9840000000000001 17.3309 0.0108 17.04 0.0105 16.8692 0.006999999999999999 16.8125 0.0154
46.72108 -29.757686 6 0.975 19.6185 0.013999999999999999 19.0594 0.0115 18.6435 0.0121 18.4953 0.0634
46.741741 -30.115053999999997 6 0.978 19.8796 0.0166 18.8935 0.011000000000000001 17.9043 0.0077 17.5162 0.011000000000000001
47.149687 -29.735906 8 0.983 17.6928 0.0105 16.9296 0.0111 16.367 0.0106 16.1546 0.0085
47.129284000000006 -30.132613 17 0.991 15.3181 0.0214 15.0932 0.0111 14.9928 0.0062 14.9847 0.0124
46.671965 -29.822122999999998 13 0.9840000000000001 17.0831 0.0268 16.1874 0.019 14.7345 0.0068 14.157 0.0056
46.927692 -30.186369 6 0.983 17.8782 0.0105 17.291 0.0105 16.898 0.0126 16.7352 0.0156
47.108948 -30.146612 16 0.985 15.5046 0.0076 15.2728 0.0105 15.1664 0.0063 15.1642 0.0061
46.823208 -29.688067999999998 7 0.9640000000000001 20.246 0.0112 19.2857 0.0111 17.9821 0.019 17.4227 0.0076
46.644895 -29.905102000000003 7 0.991 14.9788 0.0105 14.1334 0.0105 13.350999999999999 0.0105 13.0665 0.0096
46.731495 -30.111531 9 0.983 17.9289 0.0106 17.3384 0.0095 16.8777 0.0065 16.6841 0.006999999999999999
47.215063 -29.804513 14 0.987 14.9744 0.0231 14.671 0.0083 14.4516 0.0061 14.4158 0.0062
47.005744 -29.668108 8 0.9840000000000001 19.2092 0.0116 18.1593 0.0105 16.5817 0.0078 15.9607 0.0071
47.238374 -30.002551 2 0.968 nan nan 19.1901 0.0105 18.5637 0.012 nan nan
46.664988 -29.826483000000003 6 0.966 20.9657 0.0293 20.1314 0.0146 18.4376 0.0217 17.8223 0.0145
46.936815 -29.661956 18 0.9840000000000001 15.4738 0.0218 15.2256 0.0089 15.083 0.0083 15.0623 0.0097
47.230917 -30.024389000000003 3 0.968 nan nan 19.0477 0.0177 18.4801 0.011000000000000001 18.1429 0.0224
46.898855 -29.664896999999996 10 0.983 18.6185 0.0105 17.7796 0.0128 17.0086 0.0144 16.7095 0.0103
46.727109999999996 -30.111395 21 0.998 14.0208 0.0061 13.5634 0.0062 13.3271 0.0053 13.2602 0.0076
47.060777 -29.680189000000002 6 0.977 19.9261 0.0108 19.0866 0.0112 17.9212 0.0105 17.4402 0.0107
47.245631 -29.867911 7 0.982 19.2665 0.0131 18.2677 0.0116 17.2819 0.0076 16.8857 0.0087
46.642506 -29.962671000000004 8 0.983 nan nan nan nan 15.862 0.0109 15.2128 0.0057
46.967092 -29.661059 9 0.982 19.2451 0.0105 18.3494 0.0108 16.9921 0.0183 16.4709 0.0063
46.974607 -29.661519000000002 6 0.978 19.0242 0.0114 18.971 0.0114 19.0391 0.0593 19.049 0.0286
47.220738 -29.806621000000003 14 0.988 16.0132 0.0079 15.6612 0.0196 15.383 0.0103 15.282 0.0062
47.084075 -30.164968 9 0.983 19.225 0.0223 18.2214 0.011000000000000001 16.7455 0.0064 16.1688 0.0084
46.885968 -29.665522999999997 14 0.985 16.9479 0.0141 16.372 0.008 15.9967 0.0095 15.854000000000001 0.0064
46.933826 -29.660228999999998 14 0.998 11.7717 0.0074 11.2963 0.0074 10.9872 0.0074 10.873 0.0076
47.157954 -29.732764000000003 5 0.955 nan nan 20.2935 0.0185 18.4297 0.0148 17.8198 0.0114
47.249134999999995 -29.875909000000004 4 0.9540000000000001 nan nan nan nan 17.7193 0.01 17.2736 0.0294
46.757515999999995 -29.715631 6 0.953 20.5118 0.0218 19.492 0.0132 18.4855 0.0137 18.2154 0.0629
46.692242 -30.078575 20 0.983 16.6238 0.0099 16.361 0.0098 16.1609 0.0191 16.1593 0.0102
46.748566 -29.721459999999997 8 0.982 18.5981 0.0105 18.1724 0.0105 17.8346 0.0129 17.7914 0.0268
47.254851 -29.907106 2 0.981 nan nan nan nan 16.5818 0.0105 16.3378 0.0115
46.940979999999996 -30.194540000000003 24 0.998 14.1483 0.0061 13.8651 0.009000000000000001 13.6864 0.0053 13.6427 0.0053
46.645122 -29.988883 5 0.9590000000000001 nan nan nan nan 18.4939 0.0266 18.0708 0.0661
47.075272999999996 -29.682112 6 0.977 19.4807 0.0154 18.9762 0.0118 18.671 0.0178 18.4076 0.0737
46.999736 -30.191603000000004 17 0.9840000000000001 16.5661 0.013999999999999999 16.1055 0.0249 15.865 0.0119 15.7621 0.0091
46.668929999999996 -30.048202000000003 3 0.9520000000000001 19.672 0.0126 19.4566 0.0109 19.2926 0.0174 nan nan
47.16063 -29.731071999999998 9 0.982 18.3846 0.0117 17.6569 0.01 17.0884 0.0112 16.8844 0.0182
46.746502 -30.133336 7 0.98 18.9753 0.0116 18.4994 0.0112 18.1452 0.0098 17.9633 0.0257
46.981834 -30.195796 18 0.991 16.5235 0.0187 16.199 0.0082 15.9586 0.0062 15.8828 0.0188
47.189464 -30.09818 4 0.982 nan nan nan nan 16.567999999999998 0.019 15.6693 0.0086
47.250308000000004 -29.857248 11 0.985 16.9048 0.0105 16.4961 0.0132 16.2572 0.0082 16.1405 0.0664
47.031201 -30.189021 5 0.9740000000000001 19.2289 0.0124 18.9873 0.0105 18.814 0.0124 18.6872 0.0246
47.057362 -30.181929999999998 6 0.982 19.375999999999998 0.0115 18.4414 0.0121 17.2622 0.027999999999999997 16.8302 0.0084
46.63621 -29.879171999999997 5 0.963 nan nan 17.6367 0.0489 17.4413 0.0267 17.305999999999997 0.0294
47.144579 -29.713483 5 0.9740000000000001 20.1381 0.0141 19.2609 0.0116 17.9554 0.0112 17.5035 0.0102
47.238864 -29.822957000000002 9 0.981 18.5058 0.0106 17.745 0.1021 17.3435 0.008 17.1858 0.0335
46.896035 -30.197540999999998 6 0.98 20.1408 0.0273 19.1287 0.0112 17.6901 0.0074 17.1306 0.0084
46.638117 -29.992377 7 0.982 nan nan nan nan 17.067 0.0079 16.6275 0.0206
47.058712 -29.669026000000002 17 0.986 16.2145 0.0125 15.8028 0.0075 15.5269 0.0053 15.4312 0.0091
47.212632 -29.775572999999998 9 0.983 17.5161 0.0105 17.2711 0.0105 17.1139 0.0086 17.0997 0.0201
47.243159000000006 -30.027371999999996 11 0.9890000000000001 16.2114 0.0105 15.4109 0.0194 14.825 0.0074 14.6018 0.0175
47.23547 -30.045654 10 0.9840000000000001 16.8989 0.0216 16.6814 0.0116 16.3843 0.0096 16.3088 0.0467
46.669307 -30.064744 19 0.987 15.9722 0.0089 15.5453 0.0187 15.254000000000001 0.0074 15.1692 0.0072
47.117395 -29.690859000000003 18 0.9940000000000001 12.6244 0.0098 12.2135 0.0074 11.9343 0.0074 11.8463 0.0157
47.130931 -29.698484000000004 11 0.9890000000000001 18.084 0.0118 17.1711 0.0093 15.9499 0.0123 15.5008 0.0088
47.161362 -29.719332 7 0.9740000000000001 19.8883 0.0328 18.9833 0.0148 17.9756 0.0089 17.55 0.0351
46.838445 -29.664044 6 0.9740000000000001 20.1426 0.0173 19.2258 0.0167 18.3157 0.0559 17.9446 0.0101
46.895721 -30.202486999999998 20 0.997 14.1996 0.0063 13.8457 0.0061 13.6512 0.0074 13.6177 0.0061
46.907559 -30.203992 8 0.983 18.5179 0.0107 17.5507 0.012 16.6721 0.0097 16.3616 0.0072
47.020829 -29.654120000000002 21 0.9990000000000001 13.2865 0.0102 12.95 0.0089 12.7576 0.0064 12.7115 0.0069
46.722818 -29.724345 22 0.987 14.9746 0.0113 14.7711 0.0099 14.6491 0.0053 14.6524 0.0056
47.125840999999994 -30.162086 7 0.982 18.7956 0.0105 17.9643 0.0277 17.2919 0.0088 17.0476 0.0084
47.269332 -29.964365 11 0.9990000000000001 13.7297 0.0105 13.4998 0.0075 13.3892 0.0074 13.3831 0.0096
46.818715000000005 -30.186940999999997 11 0.9840000000000001 18.414 0.0127 17.4471 0.0539 16.1968 0.0106 15.7315 0.0068
47.271858 -29.951541 4 0.982 nan nan 17.8438 0.0105 17.5999 0.0114 17.5258 0.0152
47.040671 -29.655688 15 0.983 17.1353 0.0087 16.817999999999998 0.0266 16.5797 0.0099 16.5241 0.0085
47.259101 -30.011511 2 0.97 nan nan 18.9176 0.0111 18.7535 0.0141 nan nan
47.152017 -30.148011999999998 7 0.982 19.4407 0.0116 18.4772 0.0107 17.1296 0.0123 16.6695 0.0227
46.9097 -29.644140000000004 5 0.973 19.3068 0.0105 19.1575 0.0116 19.0748 0.0258 19.0819 0.0143
47.242351 -30.051446000000002 12 0.983 16.9953 0.0243 16.712 0.0278 16.5269 0.0093 16.4984 0.0134
46.756442 -30.160187 12 0.9840000000000001 17.3898 0.0422 16.5174 0.0193 15.6267 0.0083 15.3022 0.0063
46.816952 -30.18995 11 0.985 17.048 0.0202 16.3484 0.0084 15.8449 0.0066 15.6333 0.0094
46.620867 -29.877175 10 0.983 16.1885 0.012 15.6286 0.0144 15.2943 0.0074 15.1778 0.0074
47.141636 -29.694414000000002 8 0.983 18.0438 0.0105 17.2051 0.0094 16.5141 0.0117 16.2266 0.0083
46.988273 -29.641572999999998 19 0.993 15.4883 0.0071 15.2953 0.0091 15.1741 0.0056 15.1797 0.0079
46.61538 -29.944926000000002 4 0.9520000000000001 19.7695 0.0262 19.4946 0.023 19.2376 0.0685 nan nan
46.619063 -29.97448 8 0.983 17.7095 0.0105 nan nan 16.6088 0.0073 16.4521 0.0149
46.623849 -29.995898999999998 6 0.968 20.3899 0.0155 nan nan 18.2504 0.01 17.7926 0.0118
47.06008 -30.19762 8 0.981 19.2426 0.0114 18.3642 0.0111 17.4885 0.0152 17.1417 0.0149
47.156890000000004 -30.150205 5 0.961 20.7271 0.0303 20.037 0.0295 18.3343 0.0136 17.7334 0.0681
47.206113 -30.107359000000002 11 0.992 13.9634 0.0105 13.54 0.0105 13.2256 0.0074 13.1119 0.0074
46.83319 -30.199603999999997 7 0.973 19.9898 0.0174 19.0895 0.0229 18.0259 0.0496 17.6239 0.0325
46.767187 -29.681587 22 0.9990000000000001 14.154000000000002 0.0074 13.8001 0.008 13.5779 0.0053 13.5153 0.0053
47.029723 -30.208205 18 0.985 16.7066 0.0098 16.3565 0.0084 16.1414 0.0081 16.0967 0.0084
47.239603 -29.785424 6 0.981 19.8017 0.0165 18.7915 0.0105 17.4465 0.0086 16.9106 0.0077
47.165188 -30.147599 13 0.986 17.1665 0.0088 16.230999999999998 0.0089 14.7255 0.0059 14.1641 0.0053
46.686226 -30.110628000000002 9 0.983 17.8814 0.0107 17.0329 0.0202 16.3754 0.0066 16.1156 0.008
46.707251 -29.722065999999998 6 0.9740000000000001 19.8635 0.0162 19.0641 0.0131 18.427 0.0097 18.1783 0.0232
46.616077000000004 -29.981595000000002 6 0.9840000000000001 16.6112 0.0152 nan nan 14.3386 0.0075 13.7871 0.0092
46.631190999999994 -30.029634 5 0.961 20.1203 0.0135 19.2801 0.0123 18.3806 0.0127 17.9097 0.1187
46.645621000000006 -30.059206 19 0.987 14.8997 0.0062 14.6341 0.0061 14.4546 0.0064 14.4267 0.0062
47.125644 -29.676537 5 0.977 19.23 0.0105 19.090999999999998 0.0108 19.0138 0.019 19.0887 0.0259
47.083374 -29.655853999999998 8 0.978 20.4619 0.0299 19.4543 0.0173 17.7634 0.0202 17.0719 0.0124
46.683015000000005 -29.738872999999998 6 0.9620000000000001 21.2314 0.0252 20.1829 0.0197 18.343 0.0103 17.6367 0.0112
47.246969 -30.069373 8 0.983 nan nan 17.8558 0.0102 17.7727 0.0154 17.8328 0.0661
47.100225 -30.192103999999997 6 0.9640000000000001 20.2569 0.0184 19.359 0.0145 18.674 0.0177 18.3768 0.0132
47.183319 -30.142187 9 0.982 18.5153 0.0113 17.7712 0.0326 17.2992 0.0141 17.0784 0.0087
46.604599 -29.954596999999996 7 0.98 19.7952 0.019 18.9074 0.0105 17.5277 0.0089 17.0535 0.0223
47.231474 -30.093478 4 0.968 nan nan 19.2441 0.0107 18.6434 0.0363 18.2963 0.0124
47.145540999999994 -30.169921999999996 16 0.983 16.3871 0.018000000000000002 16.1384 0.0077 15.9653 0.0092 15.9014 0.0143
46.605633000000005 -29.966706 9 0.983 17.8564 0.0105 17.4216 0.0099 17.1328 0.0098 16.9931 0.0186
47.006743 -29.632689000000003 10 0.9840000000000001 18.0262 0.0108 17.3226 0.0402 16.8443 0.0067 16.6387 0.0168
47.288278000000005 -29.9659 8 0.9840000000000001 nan nan 17.82 0.0087 16.3902 0.0135 15.8617 0.0214
47.288509999999995 -29.889425 4 0.977 nan nan nan nan 17.1047 0.0333 16.5853 0.0228
47.23802 -30.089045000000002 18 0.9940000000000001 12.3497 0.0075 12.2117 0.0074 12.1554 0.0105 12.194 0.0065
46.602335 -29.961185999999998 8 0.982 18.3511 0.0109 17.6573 0.0318 17.0893 0.0078 16.8393 0.0289
46.852177000000005 -29.63658 5 0.972 nan nan 17.825 0.0361 17.3212 0.0521 17.152 0.0167
47.107755 -30.194547999999998 13 0.9840000000000001 16.8589 0.0411 16.2724 0.0104 15.8672 0.0086 15.7114 0.0061
47.250475 -30.075232 5 0.982 nan nan 17.9528 0.0106 17.1877 0.0193 16.9345 0.0402
47.023104 -29.631163 10 0.982 18.6041 0.0121 17.7576 0.0194 16.9145 0.0284 16.5653 0.0245
46.708358000000004 -29.704494 7 0.977 19.7932 0.0106 18.9813 0.0112 18.1431 0.0124 17.7475 0.0125
46.645946 -30.083540000000003 13 0.983 17.2723 0.0354 16.9155 0.0493 16.7784 0.0108 16.7337 0.01
46.705583000000004 -29.705881 6 0.976 20.4189 0.0184 19.5762 0.0184 17.8999 0.0125 17.2636 0.01
46.701291999999995 -29.7089 16 0.9940000000000001 16.0423 0.0081 15.4134 0.0078 14.8895 0.0121 14.6958 0.0147
47.242948999999996 -30.091015000000002 15 0.985 15.8173 0.0082 14.8936 0.0083 14.1158 0.0062 13.8199 0.0094
46.752805 -30.181315 8 0.977 20.6301 0.0341 19.6826 0.0114 18.0204 0.0167 17.3627 0.0239
46.596863 -29.886634 5 0.98 nan nan 17.8907 0.0396 17.070999999999998 0.0097 16.6311 0.0301
47.290842 -29.858307 7 0.981 20.1543 0.0225 19.1182 0.0109 17.4489 0.0091 16.8253 0.0166
47.130501 -30.188159000000002 10 0.983 17.605999999999998 0.0112 17.3692 0.0224 17.2423 0.0074 17.2153 0.0107
47.116147 -30.19544 22 0.986 14.8758 0.0063 14.4675 0.0061 14.2197 0.0053 14.1475 0.0068
46.987171999999994 -30.231551 10 0.9840000000000001 18.9833 0.0113 18.0504 0.0108 16.7653 0.0067 16.2676 0.0108
46.64653 -30.091278000000003 6 0.9540000000000001 20.4254 0.0179 19.5583 0.0184 18.5316 0.0218 18.1218 0.0266
47.24558 -30.093187 7 0.982 nan nan 16.9783 0.0583 16.6989 0.008 16.6 0.0086
46.893867 -29.622014 6 0.97 20.3873 0.0219 19.5756 0.0166 18.3377 0.028999999999999998 17.8716 0.0099
47.128988 -29.662304 8 0.978 19.5841 0.013000000000000001 18.7289 0.0122 17.9294 0.0121 17.6364 0.0306
46.854212 -29.628890999999996 12 0.983 15.7434 0.0114 15.5367 0.0136 15.3798 0.013999999999999999 15.3628 0.0085
47.296975 -29.872183000000003 6 0.971 19.8456 0.0246 19.0725 0.012 18.4498 0.0183 18.2243 0.0254
46.740075 -29.675262 16 0.9840000000000001 16.3193 0.0084 15.623 0.0069 15.1582 0.0061 14.985999999999999 0.0054
46.591951 -29.965747999999998 7 0.982 18.4062 0.0125 18.2588 0.0105 18.1391 0.0212 18.1173 0.0105
46.596768 -29.85985 3 0.956 19.8012 0.0166 19.5564 0.0176 19.4459 0.0221 nan nan
47.256426 -30.083427 7 0.983 nan nan 17.0931 0.0106 16.8087 0.0074 16.6259 0.0214
47.222187 -30.12583 14 0.983 16.8374 0.0133 16.6131 0.0091 16.454 0.0125 16.4065 0.0109
47.076568 -29.636657 7 0.9620000000000001 20.5065 0.0124 19.4865 0.0122 18.2964 0.0187 17.8661 0.0088
47.216429 -30.132792 7 0.9840000000000001 nan nan 17.2834 0.0435 16.9545 0.0155 16.8878 0.0087
46.947084000000004 -29.614859999999997 4 0.9520000000000001 19.7348 0.0128 19.402 0.0144 19.1266 0.0578 nan nan
46.614007 -29.808294 14 0.9840000000000001 16.0265 0.0362 15.5052 0.0184 15.155999999999999 0.0061 15.050999999999998 0.0063
47.073289 -29.634088000000002 6 0.976 19.1425 0.0123 18.842 0.011000000000000001 18.5184 0.0156 18.476 0.036000000000000004
47.077757 -29.635136 7 0.9740000000000001 19.8337 0.013000000000000001 19.0412 0.011000000000000001 18.2438 0.0097 17.9854 0.0287
46.586478 -29.899898999999998 4 0.988 nan nan nan nan 13.3768 0.0105 13.2562 0.0105
46.72137 -30.171985999999997 10 0.983 18.563 0.0105 17.6069 0.0452 16.5311 0.0148 16.1329 0.0127
46.877727 -30.234671000000002 6 0.9740000000000001 19.4838 0.0111 18.8638 0.0105 18.4001 0.0292 18.2601 0.0261
47.126169 -29.653778000000003 6 0.98 19.0477 0.0106 18.3151 0.0105 17.8132 0.01 17.6231 0.009000000000000001
47.277928 -30.055146999999998 7 0.983 17.2889 0.0196 16.7689 0.0093 16.3958 0.0081 16.2289 0.0421
46.923133 -30.240416999999997 5 0.966 19.548 0.017 19.1749 0.0133 19.0565 0.0127 19.0749 0.0421
46.730554999999995 -30.179962 13 0.985 16.7957 0.0099 15.9385 0.0063 15.2452 0.0069 14.9725 0.0064
46.943849 -29.611569 13 0.982 18.0931 0.0105 17.8135 0.0623 17.6585 0.0274 17.5819 0.0397
46.639272 -29.758205 6 0.977 19.3089 0.0106 18.8156 0.0124 18.496 0.0116 18.3957 0.0127
46.807605 -30.218360999999998 18 0.991 14.8828 0.0109 13.9944 0.0061 13.1366 0.0061 12.8097 0.0061
46.69627 -29.697212 7 0.981 19.8046 0.0155 18.862000000000002 0.0105 17.4004 0.015 16.7814 0.0188
46.835755999999996 -30.227802 4 0.9670000000000001 19.5589 0.0152 19.3687 0.0113 19.2839 0.0602 nan nan
46.750925 -30.193606 8 0.98 19.6488 0.0192 18.8267 0.0119 17.6385 0.0231 17.1557 0.0084
47.145723 -30.191941999999997 4 0.963 20.4425 0.0197 19.6538 0.012 18.2941 0.0121 17.6808 0.0201
46.836806 -29.624728 8 0.9790000000000001 20.0792 0.0138 19.1138 0.0132 17.6896 0.0133 17.1674 0.0106
47.04529 -30.233327000000003 7 0.98 20.1186 0.0175 19.177 0.0121 17.5521 0.0126 16.9034 0.0086
46.592689 -29.840141999999997 5 0.978 19.102 0.0131 18.8868 0.0107 18.781 0.0127 18.8289 0.0404
46.744685 -29.658640999999996 21 0.986 15.2395 0.0063 14.901 0.0063 14.6923 0.0076 14.642999999999999 0.0055
46.977154 -30.245907 15 0.9840000000000001 16.4265 0.0168 16.0934 0.0077 15.9005 0.0064 15.8809 0.0057
47.217151 -29.708469 10 0.983 17.9244 0.0105 17.6298 0.0102 17.4007 0.0111 17.3511 0.0257
46.698257 -30.164332 19 0.9840000000000001 15.7044 0.0076 15.3782 0.0067 15.1818 0.0072 15.1272 0.0089
46.576627 -29.923329 4 0.9840000000000001 nan nan nan nan 14.3765 0.0105 14.3774 0.0105
47.316609 -29.940887 11 0.9840000000000001 17.3909 0.0355 16.9774 0.0174 16.7526 0.0095 16.6672 0.0324
46.666395 -30.13803 7 0.9740000000000001 19.973 0.0133 19.0318 0.0159 18.1189 0.0101 17.8336 0.0126
46.83848 -30.235164 20 0.985 15.555 0.0063 15.2669 0.0077 15.1156 0.0055 15.0854 0.0053
46.965498 -30.249428 11 0.983 17.3914 0.0387 16.6347 0.0305 16.1633 0.0063 15.9652 0.0066
47.124571 -30.211092999999998 17 0.986 16.1933 0.0137 15.6934 0.0077 15.3596 0.0054 15.2454 0.0058
46.664542 -29.714338 19 0.991 16.1001 0.0104 15.7285 0.0085 15.4509 0.0069 15.3626 0.0084
46.892487 -30.247448 15 0.983 17.1661 0.0244 16.8374 0.0086 16.6479 0.0059 16.5977 0.0077
47.005085 -30.24703 21 0.9840000000000001 15.9187 0.0223 15.6487 0.0068 15.4742 0.008 15.4493 0.0058
46.836674 -29.615855 7 0.978 20.3328 0.0234 19.352 0.0107 17.7064 0.0091 17.0576 0.0111
47.083903 -30.229354999999998 6 0.98 18.7421 0.0152 18.5263 0.0143 18.4495 0.0297 18.3168 0.0269
46.680040999999996 -30.155755 7 0.973 20.8479 0.0232 19.8467 0.0196 18.1193 0.0083 17.4405 0.0106
47.052729 -29.614659999999997 10 0.9840000000000001 17.719 0.0105 17.0463 0.0191 16.5355 0.0299 16.3689 0.0165
46.984805 -29.603 4 0.9620000000000001 19.6396 0.0112 19.5238 0.0146 19.4246 0.0329 nan nan
47.319432 -29.888351 4 0.971 nan nan nan nan 17.5442 0.0124 17.1204 0.0282
47.101937 -29.630218 15 0.9840000000000001 16.8688 0.0084 16.3754 0.0188 16.0816 0.0068 15.9501 0.0059
46.642916 -29.73295 18 0.9990000000000001 13.2142 0.0074 12.9048 0.0118 12.7367 0.0053 12.7043 0.0061
47.270503000000005 -29.758571999999997 9 0.9840000000000001 17.1478 0.0105 16.225 0.0216 15.2126 0.0116 14.8228 0.0061
47.319853 -29.875812 6 0.983 17.2187 0.0115 16.5714 0.0167 16.0653 0.0182 15.8876 0.0117
46.951971 -30.254426000000002 7 0.98 18.7732 0.0126 18.4191 0.0106 18.1466 0.0236 18.0703 0.0226
46.663464000000005 -30.1446 19 0.9990000000000001 15.8002 0.0066 15.4862 0.0101 15.3053 0.0105 15.2623 0.0061
47.260427 -30.112143 5 0.9840000000000001 nan nan 16.676 0.0105 15.606 0.0074 15.2342 0.0169
47.319046 -29.992285 5 0.968 nan nan 19.6872 0.0163 18.2187 0.0217 17.6398 0.0396
46.677245 -29.694652 7 0.965 20.615 0.0224 19.617 0.019 18.3344 0.0154 17.7477 0.0528
46.874348 -30.250455 9 0.986 19.3566 0.0127 18.4294 0.0107 16.7006 0.0074 16.0396 0.0074
46.710345000000004 -29.667931 5 0.976 19.2578 0.0126 19.0833 0.0127 19.0059 0.0239 18.9738 0.0246
46.652648 -29.716226000000002 14 0.983 17.244 0.0095 17.0864 0.0097 16.9744 0.0101 16.9608 0.0273
46.587724 -30.040947999999997 13 0.985 15.2454 0.0083 15.0859 0.0078 15.0024 0.0078 15.0312 0.0217
46.719648 -29.660077 17 0.983 17.0829 0.0099 16.840999999999998 0.0094 16.6829 0.0071 16.6659 0.0077
47.046898 -29.606716 19 0.995 14.8729 0.0061 14.437000000000001 0.0061 14.1383 0.008 14.039000000000001 0.0061
46.618644 -30.098015000000004 19 0.9840000000000001 16.4045 0.0289 16.1614 0.0084 15.9987 0.0149 16.0339 0.0068
46.707384000000005 -30.186102 20 0.987 15.9738 0.0092 15.6307 0.0151 15.4467 0.006 15.3863 0.0058
46.942019 -30.259624 20 0.9840000000000001 15.8699 0.0191 15.595 0.0107 15.4283 0.0055 15.3878 0.0061
47.02055 -30.253819 13 0.983 17.4399 0.0105 17.2233 0.0159 17.1259 0.0102 17.1063 0.0092
46.918932 -29.593649 6 0.983 18.1407 0.0105 17.8184 0.0105 17.5426 0.0163 17.4887 0.0096
47.322689000000004 -30.001608 13 0.991 13.2981 0.0098 12.7846 0.0132 12.4316 0.0105 12.2955 0.0074
46.944018 -30.261128000000003 7 0.972 20.5081 0.0174 19.5659 0.0254 18.2319 0.024 17.7056 0.0207
47.236973 -30.147569 4 0.9690000000000001 nan nan 19.0521 0.0125 18.2257 0.016 17.9108 0.0174
46.722326 -29.654287 12 0.983 18.1323 0.0105 17.9689 0.0105 17.8447 0.026000000000000002 17.8889 0.0481
46.671395000000004 -30.161986 4 0.973 nan nan nan nan 17.9731 0.0159 17.3324 0.0075
46.771824 -30.225614 6 0.951 20.9076 0.0318 20.0316 0.022000000000000002 18.6946 0.0466 17.989 0.0213
46.668896000000004 -30.160085 22 0.998 13.7822 0.0061 13.507 0.0061 13.3547 0.0053 13.3377 0.0053
47.167803 -29.651573 8 0.982 18.9467 0.0118 18.1018 0.0106 17.4708 0.0074 17.2056 0.0079
46.731312 -29.647945 16 0.983 16.775 0.0296 16.6468 0.0088 16.553 0.0182 16.5425 0.0077
46.569914000000004 -29.847716 13 0.997 13.3412 0.0105 13.142999999999999 0.0105 13.043 0.0061 13.0527 0.0061
47.158842 -29.644988 17 0.987 16.3686 0.0395 16.1044 0.0077 15.9593 0.0071 15.9244 0.0066
47.036918 -30.254896999999996 4 0.9570000000000001 19.7423 0.0127 19.532 0.0154 19.2338 0.0141 nan nan
47.198091999999995 -30.184507 12 0.993 13.1797 0.0105 12.9728 0.0105 12.8723 0.0074 12.8819 0.0074
46.994622 -29.591592 4 0.9640000000000001 19.4505 0.0137 19.3503 0.0137 19.3479 0.0193 nan nan
46.743202000000004 -30.215626 8 0.985 17.7183 0.0105 17.2891 0.0311 17.019000000000002 0.0069 16.9385 0.0083
46.954633 -30.265025 6 0.963 20.4166 0.0181 19.4309 0.0146 18.4284 0.0084 17.9115 0.01
47.223578 -30.166031 7 0.982 nan nan 18.4989 0.0108 16.9801 0.0087 16.379 0.0122
47.332312 -29.985682 7 0.983 nan nan 17.8546 0.0652 16.99 0.0074 16.6702 0.0301
46.643198 -30.141675 7 0.978 20.5032 0.0184 19.4936 0.012 17.785 0.0287 17.0983 0.0316
47.220690999999995 -29.683858 18 0.986 15.9589 0.0086 15.2851 0.0109 14.842 0.009000000000000001 14.6772 0.0053
46.84487 -30.255003000000002 10 0.9840000000000001 16.3589 0.0124 15.9724 0.0118 15.7332 0.022000000000000002 15.7013 0.009000000000000001
47.334901 -29.877717999999998 8 0.986 14.5369 0.0105 14.0529 0.0105 13.7711 0.0074 13.6794 0.0081
46.565090999999995 -30.006958 4 0.98 19.9287 0.0203 19.0997 0.016 17.695 0.0108 17.1666 0.011000000000000001
47.323190999999994 -29.828719 14 0.983 16.596 0.0088 16.3415 0.0072 16.1687 0.0064 16.15 0.0064
47.212359 -30.178471000000002 5 0.981 nan nan 18.2355 0.0105 17.4027 0.0101 17.0885 0.0114
46.890388 -29.58888 6 0.978 19.2191 0.0138 18.8778 0.0116 18.6691 0.0111 18.4853 0.0131
46.603127 -29.759923999999998 9 0.985 19.1313 0.0105 18.2044 0.0105 16.5904 0.0082 15.9954 0.0057
47.06212 -29.600146000000002 10 0.983 17.9224 0.0107 17.6104 0.0113 17.423 0.0113 17.397000000000002 0.0088
47.340214 -29.958817 5 0.981 nan nan 18.2271 0.0105 17.7468 0.0216 17.5258 0.0108
46.779671 -29.616181 8 0.978 19.817999999999998 0.0131 18.9678 0.013000000000000001 17.8657 0.0139 17.4395 0.0077
46.992275 -29.586249 13 0.987 16.7844 0.0079 15.8842 0.0129 14.5358 0.0067 14.0345 0.0057
47.106668 -30.24015 9 0.983 17.8946 0.0105 17.4253 0.0096 17.1372 0.0072 17.0425 0.0191
46.739641999999996 -29.634762 6 0.981 18.7157 0.0109 18.4121 0.0111 18.2026 0.0142 18.2003 0.0182
47.305023999999996 -30.072334 19 0.987 14.662 0.0083 14.4127 0.0061 14.2598 0.0061 14.2435 0.0062
47.337371999999995 -29.869645000000002 6 0.9520000000000001 nan nan 19.9888 0.0198 18.4701 0.0208 17.8818 0.0198
46.966684 -29.583493 9 0.982 19.1342 0.0105 18.2405 0.0111 17.0998 0.0133 16.6738 0.0227
46.633418 -29.716034000000004 6 0.968 20.4094 0.0347 19.4444 0.0251 18.1391 0.0086 17.6744 0.0099
46.622414 -30.125262 6 0.961 20.078 0.0229 19.4134 0.0115 18.7263 0.0093 18.5076 0.0657
46.59554 -29.766740000000002 13 0.9990000000000001 13.3158 0.0105 12.9074 0.0105 12.7141 0.0062 12.655999999999999 0.0061
46.872684 -30.264879999999998 22 0.993 14.6253 0.0061 14.3335 0.0108 14.1643 0.0067 14.1485 0.0053
47.291275 -30.098487 4 0.977 nan nan 18.7913 0.0157 18.5595 0.0121 18.4049 0.0158
46.80475 -30.248434999999997 21 0.987 14.2954 0.0061 13.9873 0.0061 13.822000000000001 0.0096 13.7912 0.0061
46.561702000000004 -30.012781 21 0.995 14.7747 0.0111 14.478 0.0061 14.2655 0.0061 14.2074 0.0065
46.693571999999996 -30.192444000000002 19 0.985 15.5409 0.0154 15.0811 0.008 14.757 0.0066 14.6213 0.0053
47.076454999999996 -30.252671999999997 11 0.9840000000000001 18.3954 0.0113 17.5647 0.0278 16.8433 0.0082 16.5665 0.0197
47.3445 -29.935871000000002 8 0.983 nan nan 16.8565 0.0395 16.0481 0.0146 15.7482 0.0168
47.225614 -29.680753000000003 7 0.981 18.5801 0.0108 18.1521 0.0108 17.8541 0.036000000000000004 17.8108 0.022000000000000002
46.670462 -30.175493 4 0.972 19.3097 0.0161 19.1951 0.0119 19.1406 0.0495 nan nan
47.033553999999995 -29.588962 19 0.9840000000000001 16.6087 0.0136 16.4243 0.017 16.2838 0.0157 16.3082 0.0068
46.549548 -29.890178000000002 11 0.9840000000000001 14.6687 0.0105 14.3343 0.0105 14.0828 0.0074 14.0091 0.008
47.145144 -30.227482000000002 4 0.973 19.3968 0.0112 18.9975 0.0123 18.6801 0.0139 18.6234 0.0246
46.595017 -29.761415999999997 4 0.9740000000000001 19.5452 0.0129 19.2424 0.015 19.0803 0.06 nan nan
46.982275 -29.580935999999998 10 0.985 17.4668 0.0105 16.7407 0.0159 16.2713 0.0134 16.0644 0.0067
46.630849 -30.141603999999997 17 0.9840000000000001 16.1527 0.0245 15.9385 0.0106 15.8011 0.0063 15.7852 0.0062
47.11529 -30.242419 20 0.9840000000000001 16.3278 0.0304 15.9594 0.0116 15.7823 0.0075 15.7466 0.0087
47.190731 -30.203231 10 0.982 16.8666 0.0145 16.5402 0.0114 16.2754 0.008 16.2322 0.0078
46.912328 -30.273526 6 0.982 18.6956 0.0105 18.5382 0.0107 18.3074 0.0356 18.3572 0.0173
46.970784 -30.275116999999998 3 0.98 18.9974 0.0107 19.1202 0.0105 19.3472 0.0247 nan nan
46.907346000000004 -30.274134999999998 6 0.981 18.6129 0.0106 18.2401 0.0106 18.0713 0.0103 17.9688 0.0551
46.982382 -29.577808 16 0.997 14.9478 0.0062 14.1196 0.0075 13.4253 0.0062 13.1796 0.0107
47.007771000000005 -29.579906 18 0.985 16.8224 0.0186 16.3912 0.0074 16.0993 0.0085 16.0235 0.0122
46.679252000000005 -29.663422999999998 6 0.972 20.1431 0.0133 19.2297 0.012 18.1629 0.0096 17.7692 0.0156
47.322814 -30.057909000000002 10 0.983 16.9718 0.0177 16.6812 0.0088 16.5391 0.0084 16.5371 0.0174
46.637617 -30.154685999999998 4 0.966 19.667 0.0124 19.3758 0.0128 19.3888 0.0709 nan nan
46.545714000000004 -29.984089 7 0.965 21.1204 0.0155 20.0395 0.0137 18.4036 0.0407 17.6865 0.0385
46.630417 -30.148538000000002 6 0.98 18.8803 0.011000000000000001 18.4624 0.0124 18.2198 0.0378 18.0919 0.0132
47.343577 -29.848765000000004 9 0.982 19.2034 0.011000000000000001 18.2678 0.0105 16.9541 0.0093 16.4574 0.0156
46.570219 -29.792775 9 0.9840000000000001 17.3133 0.0105 16.6522 0.0156 16.1894 0.0136 15.9861 0.0065
46.970926 -29.573987 7 0.981 19.7519 0.0135 18.8794 0.0119 17.5602 0.0076 17.0881 0.0184
46.69167 -30.203382 6 0.958 20.9924 0.0202 20.2961 0.0226 18.5868 0.0482 18.0707 0.0114
47.015846 -29.577788 6 0.98 19.0865 0.0162 18.7374 0.0115 18.5734 0.0255 18.3863 0.0155
47.049434999999995 -29.583693 9 0.983 18.6229 0.012 17.7553 0.0105 16.8568 0.0075 16.4976 0.021
47.15937 -30.229965000000004 9 0.983 17.9979 0.011000000000000001 17.648 0.0483 17.4783 0.0142 17.4016 0.0077
47.043649 -30.271671 6 0.96 20.1536 0.0177 19.2663 0.0125 18.5074 0.0097 18.2225 0.0363
46.820374 -30.265394 7 0.978 19.8582 0.024 18.9143 0.0177 17.6581 0.0133 17.133 0.0087
47.235837 -29.673981 4 0.976 nan nan nan nan 17.7209 0.0355 17.4268 0.016
46.928587 -29.570735 10 0.985 16.7322 0.0178 15.9269 0.0082 15.1447 0.0122 14.8636 0.0061
47.059101 -30.269413 3 0.955 19.8581 0.0157 19.711 0.0153 19.7013 0.0305 nan nan
46.668339 -29.664015999999997 6 0.982 18.3006 0.0119 17.5761 0.0436 17.2027 0.0091 16.9679 0.0115
46.691098 -30.206794 5 0.9790000000000001 18.8857 0.0105 18.6701 0.0107 18.5231 0.012 18.4984 0.0149
47.251397999999995 -30.167639 3 0.985 nan nan 17.7796 0.0105 17.2698 0.0105 17.026 0.0113
47.348003000000006 -29.841040999999997 20 0.998 14.8346 0.0083 14.6436 0.0065 14.5001 0.0054 14.4793 0.0053
46.538119 -29.871772999999997 6 0.95 20.514 0.0145 19.6049 0.0119 18.5725 0.045 18.3487 0.032
47.312013 -29.758298999999997 18 0.9890000000000001 15.5789 0.0158 14.8551 0.0071 14.3129 0.009000000000000001 14.1145 0.0072
47.35196 -29.853476 8 0.981 20.0306 0.0139 19.0829 0.0116 17.5914 0.0238 17.0247 0.0069
46.679390000000005 -29.652425 17 0.9940000000000001 12.6012 0.0159 12.071 0.0074 11.7203 0.0074 11.5727 0.0074
46.700963 -29.637227000000003 17 0.985 15.9956 0.008 15.6423 0.0075 15.4109 0.0075 15.3489 0.0069
46.790549 -30.260077000000003 7 0.982 18.5301 0.0112 18.0369 0.0704 17.7895 0.0099 17.6798 0.0178
46.962765999999995 -30.287117 5 0.973 21.2311 0.0451 nan nan 18.2994 0.0134 17.5724 0.0116
47.147043 -29.610487 14 0.985 17.0183 0.0086 16.7892 0.0119 16.6266 0.0127 16.6247 0.0078
46.533666 -29.879659000000004 11 0.983 15.2461 0.0105 14.929 0.0105 14.6918 0.0074 14.6193 0.0086
47.146122 -30.244818 18 0.992 15.4017 0.0088 15.1191 0.0181 14.9709 0.0061 14.9484 0.0077
47.133403 -30.250560999999998 9 0.983 18.7387 0.0129 17.8298 0.0392 16.7366 0.0219 16.2941 0.0142
47.339784 -30.050221999999998 5 0.981 nan nan 18.0809 0.0107 17.9118 0.011000000000000001 17.7568 0.0348
47.080946000000004 -29.583434000000004 6 0.9790000000000001 20.0667 0.0138 19.2231 0.0112 17.7606 0.0281 17.153 0.0101
46.708434999999994 -30.225064 6 0.9790000000000001 19.4869 0.012 18.8689 0.0121 18.4886 0.016 18.3702 0.0149
47.351425 -30.020969 3 0.955 nan nan 20.665 0.0371 18.6687 0.0182 17.7858 0.0293
46.654246 -30.187426000000002 10 0.983 18.0874 0.0105 17.387999999999998 0.0102 16.6677 0.0299 16.3733 0.0179
47.303235 -30.118446999999996 6 0.9840000000000001 nan nan 18.8434 0.0119 16.9583 0.018000000000000002 16.2322 0.0084
47.34884 -30.030603999999997 4 0.98 nan nan 18.3806 0.0106 17.7199 0.0106 17.3082 0.0203
47.084527 -29.582689000000002 17 0.9890000000000001 16.0478 0.0168 15.35 0.0064 14.8712 0.0077 14.6796 0.0061
46.571496999999994 -30.091603999999997 13 0.997 13.9872 0.0127 13.5535 0.0095 13.300999999999998 0.0074 13.2245 0.0061
47.331762 -29.780742 5 0.9540000000000001 19.8273 0.0121 19.2606 0.0126 18.9177 0.0721 18.8037 0.0643
47.311079 -29.744933000000003 13 0.983 17.4587 0.0298 17.1164 0.0505 16.9672 0.0152 16.9122 0.0085
47.076625 -30.273515999999997 20 0.9890000000000001 15.5395 0.0107 14.8144 0.0104 14.3412 0.0053 14.1691 0.0053
47.360292 -29.995277 6 0.9840000000000001 nan nan 18.0399 0.0529 17.4718 0.009000000000000001 17.2316 0.0151
47.119594 -29.59406 7 0.982 20.0374 0.0129 19.0685 0.0133 17.4144 0.0075 16.7448 0.0199
46.587551 -29.735985 7 0.9840000000000001 17.9898 0.0111 17.0946 0.0113 16.4107 0.0102 16.1401 0.0076
47.31474 -29.748513 9 0.982 18.2451 0.0105 17.4424 0.01 16.8082 0.0179 16.5964 0.0068
47.105961 -30.265469 21 0.9840000000000001 15.5247 0.0127 15.2945 0.0084 15.1677 0.0105 15.140999999999998 0.0056
47.1325 -29.598287 6 0.9790000000000001 20.065 0.0211 19.0649 0.0158 17.5439 0.0134 16.9269 0.0196
46.767025 -30.257828999999997 7 0.977 19.9826 0.0123 19.0568 0.0129 17.8848 0.0158 17.4156 0.0098
46.524384999999995 -29.917587 12 0.985 14.1331 0.0105 13.8598 0.0105 13.7262 0.0074 13.7079 0.0074
47.16639 -30.239559000000003 8 0.981 18.4955 0.011000000000000001 18.2014 0.0105 17.9558 0.0472 17.8888 0.0712
46.56635 -29.767715999999997 12 0.9940000000000001 13.6412 0.0074 13.192 0.0105 12.9014 0.0061 12.7904 0.0074
46.635388 -30.174684000000003 8 0.982 19.1294 0.017 18.3356 0.0111 17.544 0.0078 17.1802 0.0286
46.5278 -29.977521999999997 6 0.981 18.5451 0.0106 18.3086 0.0105 18.1629 0.0223 18.0433 0.1164
47.361292999999996 -29.999445 13 0.983 17.2099 0.0155 17.1429 0.0362 17.1716 0.0108 17.2169 0.0125
47.2224 -29.648307 21 0.9940000000000001 14.6499 0.0104 14.3464 0.0061 14.1812 0.0053 14.1356 0.0053
46.609921 -30.150002 12 0.983 17.1549 0.0101 16.4007 0.0086 15.8103 0.0059 15.5765 0.0054
47.168483 -29.613791 7 0.9640000000000001 20.9522 0.0478 19.8903 0.1016 18.2953 0.0221 17.5359 0.0163
46.858477 -30.286132000000002 7 0.9840000000000001 16.6338 0.0178 15.7419 0.0128 14.982000000000001 0.009000000000000001 14.7055 0.008
47.237079 -30.194851 16 0.985 15.9863 0.0254 15.5507 0.0148 15.2434 0.0078 15.1474 0.0075
46.77865 -29.589044 6 0.9740000000000001 19.4683 0.0129 18.9274 0.0126 18.5891 0.0212 18.5669 0.0412
46.638353 -29.674264 6 0.981 18.8271 0.0124 18.6454 0.0105 18.532 0.0273 18.5612 0.0484
46.838692 -30.282415000000004 9 0.9840000000000001 18.1639 0.0106 17.9379 0.0105 17.8644 0.0135 17.8961 0.0744
46.802279 -30.272714 14 0.9890000000000001 16.3988 0.0347 15.4117 0.0063 14.0921 0.0081 13.5989 0.0061
47.368214 -29.971420000000002 4 0.9740000000000001 nan nan 19.1131 0.0117 18.3224 0.0127 18.0463 0.0325
47.193567 -30.226293 4 0.977 nan nan nan nan 17.396 0.0273 17.2381 0.0316
46.920851 -30.294903 8 0.965 19.2894 0.1112 18.6593 0.045 17.5272 0.0261 17.0435 0.0276
47.092328 -29.579867999999998 8 0.983 18.2384 0.0105 17.6383 0.0231 17.2197 0.0085 17.0184 0.0309
47.285297 -30.151235999999997 16 0.9840000000000001 16.4863 0.0156 16.1029 0.0364 15.8544 0.0063 15.7459 0.0077
46.534962 -29.831167999999998 8 0.9840000000000001 18.5772 0.0116 17.8832 0.0102 17.3953 0.0068 17.1745 0.0092
47.299455 -30.134863 9 0.9840000000000001 16.9671 0.0183 16.5042 0.0094 16.163 0.0099 15.9911 0.0095
46.938565999999994 -30.296540000000004 9 0.982 19.3294 0.0159 18.4208 0.0223 17.3632 0.0156 16.971 0.0117
47.309379 -30.122322999999998 12 0.982 nan nan 17.4706 0.0103 17.3284 0.0132 17.2846 0.0619
46.746340999999994 -30.253874 6 0.9590000000000001 20.0876 0.0276 19.2845 0.0107 18.7074 0.064 18.3671 0.063
47.364806 -29.850881 8 0.983 17.4514 0.0285 16.8579 0.0161 16.4193 0.0081 16.2198 0.0108
47.224115999999995 -30.208989000000003 16 0.985 15.9918 0.0477 15.745999999999999 0.0068 15.5884 0.0062 15.5629 0.0086
46.6041 -29.704614000000003 22 0.985 15.527000000000001 0.0066 15.2487 0.0061 15.1031 0.0055 15.0792 0.0053
46.545675 -30.057345 4 0.982 18.7791 0.0105 18.4338 0.0121 18.2108 0.0117 18.1755 0.0233
46.731904 -29.60572 6 0.98 18.7713 0.0109 18.4644 0.0105 18.317999999999998 0.0411 18.2183 0.0341
47.360471999999994 -29.827704999999998 13 0.983 17.3343 0.0201 17.0372 0.0434 16.8303 0.0154 16.808 0.0087
46.917587 -29.555196000000002 8 0.986 18.1986 0.0105 17.3121 0.0114 16.3456 0.0187 15.9645 0.0095
47.342506 -30.072786999999998 12 1.0 10.2085 0.0105 9.9312 0.0105 nan nan 9.773 0.0105
46.645969 -29.660477 10 0.983 18.2809 0.0105 17.5053 0.0088 16.8282 0.034 16.5019 0.009000000000000001
46.769269 -30.266412 10 0.9840000000000001 17.9714 0.0105 17.0756 0.0403 15.7269 0.0067 15.2123 0.0056
47.299344 -30.142358 13 0.983 17.18 0.016 16.9396 0.0292 16.7495 0.0074 16.6918 0.0108
47.363734 -29.831826 7 0.981 18.8639 0.0117 18.0564 0.0105 17.4049 0.0072 17.1555 0.0097
46.574768 -29.736471 6 0.9740000000000001 19.3683 0.1166 18.3544 0.1029 17.5078 0.0385 17.2123 0.0441
47.184705 -30.239515 16 0.983 15.952 0.0119 15.4719 0.0113 15.1112 0.0085 14.9636 0.0062
47.345558000000004 -30.071679 3 0.983 nan nan nan nan 14.3132 0.0203 13.8783 0.0133
46.902339000000005 -30.299345000000002 8 0.9790000000000001 20.0424 0.0146 19.1089 0.0163 17.9817 0.0178 17.5573 0.0132
47.252628 -29.662024 8 0.987 18.817999999999998 0.011000000000000001 17.9054 0.0105 16.5449 0.0069 16.0432 0.0109
47.320026 -29.737059999999996 8 0.982 18.3384 0.0144 17.6366 0.0398 17.1201 0.0079 16.9444 0.0098
47.353955 -29.799653000000003 10 0.983 17.188 0.0105 16.8943 0.0105 16.7374 0.0296 16.6736 0.0391
46.610164000000005 -29.687345 7 0.981 18.8513 0.0119 18.5316 0.0113 18.338 0.0138 18.1414 0.085
46.517495000000004 -29.992741 4 0.98 nan nan nan nan 16.879 0.0107 16.3536 0.0092
47.305733000000004 -30.142346999999997 8 0.983 17.4573 0.0345 16.7982 0.0217 16.3774 0.0074 16.1948 0.0303
47.335858 -30.099934 3 0.975 nan nan 19.1057 0.0112 19.1787 0.1437 nan nan
47.377961 -29.86301 11 0.985 17.2085 0.0298 16.3004 0.0083 15.1607 0.0054 14.7377 0.0093
47.383988 -29.949407 6 0.977 nan nan 19.32 0.0138 17.8211 0.0172 17.2566 0.0356
46.882296999999994 -30.302207 7 0.975 19.9759 0.0151 19.1593 0.0127 18.014 0.0112 17.586 0.0131
47.380175 -29.984129 4 0.966 nan nan 19.6181 0.0257 18.5851 0.0818 18.1376 0.0139
46.906456 -30.306125 8 0.981 18.805999999999997 0.0086 18.4967 0.0277 18.2705 0.0365 18.2147 0.0251
47.259175 -29.658428000000004 6 0.982 19.5907 0.0113 18.5891 0.0105 17.1824 0.0086 16.6696 0.0084
47.321667 -29.725844 8 0.982 18.2115 0.0105 17.8439 0.068 17.6436 0.0179 17.5488 0.0418
47.158784999999995 -30.262254 7 0.9790000000000001 19.4767 0.0123 18.8223 0.0117 18.3503 0.0104 18.1704 0.0268
47.339298 -30.102415999999998 7 0.983 nan nan 17.6784 0.0423 16.7289 0.0069 16.3891 0.0095
46.596945 -30.160865 17 0.998 11.1585 0.0075 10.9098 0.0074 10.8085 0.0074 10.8136 0.0074
47.366163 -30.048571999999997 15 0.988 15.1957 0.0247 14.9068 0.0143 14.6617 0.0074 14.5785 0.0078
46.898584 -30.307897999999998 21 0.987 15.9744 0.0078 15.6915 0.0106 15.5483 0.0107 15.5441 0.0057
46.504249 -29.913751 9 0.976 17.4651 0.0291 17.3902 0.0224 17.1963 0.015 17.2539 0.0094
46.504763 -29.902860999999998 8 0.9690000000000001 nan nan 17.5581 0.0355 17.4778 0.0186 17.4891 0.0492
46.687226 -29.615757000000002 18 0.985 16.5749 0.0085 16.3583 0.0145 16.1759 0.0065 16.1615 0.0065
46.647546000000006 -30.210937 8 0.9790000000000001 20.5282 0.0138 19.4672 0.0221 17.9158 0.008 17.3012 0.0196
47.219498 -30.230149 4 0.97 nan nan 19.2115 0.0161 18.4951 0.0152 18.2438 0.0339
47.067176 -29.556334999999997 9 0.982 18.3635 0.0105 18.1845 0.0112 18.0689 0.0308 17.9758 0.0275
47.14535 -29.582244 6 0.98 19.514 0.013999999999999999 18.6177 0.0113 17.6518 0.0441 17.3001 0.015
46.517726 -30.029584999999997 3 0.9740000000000001 nan nan 16.8527 0.0209 16.4247 0.0118 16.1736 0.0107
46.626657 -29.659043 9 0.983 17.912 0.0105 17.5199 0.022000000000000002 17.2956 0.0077 17.2284 0.016
47.067729 -30.298081 12 0.981 17.7317 0.0111 17.4639 0.0221 17.3007 0.0117 17.2863 0.0194
46.524612 -30.053403999999997 18 0.996 13.9153 0.0074 13.6476 0.0061 13.5121 0.0064 13.517000000000001 0.0069
47.348734 -30.09548 12 0.982 17.2942 0.0197 16.9358 0.0351 16.8097 0.0067 16.87 0.009000000000000001
46.500652 -29.903952 5 0.972 nan nan 17.7853 0.0208 17.5014 0.0703 17.4061 0.0211
47.259898 -30.20337 11 0.997 14.5219 0.0105 14.0464 0.0074 13.6989 0.0074 13.5762 0.0106
46.719157 -30.261359999999996 5 0.9790000000000001 18.982 0.0105 18.831 0.0105 18.7921 0.0136 18.8929 0.0241
47.394796 -29.910521000000003 10 0.9840000000000001 14.8308 0.011000000000000001 14.4506 0.0105 14.2737 0.0077 14.2394 0.0075
46.988351 -30.313831 2 1.0 nan nan nan nan nan nan nan nan
46.596869 -29.68342 5 0.96 20.0479 0.0236 19.4484 0.0155 19.2289 0.012 18.928 0.0433
47.395864 -29.943336 5 0.98 nan nan 19.1954 0.0146 17.6402 0.0075 17.09 0.0101
47.345742 -29.747546999999997 7 0.973 20.0204 0.0143 19.0908 0.0123 17.9134 0.0211 17.4008 0.0146
47.155625 -30.272340999999997 15 0.988 12.4781 0.0074 12.0021 0.0075 11.7036 0.0074 11.5898 0.0074
46.982449 -29.537671000000003 8 0.982 19.1437 0.0106 18.2208 0.0159 16.8702 0.0082 16.3315 0.0061
46.724069 -30.266042 10 0.988 17.6544 0.0105 17.1011 0.036000000000000004 16.7931 0.0073 16.6788 0.0079
47.389645 -29.856902 7 0.9690000000000001 20.4759 0.0256 19.602999999999998 0.0149 18.179000000000002 0.0097 17.602999999999998 0.0095
47.096037 -30.295164 20 0.991 15.5229 0.0215 15.2214 0.0064 15.052 0.0061 15.0079 0.0056
46.739058 -30.273896999999998 19 0.9840000000000001 16.3683 0.037000000000000005 16.0602 0.024 15.8109 0.0062 15.7661 0.0063
47.063315 -30.304759000000004 20 0.985 14.8432 0.0075 14.5934 0.0074 14.4646 0.0101 14.4521 0.0061
47.265069 -29.649258000000003 7 0.983 18.0627 0.0105 17.8197 0.0105 17.6347 0.0082 17.6029 0.013000000000000001
47.344586 -29.741588 10 0.983 18.5924 0.0106 17.6956 0.0083 16.5192 0.0125 16.1148 0.0101
46.634434000000006 -29.643047999999997 9 0.982 19.0483 0.0105 18.0528 0.14300000000000002 17.2766 0.0114 16.9575 0.0074
47.350114000000005 -29.74877 5 0.978 19.0456 0.0112 18.8623 0.0128 18.7293 0.0339 18.5566 0.0119
47.160726000000004 -30.273496 6 0.966 20.4719 0.0369 19.5929 0.0194 18.4252 0.011000000000000001 17.9718 0.0168
47.378844 -29.80745 6 0.981 18.5398 0.0105 18.4066 0.0107 18.3629 0.0132 18.3504 0.0215
47.177161 -29.587968 5 0.978 19.1599 0.0124 19.0627 0.0137 18.904 0.0138 18.8727 0.0406
47.16605 -29.581814 8 0.981 19.2219 0.0117 18.4053 0.0105 17.6743 0.0102 17.3707 0.0127
47.067234 -30.306525 6 0.96 20.4967 0.0245 19.6336 0.0155 18.3904 0.0196 17.9668 0.0688
46.981694 -29.533746999999998 11 0.983 17.3967 0.0096 16.6731 0.0093 16.0947 0.0083 15.8611 0.0055
46.594355 -30.176743 16 0.985 16.2752 0.0088 15.4944 0.0186 14.9331 0.0086 14.7025 0.0069
46.650244 -29.627171 6 0.963 20.1593 0.0184 19.3261 0.0112 18.7459 0.0438 18.4151 0.0171
46.742663 -29.573703000000002 8 0.982 18.1689 0.0107 17.828 0.0085 17.5962 0.0077 17.5078 0.0157
46.594059 -30.177996000000004 5 0.982 17.678 0.0196 nan nan nan nan nan nan
46.83576 -30.310477000000002 9 0.982 18.5549 0.0126 18.0401 0.0186 17.7162 0.0095 17.6765 0.0106
46.690612 -30.254742999999998 7 0.982 18.3698 0.0105 17.8675 0.0687 17.6179 0.0089 17.5924 0.0124
47.386305 -29.819618 6 0.9520000000000001 20.2112 0.0173 19.3959 0.0121 18.5826 0.012 18.2653 0.0276
47.316776000000004 -30.160242999999998 15 0.9990000000000001 13.9427 0.0149 13.6724 0.0107 13.4971 0.0074 13.4574 0.013999999999999999
47.337344 -30.134037 4 0.976 nan nan 18.8608 0.0129 18.2383 0.0084 18.0621 0.0158
46.767899 -30.292121999999996 7 0.977 19.7287 0.0162 18.8803 0.0409 18.1745 0.0113 17.9039 0.0122
47.244702000000004 -29.625455 14 0.9840000000000001 16.5751 0.0336 15.7411 0.0082 15.1797 0.0054 14.9618 0.0081
46.491915000000006 -29.878434000000002 4 0.9790000000000001 nan nan nan nan 17.1242 0.0565 16.6975 0.0302
46.578022 -29.691078000000005 15 0.996 14.0822 0.0074 13.6958 0.0074 13.4824 0.0061 13.4296 0.0061
46.671762 -29.608578 17 0.991 12.7201 0.0074 11.8731 0.0074 11.1954 0.0074 10.9277 0.0074
46.587773 -29.679066 8 0.983 17.7195 0.0105 17.3907 0.0107 17.1613 0.0106 17.094 0.0142
