ra dec ngood class_star g_psf e_g_psf r_psf e_r_psf i_psf e_i_psf z_psf e_z_psf
274.368214 -4.902113 6 0.981 17.7641 0.0164 16.6635 0.0146 15.6602 0.0273 15.1608 0.0302
274.370947 -4.902278 3 0.956 nan nan nan nan 17.1785 0.0184 16.4583 0.0444
274.35711499999996 -4.9118260000000005 6 0.982 17.7458 0.0131 16.6462 0.0174 15.7774 0.0289 15.3171 0.0295
274.35908900000004 -4.895352 5 0.982 nan nan 16.864 0.0343 15.7262 0.0168 15.0086 0.0093
274.35103 -4.901782 2 0.972 nan nan nan nan 16.8649 0.0169 16.0823 0.012
274.359138 -4.915762 4 0.975 nan nan nan nan 16.3107 0.0087 15.6644 0.0209
274.366048 -4.916043 4 0.982 nan nan nan nan 16.0185 0.0086 15.3315 0.0306
274.34967400000005 -4.911582 2 0.968 nan nan nan nan 16.7848 0.0172 16.0243 0.0156
274.349996 -4.89623 2 0.9570000000000001 nan nan nan nan 16.9914 0.0124 16.4511 0.0111
274.355589 -4.919812 4 0.975 nan nan nan nan 16.5626 0.0354 15.9031 0.0413
274.375645 -4.915735 4 0.958 nan nan nan nan 17.0887 0.0766 16.4923 0.0358
274.34486400000003 -4.905779 2 0.971 nan nan nan nan 16.8782 0.0195 16.3638 0.0116
274.365062 -4.886223 8 0.9940000000000001 14.1458 0.0074 13.2209 0.0105 11.8499 0.0085 11.2999 0.0079
274.373215 -4.920088 4 0.958 nan nan nan nan 16.7173 0.0252 16.1487 0.0515
274.371514 -4.921263 6 0.985 17.5272 0.0196 16.4422 0.011000000000000001 15.5647 0.0143 15.0795 0.037000000000000005
274.377734 -4.891127 2 0.982 nan nan nan nan 16.0251 0.0116 15.1779 0.0133
274.347767 -4.890479 3 0.981 17.1628 0.0184 nan nan 15.1961 0.025 14.6928 0.0222
274.369963 -4.92315 4 0.976 nan nan nan nan 16.6961 0.0282 15.9819 0.0454
274.378872 -4.890305000000001 6 0.983 17.8895 0.0146 16.660999999999998 0.0197 15.0749 0.0306 14.2243 0.0341
274.380159 -4.917733 7 0.985 16.3446 0.0088 14.7815 0.0105 13.3914 0.0077 12.6227 0.0212
274.36645899999996 -4.881647 4 0.9790000000000001 nan nan 16.6561 0.0179 15.1066 0.0082 14.2565 0.0105
274.385506 -4.9089279999999995 4 0.976 nan nan nan nan 16.4328 0.0101 15.7169 0.0114
274.383731 -4.916857 6 0.981 17.9465 0.0395 16.6367 0.0131 15.4221 0.0089 14.7495 0.0119
274.364911 -4.929551999999999 6 0.983 17.909000000000002 0.0396 16.715999999999998 0.0202 15.5623 0.0081 14.9455 0.0281
274.34458 -4.922541000000001 2 0.981 nan nan nan nan 16.0982 0.0192 15.3145 0.0114
274.363675 -4.877330000000001 6 0.991 11.3353 0.0094 10.5045 0.0105 9.8808 0.0141 9.648 0.0109
274.378971 -4.882777 3 0.9520000000000001 nan nan nan nan 17.3484 0.0211 16.4864 0.0492
274.380618 -4.924382 4 0.978 nan nan nan nan 16.5361 0.0316 15.8335 0.0279
274.389869 -4.902693 6 0.98 18.0691 0.0175 16.9855 0.0483 16.1069 0.0241 15.6048 0.009000000000000001
274.389299 -4.912232 5 0.983 nan nan 15.9037 0.0141 14.0324 0.0166 13.0942 0.0131
274.343907 -4.925216000000001 3 0.982 17.1286 0.0121 nan nan 15.4519 0.0209 14.9773 0.0146
274.334132 -4.910935 2 0.973 nan nan nan nan 16.8343 0.0146 15.9922 0.0179
274.36051499999996 -4.933679 5 0.9790000000000001 nan nan 17.1203 0.0214 15.9295 0.0094 15.2905 0.0086
274.389698 -4.91603 8 0.983 15.3815 0.0414 14.5605 0.0107 13.767000000000001 0.0074 13.4082 0.013000000000000001
274.38337 -4.9260269999999995 4 0.9790000000000001 nan nan nan nan 16.3041 0.0451 15.8155 0.0077
274.33322400000003 -4.912095 2 0.961 nan nan nan nan 17.1964 0.0302 16.2604 0.0123
274.393105 -4.902035 4 0.981 nan nan nan nan 16.1389 0.0148 15.3705 0.0146
274.390414 -4.917808 1 0.9690000000000001 nan nan nan nan 16.5119 0.0146 nan nan
274.331297 -4.907665 2 0.978 nan nan nan nan 16.4603 0.0278 15.8136 0.0111
274.392293 -4.915622 6 0.9840000000000001 17.0248 0.0139 15.6595 0.0171 14.3706 0.0076 13.6963 0.0242
274.364378 -4.937022 4 0.9520000000000001 nan nan nan nan 17.0158 0.0197 16.3512 0.0093
274.36596299999997 -4.871548000000001 4 0.9590000000000001 nan nan nan nan 16.932000000000002 0.0184 16.3601 0.013000000000000001
274.390692 -4.886723 2 0.982 nan nan nan nan 15.7932 0.012 15.1017 0.0166
274.390832 -4.885544 2 0.982 nan nan nan nan 15.8063 0.0111 15.0539 0.0133
274.392762 -4.920505 3 0.961 nan nan nan nan 17.2342 0.0299 16.5279 0.0112
274.327454 -4.897965 8 0.988 14.6612 0.0305 13.4804 0.0155 12.2807 0.0078 11.6625 0.0169
274.360973 -4.868732 4 0.983 nan nan nan nan 16.5835 0.0248 15.8507 0.0105
274.335391 -4.881096 2 0.983 nan nan nan nan 15.7544 0.0122 15.015 0.0105
274.397718 -4.897056 5 0.982 nan nan 17.0538 0.0154 15.7837 0.0366 15.147 0.0079
274.384959 -4.932258999999999 4 0.9790000000000001 nan nan nan nan 16.1891 0.0241 15.7199 0.0733
274.392847 -4.9248769999999995 4 0.971 nan nan nan nan 16.8742 0.0173 16.0854 0.0482
274.367735 -4.867749 6 0.983 18.1855 0.026000000000000002 16.8659 0.0197 15.4727 0.0133 14.7382 0.0099
274.38223700000003 -4.871626999999999 7 0.983 16.9009 0.0318 15.752 0.0105 14.6222 0.0074 14.0457 0.0099
274.400531 -4.908494999999999 4 0.9590000000000001 nan nan nan nan 17.2583 0.0667 16.7894 0.0642
274.35314700000004 -4.941241000000001 6 0.983 17.5408 0.0211 16.5037 0.0144 15.4928 0.0107 14.9742 0.0462
274.36077 -4.942621 4 0.972 nan nan nan nan 16.0649 0.0362 15.3641 0.0097
274.38448700000004 -4.872178 4 0.982 nan nan nan nan 16.0133 0.0146 15.1973 0.0074
274.35688500000003 -4.865558999999999 6 0.9740000000000001 17.8873 0.0342 16.4015 0.0288 14.9679 0.0229 14.15 0.0854
274.358438 -4.865113 3 0.9790000000000001 nan nan nan nan 15.6962 0.0098 14.9569 0.0165
274.399946 -4.89058 6 0.9790000000000001 18.1004 0.0294 17.01 0.0205 15.8759 0.0241 15.3231 0.0203
274.364213 -4.944205 7 0.981 16.0929 0.0092 15.2229 0.0111 14.3615 0.0082 13.9189 0.0187
274.334374 -4.874562999999999 2 0.9620000000000001 nan nan nan nan 16.8227 0.0294 16.0396 0.0155
274.38944100000003 -4.9354309999999995 4 0.983 nan nan nan nan 15.7146 0.0247 14.8681 0.0268
274.373365 -4.944314 4 0.9620000000000001 nan nan nan nan 16.9221 0.0336 16.1903 0.0389
274.32694 -4.881583 7 0.981 16.8891 0.0289 15.4809 0.0194 14.0579 0.0093 13.2948 0.0204
274.34848999999997 -4.864438 1 0.9670000000000001 nan nan nan nan 16.8543 0.0137 nan nan
274.325173 -4.884079 5 0.9790000000000001 17.9858 0.0319 16.8735 0.0252 15.9295 0.027000000000000003 15.3815 0.0107
274.321748 -4.916471 7 0.987 16.5624 0.03 15.3058 0.0114 14.0511 0.0115 13.4013 0.0128
274.33189500000003 -4.933725 2 0.98 nan nan nan nan 16.3241 0.0197 15.6359 0.0105
274.358637 -4.9471169999999995 5 0.983 nan nan 16.5227 0.0128 15.1033 0.0074 14.3252 0.0217
274.376739 -4.863614 8 0.99 14.4195 0.0153 13.5872 0.0105 12.8626 0.0074 12.504000000000001 0.0078
274.349251 -4.862959 2 0.97 nan nan nan nan 16.4037 0.0196 15.4808 0.0323
274.347644 -4.863057 3 0.9520000000000001 nan nan nan nan 15.0416 0.0114 14.0438 0.0535
274.365331 -4.94827 4 0.973 nan nan nan nan 16.695999999999998 0.0117 16.0487 0.0429
274.387689 -4.867846 4 0.973 nan nan nan nan 16.6922 0.0452 15.9312 0.011000000000000001
274.364192 -4.860015 4 0.98 nan nan nan nan 16.4723 0.0202 15.6976 0.0109
274.341419 -4.86506 3 0.961 nan nan nan nan 16.8546 0.016 16.1808 0.0096
274.407088 -4.902119 6 0.982 16.6445 0.0697 15.1426 0.0119 13.9579 0.0153 13.3448 0.0121
274.327132 -4.9324069999999995 4 0.9790000000000001 nan nan nan nan 16.4698 0.0256 15.9827 0.0591
274.32375099999996 -4.880749 4 0.981 nan nan nan nan 16.0834 0.0305 15.3705 0.0262
274.353343 -4.949257 6 0.982 17.8711 0.0166 16.586 0.0159 15.4717 0.0122 14.8706 0.0297
274.37143399999997 -4.949349 4 0.966 nan nan nan nan 17.0401 0.0128 16.4779 0.064
274.353724 -4.859038 5 0.9570000000000001 nan nan nan nan 16.8701 0.0239 16.1784 0.0252
274.320769 -4.924283999999999 3 0.951 nan nan nan nan 17.1996 0.0315 16.8174 0.0628
274.31574 -4.904189 7 0.983 16.3299 0.0085 15.1066 0.0144 13.8735 0.0119 13.2277 0.0199
274.370412 -4.857901 4 0.981 nan nan nan nan 16.0801 0.0079 15.475999999999999 0.009000000000000001
274.35772599999996 -4.857266 7 0.978 18.0053 0.0434 16.8935 0.0289 16.1459 0.0183 15.6097 0.0208
274.35618999999997 -4.951164 4 0.972 nan nan nan nan 16.8321 0.0121 16.0729 0.0092
274.32296099999996 -4.8777029999999995 4 0.978 nan nan nan nan 16.3267 0.0209 15.6278 0.0254
274.399034 -4.873391000000001 4 0.961 nan nan nan nan 17.0212 0.0157 16.2304 0.040999999999999995
274.410406 -4.90541 2 0.9570000000000001 nan nan nan nan 17.2099 0.0192 16.5367 0.0151
274.406385 -4.923514 3 0.98 nan nan nan nan 15.7353 0.0123 15.0378 0.0119
274.41056299999997 -4.898924 3 0.9540000000000001 nan nan nan nan 16.6955 0.0095 16.2294 0.0126
274.40851499999997 -4.886340000000001 4 0.981 nan nan 16.6555 0.0152 15.1842 0.0197 14.4193 0.0105
274.335261 -4.945317 2 0.97 nan nan nan nan 16.642 0.0124 16.0575 0.0105
274.33165499999996 -4.943071 3 0.983 18.1235 0.0308 nan nan 15.3092 0.0105 14.5695 0.0105
274.362898 -4.854689 7 0.983 17.4533 0.0444 15.9576 0.0126 14.7457 0.0262 14.1053 0.0106
274.319351 -4.92933 5 0.983 nan nan 16.766 0.0181 15.3371 0.0101 14.5762 0.019
274.313582 -4.914875 6 0.993 14.0588 0.0132 12.7666 0.0138 11.4953 0.0074 10.8381 0.0105
274.361878 -4.954208 4 0.972 nan nan nan nan 16.6189 0.0518 16.1454 0.078
274.39642799999996 -4.941701999999999 7 0.9840000000000001 16.5254 0.0149 15.1159 0.0112 13.6475 0.0146 12.890999999999998 0.0199
274.318867 -4.8786309999999995 4 0.9570000000000001 nan nan nan nan 17.0199 0.0516 16.3498 0.0419
274.345973 -4.856505 3 0.953 nan nan nan nan 17.041 0.0145 16.4731 0.0239
274.389614 -4.861301999999999 6 0.976 18.0898 0.0519 16.7778 0.0105 15.5474 0.0284 14.9728 0.0075
274.4038 -4.934753 6 0.981 15.5077 0.0187 14.4587 0.0115 13.4429 0.0154 12.9842 0.0134
274.368918 -4.853265 5 0.982 nan nan nan nan 16.0332 0.0086 15.3201 0.0088
274.386989 -4.858537 5 0.963 nan nan nan nan 17.0554 0.0453 16.3495 0.0075
274.40071 -4.868979 4 0.9840000000000001 nan nan nan nan 14.9178 0.0149 13.8197 0.0204
274.378687 -4.953999 4 0.968 nan nan nan nan 16.703 0.0186 16.2165 0.0582
274.368056 -4.956348 7 0.983 16.9335 0.0221 15.9888 0.0217 15.0443 0.0078 14.6196 0.0273
274.359225 -4.956562 4 0.9640000000000001 nan nan nan nan 16.9282 0.0446 16.2198 0.0425
274.365502 -4.956835 5 0.982 nan nan 16.7046 0.0253 15.5885 0.0083 14.992 0.019
274.316808 -4.877706 4 0.9540000000000001 nan nan nan nan 16.9713 0.0104 16.2397 0.0099
274.392359 -4.947830000000001 6 0.9840000000000001 17.3573 0.0135 15.9127 0.0107 14.5231 0.0074 13.7924 0.0213
274.36288199999996 -4.851323000000001 5 0.978 nan nan nan nan 16.4538 0.0116 15.6174 0.0216
274.41470699999996 -4.894329 6 0.987 16.8074 0.0279 15.5018 0.0105 14.2291 0.0141 13.5874 0.0123
274.382544 -4.855098 5 0.982 nan nan nan nan 16.0297 0.0154 15.3176 0.0132
274.342087 -4.854324 3 0.981 nan nan nan nan 15.968 0.0139 15.2119 0.0265
274.32225 -4.9403809999999995 7 0.9840000000000001 16.6876 0.0291 15.4399 0.0123 14.2758 0.0309 13.6179 0.0404
274.416629 -4.9001339999999995 5 0.983 17.0417 0.0284 16.0305 0.0107 15.0003 0.0074 14.5349 0.0119
274.35195 -4.851064 3 0.981 nan nan nan nan 15.915 0.0177 15.2041 0.022000000000000002
274.312925 -4.92663 4 0.98 nan nan nan nan 16.5727 0.0292 15.9321 0.0102
274.410267 -4.878148 4 0.982 nan nan 16.7379 0.0166 15.3226 0.0081 14.5591 0.0123
274.395309 -4.9480260000000005 4 0.9590000000000001 nan nan nan nan 17.125999999999998 0.0581 16.2907 0.0135
274.327842 -4.861788 5 0.972 nan nan nan nan 16.8216 0.0682 15.8949 0.0185
274.315202 -4.876348 4 0.99 nan nan nan nan 16.8137 0.0633 16.2821 0.0284
274.30740499999996 -4.902598 5 0.982 nan nan 16.851 0.0182 15.5607 0.0247 14.9064 0.0169
274.322244 -4.942101999999999 2 0.981 nan nan nan nan 16.1658 0.0192 15.5331 0.0108
274.397662 -4.947014 4 0.981 nan nan nan nan 16.1695 0.0196 15.5755 0.0212
274.349679 -4.958211 2 0.968 nan nan nan nan 16.7884 0.0225 16.0265 0.0118
274.31012799999996 -4.885026 6 0.983 17.4541 0.0247 15.9263 0.0155 14.3821 0.0074 13.5623 0.0074
274.416516 -4.889253 3 0.978 nan nan nan nan 16.4381 0.0655 15.7781 0.0138
274.337411 -4.853696 3 0.981 nan nan nan nan 16.1401 0.0166 15.3382 0.0368
274.38741600000003 -4.955097 4 0.95 nan nan nan nan 17.0653 0.0171 16.707 0.016
274.364891 -4.8476349999999995 5 0.9790000000000001 nan nan nan nan 16.4049 0.0136 15.4283 0.0161
274.37516899999997 -4.8487 5 0.972 nan nan nan nan 16.6924 0.0094 16.0199 0.013000000000000001
274.30577400000004 -4.897031 6 0.983 17.4703 0.0164 15.9296 0.0105 14.2047 0.012 13.3409 0.0074
274.398286 -4.859776999999999 7 0.9790000000000001 18.2421 0.027999999999999997 16.9299 0.0205 15.7804 0.0099 15.3105 0.0183
274.37066400000003 -4.960973 4 0.981 nan nan nan nan 16.1009 0.0166 15.4294 0.0336
274.326006 -4.948543 6 0.982 17.887999999999998 0.0184 16.6006 0.0178 15.440999999999999 0.0082 14.7827 0.0345
274.40041 -4.8609279999999995 4 0.983 nan nan nan nan 15.809000000000001 0.0096 15.0177 0.0075
274.376369 -4.960224 6 0.983 17.9336 0.0406 16.6793 0.0133 15.4087 0.0085 14.8086 0.0309
274.309715 -4.928192 2 0.953 nan nan nan nan 17.4492 0.0492 16.954 0.0207
274.358583 -4.962008999999999 4 0.982 nan nan nan nan 15.4427 0.0173 14.5216 0.0307
274.308013 -4.924893 2 0.98 16.9759 0.0322 nan nan 15.1231 0.0144 nan nan
274.30406400000004 -4.901376 6 0.981 18.1262 0.0155 16.9743 0.013000000000000001 15.7713 0.0082 15.1409 0.01
274.30755600000003 -4.924355 7 0.98 16.6583 0.0244 15.9184 0.1355 14.8054 0.0145 14.6873 0.1515
274.354512 -4.962187999999999 4 0.978 nan nan nan nan 16.4519 0.0435 15.7893 0.048
274.31548300000003 -4.869006 4 0.971 nan nan nan nan 16.8873 0.0375 16.0486 0.0163
274.364012 -4.962923 4 0.981 nan nan nan nan 16.0588 0.0091 15.3489 0.036000000000000004
274.39452400000005 -4.953869 4 0.9690000000000001 nan nan nan nan 16.8368 0.0202 16.1579 0.025
274.333273 -4.852930000000001 3 0.976 nan nan nan nan 16.6246 0.0129 15.8351 0.0421
274.362606 -4.845208 6 0.981 nan nan 16.8352 0.0281 15.707 0.0227 15.0663 0.0181
274.420215 -4.9200550000000005 1 0.968 nan nan nan nan 16.0272 0.0162 nan nan
274.420526 -4.919059 5 0.98 17.8638 0.0308 17.1193 0.1451 15.5517 0.0242 15.4499 0.1828
274.307683 -4.929165 4 0.978 nan nan nan nan 16.4764 0.0081 15.9187 0.025
274.329841 -4.955565 5 0.981 16.1194 0.0412 15.3679 0.0371 14.3166 0.0105 13.8708 0.0106
274.33588399999996 -4.849482 3 0.965 nan nan nan nan 17.085 0.0237 16.3635 0.0247
274.414509 -4.936643 3 0.972 nan nan nan nan 16.7488 0.055999999999999994 15.8845 0.0269
274.405536 -4.860255 4 0.9790000000000001 nan nan nan nan 16.1212 0.0161 15.3822 0.008
274.405763 -4.948061 6 0.985 16.4165 0.0211 14.8985 0.011000000000000001 13.4256 0.0074 12.6815 0.0122
274.363129 -4.842619 5 0.981 nan nan nan nan 15.859000000000002 0.0258 15.1465 0.0419
274.31534 -4.864221 5 0.9620000000000001 nan nan nan nan 16.8629 0.0399 16.1813 0.0145
274.361961 -4.842497 1 0.968 nan nan nan nan 17.0101 0.0353 nan nan
274.309402 -4.936837000000001 5 0.973 18.0475 0.0406 nan nan 16.2653 0.0106 15.7935 0.0379
274.411407 -4.865628 4 0.99 nan nan 17.0335 0.0327 14.0438 0.0078 12.6935 0.0122
274.378235 -4.964543 7 0.981 17.1087 0.0462 15.6033 0.0118 13.9935 0.0083 13.1787 0.0175
274.321285 -4.9522699999999995 4 0.9790000000000001 nan nan nan nan 16.2114 0.0085 15.5752 0.0412
274.375482 -4.842107 4 0.98 nan nan nan nan 16.2514 0.0213 15.462 0.0088
274.303845 -4.929543 6 0.983 17.6957 0.0298 16.1601 0.0127 14.5995 0.0166 13.8156 0.0168
274.298599 -4.908297 7 0.9840000000000001 16.2731 0.0098 15.0484 0.011000000000000001 13.8874 0.0103 13.2599 0.0079
274.30615 -4.873608 5 0.982 nan nan 16.7681 0.0224 15.4314 0.0098 14.7159 0.0074
274.406577 -4.95087 4 0.981 nan nan 16.9009 0.0143 15.5798 0.0117 14.9516 0.0157
274.39459500000004 -4.960079 6 0.983 18.0764 0.0264 16.6562 0.0197 15.3869 0.0205 14.7497 0.0332
274.409639 -4.860158 4 0.976 nan nan nan nan 16.5705 0.0318 15.8229 0.0169
274.312742 -4.946687 4 0.975 nan nan nan nan 16.4866 0.0322 16.0758 0.0615
274.39107 -4.96315 6 0.983 18.1238 0.0265 16.7918 0.0225 15.5134 0.0077 14.837 0.0345
274.338498 -4.965212 3 0.9790000000000001 17.942999999999998 0.0178 nan nan 16.0979 0.0112 15.6055 0.0108
274.303715 -4.934141 4 0.9690000000000001 nan nan nan nan 16.914 0.0102 16.4031 0.018000000000000002
274.311841 -4.861691 4 0.9740000000000001 nan nan nan nan 16.7192 0.0109 16.0176 0.0082
274.428735 -4.900011 6 0.981 17.669 0.0172 16.616 0.0184 15.7723 0.0459 15.2383 0.0087
274.426926 -4.921598 4 0.98 nan nan nan nan 16.4535 0.0554 15.7108 0.0095
274.35783100000003 -4.837786 7 0.982 18.1745 0.0656 16.8427 0.0157 15.4618 0.0251 14.7624 0.0091
274.29796400000004 -4.886499 4 0.9790000000000001 nan nan 16.9125 0.0321 nan nan 15.3228 0.0327
274.32255299999997 -4.957921 6 0.9740000000000001 17.1963 0.0213 15.8046 0.0477 14.2348 0.0205 13.472999999999999 0.0355
274.30146099999996 -4.8760129999999995 4 0.9590000000000001 nan nan nan nan 16.986 0.0232 16.2713 0.0081
274.408301 -4.953696 5 0.983 18.0153 0.0274 16.8197 0.0213 15.5109 0.0241 14.8996 0.0121
274.41027 -4.856455 4 0.976 nan nan nan nan 16.5288 0.0784 15.8114 0.0258
274.394804 -4.963837 5 0.981 18.0571 0.0555 nan nan 16.1511 0.0152 15.7216 0.0122
274.404892 -4.851221 6 0.9790000000000001 17.7574 0.0192 15.9583 0.0105 14.1129 0.0156 13.1455 0.0089
274.411394 -4.9518510000000004 3 0.981 nan nan nan nan 15.9003 0.0074 15.1262 0.0113
274.33837 -4.83964 3 0.956 nan nan nan nan 17.0396 0.0139 16.4423 0.0467
274.300049 -4.934173 8 0.987 13.6702 0.0126 12.8747 0.0105 12.1616 0.0074 11.8296 0.0115
274.301771 -4.937746 4 0.978 nan nan nan nan 16.3819 0.0365 15.6837 0.0356
274.336778 -4.968629 3 0.987 16.3916 0.0144 nan nan 13.0769 0.0105 12.1823 0.0105
274.293228 -4.894614 4 0.9670000000000001 nan nan nan nan 17.0942 0.0463 16.4985 0.0174
274.409375 -4.956016 5 0.982 17.289 0.0141 15.8521 0.013999999999999999 14.5558 0.0075 13.9108 0.0126
274.34317799999997 -4.971285 3 0.981 16.1993 0.0118 nan nan 14.1894 0.0141 13.6999 0.0123
274.42963100000003 -4.924093 4 0.98 nan nan nan nan 16.2401 0.0097 15.5414 0.0093
274.432377 -4.8992629999999995 5 0.983 nan nan 17.1139 0.0188 15.6705 0.0185 14.946 0.0079
274.35746 -4.83451 5 0.9620000000000001 nan nan nan nan 16.784000000000002 0.0305 16.2012 0.012
274.292153 -4.904283 6 0.98 18.1172 0.0209 16.8741 0.0218 16.014 0.0369 15.4903 0.0104
274.291958 -4.908982 4 0.9740000000000001 nan nan nan nan 16.5928 0.0879 16.0257 0.0078
274.366146 -4.9746690000000005 5 0.983 nan nan 16.6876 0.0275 15.3218 0.0082 14.5736 0.0203
274.388289 -4.9699800000000005 4 0.98 nan nan nan nan 16.2682 0.0081 15.7931 0.0254
274.404386 -4.961425 3 0.9640000000000001 nan nan nan nan 16.1713 0.0113 15.5124 0.0179
274.32282999999995 -4.845505999999999 7 0.978 17.9272 0.0329 16.6459 0.0142 15.3563 0.0084 14.645 0.0072
274.322251 -4.962788 4 0.977 nan nan nan nan 16.3889 0.0163 15.6962 0.0387
274.42484 -4.938802 4 0.98 nan nan nan nan 16.2583 0.0124 15.5405 0.0361
274.300028 -4.938729 7 0.982 17.0629 0.0327 16.3432 0.0139 15.4614 0.0104 15.0705 0.0082
274.399788 -4.96518 8 0.987 13.3314 0.0075 12.6321 0.0116 11.9795 0.0074 11.6873 0.0249
274.408867 -4.958856 3 0.9620000000000001 nan nan nan nan 17.0851 0.012 16.3249 0.0174
274.365957 -4.832797 4 0.96 nan nan nan nan 16.9893 0.0145 16.2312 0.0192
274.345371 -4.97385 2 0.981 nan nan nan nan 16.3354 0.0202 15.5214 0.0115
274.336337 -4.837269999999999 3 0.98 nan nan nan nan 16.0029 0.0105 15.4498 0.0153
274.38670099999996 -4.971983 7 0.985 16.6687 0.0089 15.1873 0.0105 13.8434 0.0082 13.1404 0.022000000000000002
274.414851 -4.85445 4 0.971 nan nan nan nan 16.4496 0.0482 15.9435 0.008
274.433134 -4.888239 7 0.983 15.7381 0.0133 14.7687 0.0131 13.8029 0.0092 13.3141 0.0075
274.29758599999997 -4.936504 5 0.982 nan nan 16.9076 0.027999999999999997 15.675999999999998 0.0093 15.0406 0.0149
274.289876 -4.905355999999999 6 0.982 18.0151 0.0269 16.7766 0.0297 15.6745 0.0325 15.0792 0.0098
274.300394 -4.866122 4 0.9590000000000001 nan nan nan nan 16.8221 0.0161 16.2234 0.0097
274.41544300000004 -4.954451000000001 6 0.981 16.3154 0.0466 14.7909 0.0116 13.3611 0.013000000000000001 12.6149 0.0117
274.329252 -4.8392669999999995 5 0.95 nan nan nan nan 16.9663 0.0111 16.4683 0.024
274.403431 -4.964737 2 0.9520000000000001 nan nan nan nan 17.3161 0.0453 16.8209 0.0193
274.394899 -4.969775 4 0.9590000000000001 nan nan nan nan 16.8971 0.0126 16.2835 0.0758
274.383597 -4.834236 5 0.976 nan nan nan nan 16.5568 0.0612 15.8494 0.0068
274.426286 -4.867262 4 0.973 nan nan nan nan 16.6503 0.0316 16.0662 0.0269
274.428445 -4.937308 4 0.986 nan nan nan nan 14.2353 0.1295 12.5726 0.1419
274.333393 -4.836613 3 0.98 nan nan nan nan 15.6599 0.0224 14.8692 0.0084
274.436379 -4.907269 7 0.983 16.3886 0.043 15.6164 0.017 14.7804 0.0205 14.3826 0.0074
274.42542599999996 -4.86497 5 0.97 nan nan nan nan 16.653 0.0086 15.9223 0.042
274.42303300000003 -4.86135 4 0.9640000000000001 nan nan nan nan 16.6541 0.02 16.0509 0.0206
274.43714500000004 -4.90244 4 0.976 nan nan nan nan 16.5092 0.0303 15.8139 0.0091
274.348458 -4.831162 3 0.982 nan nan nan nan 15.987 0.0137 14.8309 0.0078
274.288888 -4.891622 3 0.953 nan nan nan nan 17.3522 0.0217 16.7579 0.054000000000000006
274.290524 -4.92443 4 0.961 nan nan nan nan 16.7888 0.0444 16.2761 0.0099
274.436601 -4.914885 6 0.983 17.2757 0.0228 16.2043 0.0131 15.1807 0.015 14.7042 0.017
274.354758 -4.82969 5 0.966 nan nan nan nan 17.0226 0.0609 16.4174 0.0592
274.298174 -4.9431970000000005 6 0.982 18.1468 0.0195 17.0265 0.0234 15.8451 0.0225 15.2388 0.0269
274.287748 -4.895389 4 0.9740000000000001 nan nan nan nan 16.7511 0.0139 16.0846 0.0203
274.369237 -4.8291319999999995 4 0.9520000000000001 nan nan nan nan 17.0627 0.0351 16.3448 0.0102
274.338237 -4.975735 2 0.977 nan nan nan nan 17.1348 0.0241 16.3857 0.0128
274.28678199999996 -4.902096 4 0.975 nan nan nan nan 16.6204 0.0242 15.843 0.0247
274.287844 -4.9177919999999995 4 0.971 nan nan nan nan 16.8033 0.0111 16.0856 0.0274
274.41041 -4.845601 4 0.9570000000000001 nan nan nan nan 16.6828 0.0825 16.0775 0.0113
274.294419 -4.870658000000001 6 0.982 17.5179 0.0155 16.3196 0.0143 15.3735 0.0239 14.8193 0.0096
274.327462 -4.971426999999999 6 0.991 17.384 0.0174 16.0424 0.0123 14.6975 0.0077 13.9951 0.0378
274.289832 -4.881171 5 0.981 nan nan 17.2933 0.0236 16.0629 0.0567 15.4117 0.0154
274.360018 -4.980681 5 0.98 nan nan 17.0373 0.0197 16.0652 0.0111 15.4853 0.0091
274.316049 -4.965582 4 0.973 nan nan nan nan 16.7084 0.0211 16.0668 0.0234
274.291802 -4.935315 7 0.983 16.6006 0.0088 15.3002 0.0127 14.085999999999999 0.0093 13.4178 0.0078
274.439899 -4.90304 6 0.981 17.595 0.0149 16.9088 0.0253 15.9052 0.1025 15.3359 0.1404
274.292015 -4.872337 3 0.9620000000000001 nan nan nan nan 17.0224 0.0258 16.4965 0.0197
274.437511 -4.883875 4 0.965 nan nan nan nan 16.8258 0.0382 16.1541 0.0663
274.415971 -4.960552 3 0.972 nan nan nan nan 16.3516 0.0522 15.7132 0.0131
274.409124 -4.842191000000001 4 0.981 nan nan nan nan 15.9256 0.0144 14.9854 0.0178
274.349851 -4.980884 3 0.983 17.1935 0.0127 nan nan 14.105 0.0109 13.2884 0.0105
274.36812000000003 -4.826544999999999 4 0.97 nan nan nan nan 16.8355 0.0189 16.0942 0.0082
274.414818 -4.846293 5 0.982 nan nan 16.7749 0.0165 15.1751 0.0086 14.4093 0.0079
274.435007 -4.874683 4 0.961 nan nan nan nan 16.2616 0.0176 15.5877 0.0524
274.310118 -4.845985 7 0.983 17.8713 0.0421 16.5864 0.0231 15.1057 0.013999999999999999 14.3252 0.0087
274.298559 -4.9497919999999995 7 0.983 16.4843 0.0124 15.7044 0.0407 14.8488 0.0166 14.4854 0.0164
274.303925 -4.956691999999999 4 0.9790000000000001 nan nan nan nan 16.3195 0.0125 15.7299 0.0228
274.366071 -4.825809 2 0.955 nan nan nan nan 17.166 0.0229 16.4999 0.0147
274.439817 -4.919954 4 0.9620000000000001 nan nan nan nan 17.0787 0.0249 16.2918 0.05
274.378131 -4.981452 6 0.9940000000000001 14.4662 0.0074 12.9927 0.0112 11.7023 0.0074 11.0219 0.012
274.364413 -4.825444999999999 8 0.983 17.1556 0.0176 16.0755 0.0141 15.020999999999999 0.0082 14.5079 0.0311
274.29764 -4.949918 2 0.983 nan nan nan nan 15.5007 0.0112 14.684000000000001 0.0111
274.41270299999996 -4.842548000000001 4 0.963 nan nan nan nan 16.1423 0.0127 15.3767 0.0243
274.346996 -4.826162999999999 3 0.972 nan nan nan nan 16.2891 0.0154 15.5378 0.0166
274.331529 -4.830805000000001 3 0.961 nan nan nan nan 16.6544 0.0266 15.8702 0.0352
274.431369 -4.945022 6 0.983 17.3889 0.0354 16.1148 0.0179 14.8314 0.0196 14.1935 0.0136
274.431094 -4.862896 4 0.9740000000000001 nan nan nan nan 16.6813 0.0177 15.8708 0.0087
274.28295099999997 -4.915453 4 0.981 nan nan 16.7618 0.0117 15.8174 0.0159 15.3675 0.0271
274.304438 -4.959736 5 0.98 18.1731 0.0462 nan nan 16.1532 0.0101 15.6674 0.0275
274.417832 -4.845089 4 0.9790000000000001 nan nan nan nan 16.3897 0.0407 15.8313 0.099
274.402058 -4.833295 6 0.985 17.6934 0.0165 16.3257 0.0155 14.8734 0.0172 14.1705 0.008
274.294529 -4.949375 5 0.9790000000000001 nan nan 17.0543 0.0141 16.1568 0.0109 15.6644 0.0094
274.43742000000003 -4.936818 6 0.9790000000000001 17.180999999999997 0.0339 15.7867 0.0159 14.4153 0.0114 13.6799 0.0092
274.398216 -4.977701000000001 5 0.982 nan nan 17.0707 0.0253 16.0741 0.0292 15.5983 0.0418
274.38534599999997 -4.982798000000001 6 0.983 17.5755 0.0259 16.2226 0.0155 14.838 0.0125 14.0837 0.0161
274.280454 -4.907833999999999 5 0.983 17.2362 0.0484 16.1483 0.0154 15.1237 0.0109 14.5769 0.0083
274.283356 -4.926785 3 0.968 nan nan nan nan 16.7895 0.0154 16.028 0.0115
274.292979 -4.860309 5 0.972 nan nan nan nan 16.8298 0.0499 16.0609 0.0072
274.31223700000004 -4.969380999999999 4 0.968 nan nan nan nan 16.8979 0.0207 16.1674 0.0214
274.44383700000003 -4.918864 6 0.9840000000000001 17.2326 0.0143 15.6411 0.0107 13.9266 0.0218 13.0403 0.0116
274.34659 -4.985507 3 0.983 16.1372 0.0114 nan nan 13.6851 0.0108 13.0337 0.0105
274.29270099999997 -4.85843 4 0.975 nan nan nan nan 16.6191 0.0252 15.8763 0.01
274.38842400000004 -4.983598000000001 4 0.9620000000000001 nan nan nan nan 16.7194 0.012 16.0808 0.0995
274.377854 -4.821894 6 0.9890000000000001 nan nan 16.0858 0.0173 13.2589 0.0172 11.8932 0.0066
274.297153 -4.958231 5 0.986 17.8271 0.0525 16.7524 0.0225 15.5871 0.0384 nan nan
274.278414 -4.892614 3 0.9570000000000001 nan nan nan nan 16.7962 0.0281 16.1566 0.0212
274.376428 -4.820777 1 0.9520000000000001 nan nan nan nan 16.5336 0.0156 nan nan
274.278185 -4.91689 3 0.98 nan nan nan nan 16.4952 0.1267 15.4111 0.0375
274.295888 -4.95753 2 0.978 nan nan nan nan 16.5656 0.0154 15.6904 0.0372
274.40188 -4.9798279999999995 4 0.972 nan nan nan nan 16.5358 0.043 16.0664 0.0254
274.437905 -4.8639339999999995 5 0.976 nan nan nan nan 16.3369 0.0347 15.7636 0.0077
274.324825 -4.9809589999999995 5 0.981 nan nan 16.9749 0.0278 15.8498 0.0092 15.2427 0.0401
274.43275800000004 -4.953188 5 0.986 nan nan 17.1057 0.0176 15.8096 0.0099 15.048 0.0254
274.439592 -4.942396 4 0.968 nan nan nan nan 16.9814 0.0676 16.367 0.0357
274.423236 -4.843451 4 0.963 nan nan nan nan 16.7942 0.057 15.9812 0.0185
274.447223 -4.888962 7 0.983 16.1567 0.0233 15.2123 0.0105 14.3107 0.0129 13.8278 0.0113
274.299343 -4.8459080000000005 7 0.981 17.5799 0.0137 16.4072 0.0189 15.2937 0.0155 14.6806 0.0189
274.443853 -4.875992 4 0.98 nan nan nan nan 16.3078 0.0194 15.5338 0.0086
274.277309 -4.91754 1 0.9670000000000001 nan nan nan nan nan nan 16.3045 0.0139
274.279902 -4.928941 3 0.9790000000000001 nan nan nan nan 16.1762 0.0115 15.5328 0.0173
274.287404 -4.9466 6 0.982 17.5145 0.0174 16.2497 0.0196 15.117 0.0116 14.5022 0.009000000000000001
274.31005 -4.97262 4 0.965 nan nan nan nan 16.8511 0.0091 16.3656 0.0361
274.435562 -4.950181 6 0.98 17.6102 0.0219 16.061 0.0213 14.6693 0.0095 13.9538 0.0189
274.280471 -4.932009 3 0.9590000000000001 nan nan nan nan 16.992 0.0179 16.2616 0.0403
274.32728199999997 -4.825325 5 0.977 nan nan nan nan 16.5045 0.0217 15.7319 0.0198
274.28776400000004 -4.860359 6 0.98 nan nan 17.0566 0.0187 16.0468 0.019 15.5339 0.0075
274.289478 -4.951001 6 0.981 17.6501 0.0387 16.5222 0.0111 15.7238 0.0144 15.3252 0.0255
274.366054 -4.817728 5 0.983 nan nan 16.6046 0.0132 15.3018 0.008 14.5086 0.0078
274.29150899999996 -4.954379 2 0.983 18.2429 0.0451 nan nan 16.3637 0.0162 nan nan
274.305742 -4.970021 4 0.9790000000000001 nan nan nan nan 16.4042 0.026000000000000002 15.7809 0.0584
274.39966400000003 -4.825677 5 0.982 nan nan nan nan 15.8916 0.0458 15.0623 0.0164
274.290937 -4.954407 5 0.982 nan nan 17.3331 0.1466 16.2956 0.0111 15.9358 0.1301
274.403838 -4.827196 4 0.966 nan nan nan nan 16.5013 0.0268 15.6159 0.0265
274.31989300000004 -4.980715 6 0.978 18.1588 0.0409 16.875999999999998 0.0251 15.5806 0.0112 14.9087 0.031
274.281702 -4.870039 4 0.983 nan nan 16.9672 0.0209 15.7186 0.0111 14.9517 0.0081
274.297303 -4.962848 6 0.983 17.5855 0.0225 16.1158 0.0121 14.7977 0.0075 14.0758 0.0181
274.376555 -4.99061 6 0.981 18.1668 0.0308 17.0518 0.0245 16.2147 0.0279 15.7184 0.0328
274.432652 -4.9569410000000005 4 0.98 nan nan nan nan 16.2051 0.0189 15.4698 0.0101
274.351198 -4.991168 2 0.982 nan nan nan nan 15.9277 0.015 15.1543 0.0125
274.41959199999997 -4.971021 6 0.982 16.8672 0.0107 15.5116 0.0146 14.2708 0.0218 13.6295 0.0105
274.27988700000003 -4.934964 4 0.98 nan nan 17.1699 0.0388 16.0224 0.0129 15.4588 0.0086
274.275524 -4.889473000000001 5 0.983 16.8083 0.0379 15.5156 0.0107 14.3786 0.0105 13.6747 0.0084
274.450652 -4.912356 4 0.976 nan nan nan nan 17.1074 0.0494 16.429000000000002 0.0316
274.43827799999997 -4.858468 5 0.981 nan nan nan nan 15.9636 0.0147 15.3122 0.0481
274.355866 -4.815442 6 0.983 nan nan 16.6366 0.0196 14.5624 0.0115 13.5715 0.012
274.446821 -4.933998 5 1.0 12.5122 0.0155 11.0183 0.0119 9.5876 0.0105 nan nan
274.329558 -4.987302 6 0.985 17.6768 0.0137 16.3011 0.0139 14.9806 0.0081 14.2897 0.0471
274.43521699999997 -4.956981 4 0.981 nan nan nan nan 16.3816 0.0299 15.6712 0.0091
274.309845 -4.9769120000000004 5 0.982 nan nan 17.1025 0.0307 16.0129 0.0192 15.3753 0.044000000000000004
274.34927999999996 -4.993307 2 0.95 nan nan nan nan 17.0194 0.027999999999999997 16.3957 0.0208
274.281424 -4.944069 4 0.978 nan nan 17.2263 0.0218 16.2302 0.0123 15.6888 0.0375
274.450766 -4.923989 6 0.991 17.6143 0.0143 15.7989 0.0131 14.0295 0.0082 13.1141 0.0103
274.275961 -4.877007 3 0.9790000000000001 nan nan nan nan 16.4361 0.0172 15.6996 0.0087
274.440443 -4.950712 5 0.9570000000000001 nan nan 17.0201 0.0379 15.9907 0.054000000000000006 15.522 0.0206
274.28148 -4.862181 3 0.9790000000000001 nan nan nan nan 16.1566 0.0119 15.3798 0.0089
274.454039 -4.9032279999999995 4 0.981 nan nan nan nan 16.4089 0.0202 15.6462 0.0107
274.273879 -4.880186 4 0.982 nan nan 16.886 0.0169 15.4665 0.0107 14.7159 0.0129
274.45212000000004 -4.883765 5 0.976 nan nan 16.7919 0.0277 15.659 0.0139 14.9901 0.0105
274.286199 -4.955419999999999 4 0.968 nan nan nan nan 17.0285 0.0117 16.6207 0.08
274.293269 -4.964992 7 0.982 16.9018 0.0133 15.728 0.0109 14.5305 0.0077 13.9296 0.0113
274.3026 -4.8341449999999995 5 0.98 nan nan nan nan 16.0045 0.021 15.4511 0.0164
274.38991400000003 -4.816312 8 0.986 17.0628 0.0273 15.3707 0.0129 13.4251 0.0157 12.4784 0.0061
274.273171 -4.928141 4 0.9840000000000001 15.7987 0.0105 14.1396 0.0105 11.8381 0.0105 10.7644 0.0105
274.380554 -4.994894 4 0.977 nan nan nan nan 16.5345 0.0119 16.1086 0.0786
274.405171 -4.821683 6 0.983 17.1852 0.0167 15.8161 0.0139 14.3718 0.0077 13.6598 0.0165
274.385268 -4.814123 5 0.9790000000000001 nan nan nan nan 16.2042 0.0212 15.5442 0.009000000000000001
274.363925 -4.997313 4 0.982 nan nan nan nan 15.9584 0.0096 15.2114 0.0231
274.287444 -4.84846 5 0.981 nan nan nan nan 15.7216 0.0142 14.967 0.0092
274.410666 -4.82417 5 0.983 nan nan 16.9307 0.0258 15.3501 0.0314 14.571 0.0077
274.398446 -4.990734 4 0.981 nan nan nan nan 16.1337 0.0109 15.4743 0.0502
274.415171 -4.826576 4 0.98 nan nan nan nan 15.841 0.0091 15.2411 0.0268
274.45435499999996 -4.924823 6 0.983 18.0453 0.0452 16.5458 0.0115 15.1997 0.0083 14.4873 0.0075
274.434932 -4.964597 4 0.982 nan nan nan nan 16.1446 0.0149 15.4299 0.0102
274.387785 -4.813585 7 0.991 17.4409 0.0126 16.0293 0.0143 14.6521 0.0189 13.9529 0.0061
274.279947 -4.858455999999999 4 0.9620000000000001 nan nan nan nan 16.9446 0.018000000000000002 16.2357 0.0447
274.453677 -4.8790510000000005 6 0.983 17.8454 0.0239 16.0129 0.0135 14.3509 0.0075 13.4152 0.0075
274.436641 -4.963221 4 0.982 nan nan nan nan 15.9215 0.0197 15.2595 0.0079
274.40621400000003 -4.988302 5 0.982 17.6098 0.033 16.4539 0.0139 15.513 0.012 15.0836 0.0191
274.38529900000003 -4.812273 5 0.981 nan nan nan nan 15.9986 0.0258 15.3471 0.0163
274.423716 -4.976957 3 0.981 nan nan nan nan 14.3216 0.008 12.3575 0.0105
274.358752 -4.999193 4 0.9570000000000001 nan nan nan nan 16.945999999999998 0.03 16.3651 0.0106
274.291264 -4.840801 5 0.982 nan nan 17.0918 0.0202 15.7606 0.0086 14.9591 0.0085
274.289146 -4.96579 4 0.9740000000000001 nan nan nan nan 16.6409 0.0549 15.9082 0.0132
274.28556499999996 -4.846779 8 0.983 16.0147 0.047 14.6164 0.0128 13.3341 0.0091 12.6168 0.0163
274.34986200000003 -4.809005 3 0.972 nan nan nan nan 16.7945 0.0174 16.2814 0.0365
274.285689 -4.962539 6 0.971 17.9828 0.0274 17.0481 0.0399 16.3239 0.0131 15.9105 0.0743
274.345164 -4.809572 3 0.982 nan nan nan nan 15.8199 0.0105 14.9558 0.017
274.442994 -4.850739 7 0.998 11.7785 0.0074 11.2517 0.0166 10.8611 0.0194 10.7448 0.0105
274.457628 -4.884548000000001 6 0.981 17.959 0.0275 16.6181 0.0217 15.2551 0.0074 14.616 0.0162
274.29713799999996 -4.976045 4 0.968 nan nan nan nan 16.6973 0.0553 16.0881 0.0544
274.459625 -4.896735 5 0.99 nan nan 16.4117 0.0216 14.1799 0.0083 13.1096 0.0074
274.265759 -4.892711 4 0.982 nan nan 16.1752 0.0142 14.9038 0.0112 14.2109 0.0172
274.268768 -4.930927 3 0.97 nan nan nan nan 16.672 0.0148 16.0389 0.0093
274.451976 -4.943278 4 0.978 nan nan nan nan 16.2568 0.0156 15.7227 0.0096
274.280602 -4.850746 3 0.9640000000000001 nan nan nan nan 16.8652 0.0148 16.1615 0.0107
274.343355 -4.808426 4 0.981 18.1371 0.0475 nan nan 15.7065 0.0105 15.0548 0.0095
274.268732 -4.874791 5 0.98 16.6666 0.0195 15.2624 0.0127 13.9119 0.0144 13.1193 0.0155
274.423807 -4.980897 6 0.971 16.4513 0.0079 15.2368 0.0132 14.0454 0.0133 13.4361 0.0111
274.264885 -4.916487 3 0.966 nan nan nan nan 16.8153 0.0221 16.2062 0.0237
274.347376 -4.807363 4 0.982 16.6391 0.0108 nan nan 13.9531 0.0108 13.2407 0.013000000000000001
274.265853 -4.884938 4 0.983 nan nan 16.5987 0.0131 14.8674 0.011000000000000001 13.8416 0.0077
274.460105 -4.918303 1 0.9740000000000001 nan nan nan nan 16.5621 0.0183 nan nan
274.298929 -4.828968 4 0.953 nan nan nan nan 16.7499 0.0192 16.0961 0.0121
274.46021 -4.919397 5 0.968 nan nan 17.109 0.0218 15.8639 0.0281 15.3042 0.0819
274.460343 -4.88951 5 0.983 nan nan 16.8573 0.0293 15.2885 0.0078 14.447000000000001 0.0114
274.305096 -4.984602 7 0.986 17.2659 0.022000000000000002 16.3657 0.0127 15.495999999999999 0.0081 15.1103 0.0204
274.292013 -4.973933000000001 3 0.9590000000000001 nan nan nan nan 17.2754 0.019 16.5764 0.0319
274.26888399999996 -4.870903 4 0.981 nan nan 17.034000000000002 0.0473 15.8895 0.0108 15.242 0.0079
274.371554 -4.80548 6 0.983 nan nan nan nan 16.1844 0.0076 15.5347 0.0153
274.292688 -4.975599 4 0.958 nan nan nan nan 16.6837 0.0123 16.2271 0.0274
274.40410299999996 -4.9949069999999995 4 0.977 18.2156 0.0185 nan nan 16.156 0.0099 15.6881 0.018000000000000002
274.460927 -4.886169000000001 4 0.978 nan nan nan nan 16.6348 0.0191 16.0408 0.0358
274.451464 -4.9502690000000005 4 0.983 nan nan nan nan 15.4195 0.0408 14.4777 0.0074
274.298914 -4.826855999999999 8 0.975 16.682000000000002 0.025 15.6683 0.0144 14.7223 0.0362 14.2307 0.0153
274.455831 -4.86726 6 0.983 17.7158 0.0463 16.2998 0.018000000000000002 15.0345 0.0191 14.3098 0.0076
274.442606 -4.964705 7 0.9840000000000001 16.4467 0.0174 15.4924 0.0153 14.5385 0.0238 14.0601 0.0085
274.434299 -4.974344 4 0.966 nan nan nan nan 16.8282 0.0572 16.2662 0.0163
274.407083 -4.814479 6 0.981 17.6332 0.0274 16.5014 0.0239 15.2303 0.0341 14.6651 0.0077
274.433017 -4.975909 4 0.9690000000000001 nan nan nan nan 16.7266 0.0244 16.1092 0.0251
274.340105 -5.002307 2 0.983 nan nan nan nan 15.2404 0.012 14.384 0.0105
274.459602 -4.874777 4 0.9740000000000001 nan nan nan nan 16.5845 0.0114 15.8047 0.0087
274.38439 -5.003051999999999 6 0.983 17.3568 0.017 16.4474 0.013999999999999999 15.5479 0.0083 15.1029 0.0243
274.41337000000004 -4.991996 5 0.977 17.8006 0.0586 16.8501 0.013999999999999999 15.8093 0.022000000000000002 15.3547 0.0166
274.293144 -4.829976 5 0.9790000000000001 nan nan nan nan 16.3403 0.0086 15.6281 0.016
274.46086 -4.931406 4 0.978 nan nan nan nan 16.2666 0.0147 15.7425 0.0086
274.411237 -4.814655999999999 4 0.98 nan nan nan nan 16.0403 0.0302 15.261 0.0128
274.447752 -4.960985 4 0.977 nan nan nan nan 16.2932 0.0148 15.7303 0.0133
274.35859300000004 -5.006392 4 0.982 nan nan nan nan 15.9347 0.0101 15.142000000000001 0.0079
274.368411 -5.006511 4 0.9570000000000001 nan nan nan nan 17.0424 0.0363 16.4413 0.0259
274.299021 -4.984833999999999 4 0.9590000000000001 nan nan nan nan 17.0059 0.0197 16.3825 0.0241
274.44122200000004 -4.838252 7 0.983 17.994 0.0107 16.5128 0.0154 15.037 0.0215 14.2659 0.0098
274.45759 -4.9436290000000005 4 0.98 nan nan nan nan 16.2571 0.0166 15.5236 0.0268
274.46392599999996 -4.922462 4 0.981 nan nan nan nan 16.0023 0.0215 15.1967 0.0076
274.441629 -4.970091 6 0.983 17.5265 0.0168 16.2381 0.0164 14.9524 0.0179 14.3123 0.0079
274.286872 -4.974307 4 0.9740000000000001 nan nan nan nan 16.1173 0.0114 15.4207 0.0109
274.38712200000003 -4.80419 3 0.9670000000000001 nan nan nan nan nan nan 17.1176 0.0244
274.269923 -4.8580239999999995 4 0.983 nan nan 16.4214 0.0137 15.0081 0.0148 14.1933 0.0181
274.46605800000003 -4.898979 4 0.9740000000000001 nan nan nan nan 16.4936 0.0107 15.8522 0.0309
274.445653 -4.84248 7 0.982 18.0911 0.0211 16.8366 0.0269 15.5202 0.0114 14.9622 0.0103
274.39520600000003 -4.8061050000000005 6 0.983 nan nan 16.634 0.015 15.1405 0.0074 14.3729 0.0082
274.431329 -4.826486 7 0.983 17.5026 0.0176 15.9735 0.0188 14.2678 0.017 13.3884 0.0082
274.310838 -4.994274 6 0.983 17.6055 0.0157 16.3271 0.0213 15.1481 0.0077 14.5068 0.0273
274.451083 -4.849383 5 0.976 nan nan nan nan 16.7609 0.0176 16.2316 0.011000000000000001
274.26246299999997 -4.933693 4 0.98 nan nan nan nan 16.0389 0.0405 15.3509 0.0102
274.358975 -4.800319 11 0.9840000000000001 18.0907 0.0446 16.6288 0.0327 15.2735 0.0209 14.5394 0.0122
274.26315800000003 -4.871643 4 0.983 nan nan 16.686 0.0146 15.4031 0.0161 14.5716 0.0089
274.457094 -4.9489980000000005 6 0.982 17.5241 0.0159 16.4381 0.0123 15.4755 0.0157 14.9941 0.0087
274.394258 -5.003728 7 0.983 17.0294 0.0398 15.825 0.012 14.6415 0.0074 14.0175 0.0228
274.33342799999997 -4.803921 4 0.975 nan nan nan nan 16.652 0.0158 15.9651 0.035
274.390537 -5.004881 6 0.981 17.9672 0.0503 16.9786 0.0316 16.1157 0.0231 15.6418 0.0205
274.266084 -4.863231 3 0.9640000000000001 nan nan nan nan 17.0709 0.0144 16.3515 0.0103
274.353518 -4.800176 8 0.976 nan nan nan nan 16.9391 0.0388 16.2973 0.0171
274.44842400000005 -4.9641459999999995 5 0.982 nan nan 16.9906 0.0174 15.7636 0.0316 15.1193 0.0146
274.461074 -4.868308 4 0.9670000000000001 nan nan nan nan 16.4227 0.0149 15.8113 0.0114
274.260618 -4.929894 4 0.982 nan nan nan nan 16.4415 0.0096 15.7766 0.0086
274.444611 -4.969624 4 0.953 nan nan nan nan 16.8691 0.0621 16.3555 0.0105
274.321009 -4.808023 5 0.976 nan nan nan nan 16.6856 0.0496 15.8309 0.0187
274.27160200000003 -4.851447 5 0.981 nan nan 17.0615 0.0132 15.8639 0.0144 15.1646 0.0159
274.398175 -5.00306 1 0.9670000000000001 nan nan nan nan 16.6957 0.0149 nan nan
274.4001 -4.805708 5 0.9790000000000001 nan nan nan nan 16.3683 0.0261 15.6616 0.0155
274.291929 -4.983593 7 0.983 16.1092 0.0461 15.0411 0.0108 14.0876 0.0082 13.5687 0.0183
274.456974 -4.855288 5 0.971 nan nan nan nan 16.7268 0.0123 16.0329 0.019
274.260066 -4.933829 4 0.953 nan nan nan nan 17.5652 0.0245 16.9669 0.0351
274.38436 -4.800223 6 0.981 nan nan nan nan 16.587 0.0245 15.8923 0.0058
274.40178599999996 -5.003117 8 0.982 15.5816 0.0284 14.6825 0.0106 13.8322 0.0078 13.4091 0.0139
274.275845 -4.966597 4 0.981 nan nan 16.7458 0.0155 15.6019 0.0127 14.9425 0.0233
274.469045 -4.895763 4 0.968 nan nan nan nan 17.0052 0.0628 16.3824 0.024
274.41220699999997 -4.809888 4 0.981 nan nan nan nan 15.7678 0.0409 14.9676 0.0075
274.31577999999996 -4.807873000000001 5 0.982 nan nan nan nan 15.8866 0.0181 14.9212 0.0065
274.305569 -4.995257 4 0.958 nan nan nan nan 16.794 0.0219 16.1786 0.0368
274.262243 -4.865175 7 0.983 nan nan 16.8955 0.0121 15.3201 0.0247 14.4406 0.015
274.447649 -4.838449 6 0.983 nan nan 17.0351 0.0468 15.3803 0.0265 14.5031 0.0094
274.449981 -4.841515 4 0.9790000000000001 nan nan nan nan 16.4982 0.0334 15.6614 0.0101
274.269939 -4.849208 6 0.9840000000000001 16.726 0.018000000000000002 15.6304 0.0108 14.4558 0.0165 13.7828 0.0163
274.26541299999997 -4.951224 4 0.981 nan nan 16.8693 0.035 16.0073 0.011000000000000001 15.4997 0.0087
274.3217 -5.003908 4 0.981 nan nan nan nan 16.2163 0.0378 15.6312 0.0457
274.26291000000003 -4.947112000000001 3 0.95 nan nan nan nan 17.1286 0.013000000000000001 16.3935 0.0098
274.38335 -5.010369 7 0.983 16.7078 0.0219 15.7313 0.0105 14.8319 0.0074 14.4202 0.0108
274.345265 -4.797178 6 0.982 nan nan nan nan 16.4904 0.0386 15.7192 0.0088
274.37048799999997 -4.7960400000000005 8 0.977 nan nan nan nan 16.4839 0.0178 15.862 0.0231
274.256853 -4.930818 5 0.981 nan nan nan nan 16.7782 0.0256 16.2294 0.0195
274.259744 -4.9404330000000005 7 0.98 18.0937 0.0318 17.2698 0.0957 16.2774 0.0193 15.7966 0.0139
274.360281 -5.012852 2 0.966 nan nan nan nan 16.6802 0.0326 16.1737 0.0172
274.377816 -4.796591 10 0.9840000000000001 17.8744 0.0354 16.4284 0.0136 14.9365 0.0078 14.1269 0.0069
274.373068 -5.012525 4 0.9740000000000001 nan nan nan nan 16.6513 0.0227 15.9824 0.0116
274.282333 -4.830153 4 0.9740000000000001 nan nan nan nan 16.7644 0.0149 16.003 0.0151
274.371637 -4.795664 2 0.956 nan nan nan nan 17.5641 0.0438 16.923 0.0107
274.470612 -4.920856 5 0.983 nan nan 17.0424 0.0152 15.5053 0.0214 14.732999999999999 0.0074
274.35123799999997 -5.0126610000000005 3 0.9890000000000001 17.7724 0.0202 nan nan 14.7424 0.0105 13.9838 0.0207
274.293929 -4.9892199999999995 4 0.9790000000000001 nan nan nan nan 16.2693 0.0256 15.6036 0.0224
274.349603 -5.012721 1 0.9620000000000001 nan nan nan nan 16.9791 0.0141 nan nan
274.36530899999997 -5.013447 4 0.992 nan nan nan nan 16.7391 0.0348 16.2059 0.0102
274.35898599999996 -5.0134669999999995 5 0.983 nan nan 17.1365 0.0181 15.8882 0.0393 15.194 0.0324
274.387837 -5.010597 4 0.981 nan nan nan nan 15.9908 0.0372 15.3133 0.0141
274.312661 -4.806868 4 0.9570000000000001 nan nan nan nan 17.1193 0.0444 16.3809 0.0075
274.396704 -5.00817 3 0.963 nan nan nan nan 17.1373 0.0147 16.5235 0.0811
274.4722 -4.90909 4 0.978 nan nan nan nan 16.4236 0.0203 15.7084 0.0084
274.379297 -5.012389 4 0.978 nan nan nan nan 16.1341 0.0084 15.5595 0.0344
274.258731 -4.940605000000001 3 0.978 nan nan nan nan 16.5633 0.0116 15.9449 0.0119
274.309957 -4.807728 5 0.978 nan nan nan nan 16.1295 0.0143 15.2302 0.0151
274.35134 -4.794982 7 0.983 nan nan 17.6227 0.0328 16.0618 0.0083 15.2764 0.0053
274.32353900000004 -4.801398000000001 10 0.983 nan nan 16.9926 0.0293 15.378 0.0077 14.4707 0.0081
274.344184 -5.012805999999999 2 0.977 nan nan nan nan 16.236 0.0162 15.7565 0.0121
274.39498599999996 -4.799015 6 0.983 nan nan nan nan 15.9561 0.0091 15.2425 0.0053
274.467237 -4.939780000000001 7 0.983 16.1545 0.0236 15.2461 0.012 14.3785 0.0149 13.9577 0.0074
274.319518 -4.802487999999999 9 0.983 nan nan 16.959 0.047 15.2042 0.009000000000000001 14.2339 0.0058
274.34560899999997 -4.794922 5 0.98 nan nan nan nan 16.5944 0.0374 15.954 0.0064
274.287904 -4.822312999999999 8 0.99 17.0719 0.0155 15.7443 0.0113 14.5313 0.0121 13.8807 0.0139
274.45683199999996 -4.962669 4 0.9740000000000001 nan nan nan nan 16.7377 0.0094 16.0271 0.011000000000000001
274.342345 -5.013083999999999 2 0.973 nan nan nan nan 16.8071 0.0167 16.2738 0.0128
274.429479 -4.815799 5 0.96 nan nan nan nan 16.7454 0.0156 15.9546 0.0107
274.389772 -4.796626 6 0.9740000000000001 nan nan nan nan 16.9051 0.0231 16.1788 0.0139
274.254914 -4.933628 4 0.973 nan nan nan nan 17.0594 0.0137 16.6061 0.0156
274.29985600000003 -4.812202 5 0.9790000000000001 nan nan nan nan 16.3573 0.0296 15.7445 0.0163
274.474352 -4.90832 4 0.971 nan nan nan nan 16.5147 0.0716 16.0077 0.0168
274.296987 -4.813766 7 0.983 17.5514 0.0152 16.4215 0.0109 15.4111 0.0151 14.8203 0.0106
274.29623 -4.994456 6 0.982 17.9326 0.021 17.0656 0.0162 15.8038 0.0119 15.1929 0.0112
274.30607599999996 -5.0009 4 0.966 nan nan nan nan 16.7356 0.0658 16.2941 0.0087
274.265106 -4.848669 5 0.983 nan nan 16.7686 0.019 15.272 0.0141 14.4487 0.012
274.250881 -4.892485 8 0.983 16.5931 0.0413 15.3165 0.0111 14.1926 0.0092 13.5498 0.0089
274.46698100000003 -4.863354 5 0.961 nan nan nan nan 17.1046 0.0101 16.3693 0.0099
274.470646 -4.934264 4 0.98 nan nan nan nan 16.1163 0.0343 15.3664 0.0074
274.258402 -4.946372 5 0.971 nan nan nan nan 16.7418 0.0404 16.0818 0.008
274.39892599999996 -5.010182 4 0.981 nan nan nan nan 15.6935 0.0131 14.9971 0.0288
274.261625 -4.954128 4 0.9670000000000001 nan nan nan nan 17.5143 0.0294 16.9353 0.0175
274.33666 -5.013457 2 0.9740000000000001 nan nan nan nan 16.5571 0.0217 16.2656 0.1143
274.47521800000004 -4.905101999999999 4 0.9740000000000001 nan nan nan nan 16.7227 0.0529 15.9572 0.0267
274.26349300000004 -4.958595 3 0.965 nan nan nan nan 16.5727 0.0105 16.0586 0.0082
274.411475 -5.0058620000000005 6 0.983 16.86 0.0425 16.0077 0.0121 15.1183 0.0248 14.738 0.0119
274.461211 -4.9594059999999995 7 0.993 15.1277 0.0088 13.8495 0.0105 12.6313 0.0211 11.974 0.0077
274.356886 -5.016916 4 0.982 nan nan nan nan 15.944 0.01 15.339 0.0816
274.321677 -5.009484 5 0.977 18.118 0.0585 nan nan 16.3369 0.0276 15.9065 0.0283
274.472609 -4.877851000000001 4 0.98 nan nan nan nan 16.1403 0.0132 15.5002 0.0186
274.313222 -5.005972 4 0.98 nan nan nan nan 16.1583 0.0154 15.5775 0.0343
274.44526 -4.981459 6 0.983 18.1274 0.0472 16.8806 0.0139 15.5027 0.0336 14.7761 0.0109
274.408412 -5.007683 3 0.975 nan nan nan nan 16.5655 0.0306 16.1827 0.0252
274.476193 -4.902114 4 0.98 nan nan nan nan 16.1379 0.0279 15.2906 0.0078
274.44048100000003 -4.821774 5 0.982 nan nan nan nan 15.8027 0.0348 14.9836 0.0119
274.248734 -4.908787 7 0.9840000000000001 17.8716 0.0164 16.6494 0.0225 15.4793 0.008 14.8212 0.0067
274.469679 -4.8657 3 0.951 nan nan nan nan 17.3065 0.0308 16.5839 0.0186
274.398072 -4.796373 5 0.981 nan nan nan nan 15.9601 0.0306 15.3161 0.0086
274.248631 -4.898887 4 0.9790000000000001 nan nan nan nan 16.5225 0.0454 15.9075 0.0094
274.475965 -4.915882 4 0.9590000000000001 nan nan nan nan 17.0031 0.0179 16.2721 0.009000000000000001
274.29389399999997 -4.813232 5 0.9620000000000001 nan nan nan nan 17.0892 0.0573 16.174 0.0153
274.450913 -4.832056 5 0.976 nan nan nan nan 16.6951 0.0225 15.8447 0.0066
274.402035 -5.011146 7 0.983 16.6417 0.055 15.7922 0.0133 14.9254 0.0076 14.5287 0.011000000000000001
274.4 -4.796608 5 0.963 nan nan nan nan 16.9828 0.0467 16.0755 0.0321
274.25867900000003 -4.952154 4 0.9570000000000001 nan nan nan nan 17.3378 0.0266 16.7829 0.019
274.466606 -4.856818 5 0.9690000000000001 nan nan nan nan 16.644000000000002 0.0117 15.8198 0.0087
274.29418799999996 -4.99608 4 0.9740000000000001 nan nan nan nan 16.5228 0.0365 15.9531 0.0116
274.470821 -4.942019 4 0.9690000000000001 nan nan nan nan 16.7328 0.0363 16.0523 0.0247
274.249296 -4.8853 4 0.956 nan nan nan nan 17.1088 0.033 16.6353 0.0393
274.267208 -4.9680860000000004 4 0.973 nan nan 17.1281 0.0347 16.2073 0.0131 15.7089 0.0176
274.399804 -5.01255 7 0.983 16.9422 0.019 15.4221 0.0105 14.0551 0.0074 13.2995 0.0199
274.24904 -4.923401 7 0.985 17.7703 0.0257 16.0761 0.0179 14.1984 0.025 13.2764 0.0152
274.425329 -5.00042 4 0.981 nan nan nan nan 16.0282 0.0152 15.4056 0.0337
274.255062 -4.945683 4 0.955 nan nan nan nan 17.0222 0.0252 16.4389 0.0129
274.290375 -4.814726 4 0.977 nan nan nan nan 16.4368 0.0082 15.7266 0.0085
274.247162 -4.911789 4 0.9520000000000001 nan nan nan nan 17.3918 0.025 16.6928 0.0098
274.246798 -4.902381 5 0.9790000000000001 nan nan nan nan 16.6531 0.0364 15.8366 0.0085
274.478106 -4.897175 4 0.963 nan nan nan nan 16.8225 0.0116 16.132 0.0206
274.47661600000004 -4.924498000000001 4 0.958 nan nan nan nan 16.4001 0.0104 15.609000000000002 0.0111
274.247452 -4.918511 7 0.983 17.6196 0.0147 16.5642 0.0206 15.4382 0.0143 14.8207 0.006999999999999999
274.346114 -5.018688 3 0.983 18.1125 0.0511 nan nan 15.0235 0.0108 14.1858 0.0105
274.47654700000004 -4.882480999999999 7 0.982 16.8746 0.0102 15.7312 0.0165 14.662 0.015 14.1386 0.0074
274.326616 -5.014311 8 0.983 14.9752 0.0076 14.0772 0.0105 13.3577 0.0074 13.0784 0.0294
274.25150099999996 -4.938409 5 0.9790000000000001 nan nan nan nan 17.0405 0.0112 16.4086 0.0083
274.254884 -4.947998 5 0.98 nan nan nan nan 15.9319 0.0271 15.2322 0.0105
274.276358 -4.982025 5 0.987 15.4957 0.0105 14.0105 0.011000000000000001 12.6576 0.0122 11.9672 0.0074
274.354184 -5.019826 6 0.982 17.6151 0.0216 16.5856 0.0163 15.69 0.0081 15.1975 0.0094
274.383471 -5.018237 4 0.983 nan nan nan nan 15.2886 0.0426 14.1347 0.0435
274.359894 -5.020112999999999 6 0.9840000000000001 17.3423 0.0357 16.1496 0.027000000000000003 15.2382 0.0165 14.7582 0.0259
274.255531 -4.950254 8 0.988 16.971 0.0318 15.6042 0.0114 14.1748 0.013000000000000001 13.4069 0.0068
274.26819900000004 -4.835909 4 0.965 nan nan nan nan 16.5492 0.0145 16.0201 0.0074
274.33009 -4.792608 7 0.982 nan nan nan nan 16.3302 0.0129 15.472999999999999 0.0144
274.316403 -4.797254 8 0.982 nan nan 17.5318 0.0217 16.0681 0.0088 15.2481 0.0068
274.264048 -4.967214 4 0.982 nan nan 16.9592 0.019 15.7594 0.0155 15.140999999999998 0.0227
274.261774 -4.844930000000001 6 0.983 nan nan 16.9242 0.0121 15.7074 0.0083 15.0105 0.0099
274.278262 -4.9852300000000005 3 0.973 nan nan nan nan 16.7137 0.1181 15.8032 0.0306
274.347917 -4.788437999999999 6 0.981 nan nan nan nan 16.949 0.0088 15.98 0.0084
274.34747999999996 -5.020012 3 0.98 18.028 0.0209 nan nan 16.0403 0.0174 15.5022 0.0118
274.364538 -5.021116 5 0.9840000000000001 nan nan 16.6185 0.0266 15.2872 0.0098 14.5374 0.0126
274.26106 -4.963003 8 0.9840000000000001 16.8496 0.0085 15.9557 0.0129 15.1124 0.0087 14.7059 0.0114
274.312434 -4.79838 10 0.9840000000000001 18.0649 0.0415 16.8378 0.0265 15.3706 0.0084 14.5003 0.0051
274.269907 -4.832111 5 0.982 nan nan 16.6238 0.032 15.7845 0.0148 15.2846 0.0086
274.372406 -4.787408999999999 12 0.985 16.3981 0.0299 15.375 0.0182 14.3731 0.0078 13.8801 0.0097
274.479716 -4.892022 4 0.961 nan nan nan nan 17.0672 0.0173 16.4416 0.0214
274.453934 -4.830129 7 0.986 17.6559 0.0493 16.0504 0.0187 14.5538 0.0074 13.7465 0.0091
274.42084900000003 -4.801923 5 0.977 nan nan nan nan 16.5709 0.0305 15.809000000000001 0.0083
274.399081 -4.792267 7 0.983 17.9354 0.027999999999999997 16.6139 0.0123 15.148 0.0247 14.3935 0.0062
274.428108 -4.806148 5 0.983 nan nan nan nan 15.5174 0.0131 14.7005 0.0063
274.384911 -5.020053 1 0.965 nan nan nan nan 16.7749 0.0194 nan nan
274.285509 -4.814608 9 0.985 14.3998 0.0176 13.6503 0.0105 13.1267 0.0084 12.894 0.0139
274.262718 -4.840651 4 0.971 nan nan nan nan 16.6586 0.0219 16.0533 0.0266
274.358946 -5.022374 7 0.986 17.134 0.0154 15.4096 0.0124 13.4507 0.0079 12.4681 0.011000000000000001
274.42190899999997 -5.006605 3 0.977 nan nan nan nan 16.7432 0.0325 16.1209 0.0138
274.299845 -5.004759 4 0.98 nan nan nan nan 16.1002 0.0089 15.4779 0.0291
274.28364700000003 -4.815619 5 0.9840000000000001 nan nan 15.4645 0.0111 13.6023 0.0155 12.6038 0.0099
274.481599 -4.905015000000001 5 0.9790000000000001 nan nan 17.1241 0.0174 16.1739 0.0107 15.5962 0.0081
274.396075 -5.018135 7 0.983 16.4852 0.0412 15.3517 0.0105 14.2944 0.0074 13.7605 0.023
274.24394 -4.916821 8 0.983 16.496 0.0405 15.5058 0.0174 14.61 0.0131 14.1532 0.0093
274.267156 -4.975667 3 0.951 nan nan nan nan 16.9601 0.0291 16.4741 0.0304
274.252271 -4.949705000000001 4 0.975 nan nan nan nan 17.0411 0.0343 16.5583 0.0328
274.259123 -4.963669 8 0.998 17.0816 0.0119 15.4548 0.011000000000000001 13.609000000000002 0.0175 12.7019 0.0061
274.408092 -5.01415 5 0.983 18.1166 0.0282 16.3976 0.0263 14.7759 0.0276 13.9679 0.0115
274.293016 -4.80746 7 0.9840000000000001 16.7202 0.0112 15.0305 0.0106 13.3598 0.0074 12.4279 0.0123
274.25314199999997 -4.952207 7 0.982 17.4605 0.023 16.1776 0.0145 15.0537 0.0104 14.4285 0.0064
274.392402 -4.788766000000001 9 0.9840000000000001 16.3199 0.0216 15.2033 0.0131 14.0617 0.028999999999999998 13.5024 0.0053
274.367127 -5.023505 4 0.9740000000000001 nan nan nan nan 16.6719 0.0151 15.9811 0.0105
274.466312 -4.965269999999999 4 0.97 nan nan nan nan 16.6931 0.0096 15.9239 0.0086
274.304435 -4.798914 7 0.981 nan nan nan nan 16.7244 0.0156 15.8737 0.0114
274.245589 -4.874608 5 0.9740000000000001 nan nan nan nan 16.65 0.0478 16.245 0.0093
274.267928 -4.829594999999999 3 0.972 nan nan nan nan 16.6842 0.017 15.9723 0.0079
274.250172 -4.948189 6 0.9840000000000001 nan nan 17.1618 0.0216 15.5879 0.0326 14.947000000000001 0.0068
274.389375 -5.021525 4 0.953 nan nan nan nan 16.924 0.0186 16.3297 0.032
274.356876 -4.7840419999999995 12 0.987 16.859 0.0143 15.0953 0.0387 13.1904 0.0131 12.1891 0.0082
274.306019 -5.010758 4 0.9790000000000001 nan nan nan nan 16.3833 0.0838 15.6505 0.0296
274.41691000000003 -5.011952 4 0.982 nan nan 17.0793 0.0106 15.7622 0.008 15.165 0.0133
274.24221600000004 -4.890846 3 0.9590000000000001 nan nan nan nan 17.2704 0.0302 16.7518 0.0139
274.285008 -4.997214 8 0.991 12.9949 0.0076 12.3639 0.0111 11.9478 0.012 11.7817 0.0126
274.45236600000004 -4.985415 6 0.983 18.0385 0.0159 16.7067 0.0257 15.4056 0.015 14.7429 0.0083
274.31112 -4.794682 3 0.9740000000000001 nan nan nan nan 17.3765 0.0151 16.5205 0.0151
274.242261 -4.92091 4 0.9670000000000001 nan nan nan nan 17.4426 0.0225 17.0436 0.0454
274.424832 -4.800233 10 0.982 nan nan 16.6934 0.011000000000000001 15.0095 0.0145 14.1645 0.006
274.413551 -5.014329 3 0.971 nan nan nan nan 16.4001 0.0129 15.8238 0.0174
274.248518 -4.946803 4 0.953 nan nan nan nan 17.4967 0.0365 16.794 0.0255
274.462847 -4.835516 5 0.98 nan nan nan nan 16.2456 0.0381 15.5311 0.0111
274.327587 -5.0206 4 0.965 nan nan nan nan 16.933 0.0624 16.3483 0.0661
274.47256699999997 -4.9565470000000005 4 0.981 nan nan nan nan 16.5308 0.0134 15.9496 0.0096
274.279205 -4.815313 4 0.982 nan nan 16.2668 0.0133 15.259 0.013999999999999999 14.7017 0.0079
274.25298300000003 -4.958152 8 0.991 16.659000000000002 0.0275 15.7857 0.0106 15.038 0.0245 14.6493 0.0068
274.265141 -4.977784 4 0.981 nan nan 16.444000000000003 0.0134 15.633 0.0107 15.2972 0.0306
274.38780299999996 -4.785158 7 0.983 nan nan 17.0581 0.0161 15.3042 0.0136 14.4055 0.0054
274.44640499999997 -4.992905 7 0.983 16.6766 0.0218 15.1542 0.0121 13.6897 0.0246 12.9188 0.0077
274.41657000000004 -5.013674 5 0.982 18.0106 0.0302 17.1207 0.0332 16.1694 0.0538 15.7231 0.0166
274.45115899999996 -4.98838 5 0.982 nan nan 17.1338 0.0159 15.7812 0.0177 15.1085 0.0089
274.309826 -4.79407 8 0.982 nan nan nan nan 16.0732 0.0202 15.2641 0.0217
274.410957 -5.01635 3 0.977 nan nan nan nan 16.2758 0.0248 15.7345 0.0149
274.303139 -4.79747 8 0.983 nan nan 17.1003 0.0248 15.6207 0.0062 14.7461 0.0067
274.469478 -4.84425 4 0.9520000000000001 nan nan nan nan 17.1839 0.0179 16.5858 0.0275
274.278502 -4.993638 3 0.972 nan nan nan nan 16.4707 0.0122 15.8854 0.0128
274.36413500000003 -4.781766999999999 5 0.9790000000000001 nan nan nan nan 17.0618 0.0169 16.2069 0.0166
274.345714 -5.02576 2 0.972 nan nan nan nan 16.8099 0.0123 16.1449 0.0116
274.437875 -5.001336 4 0.978 nan nan nan nan 16.4602 0.0365 15.7545 0.0279
274.46171 -4.830874 5 0.972 nan nan nan nan 16.8203 0.0412 15.9976 0.0094
274.350184 -4.78164 6 0.975 nan nan nan nan 16.8899 0.0094 16.124000000000002 0.0108
274.479071 -4.945468 4 0.972 nan nan nan nan 16.816 0.0102 15.9892 0.0093
274.29251400000004 -5.005966 4 0.9520000000000001 nan nan nan nan 17.0615 0.0116 16.3648 0.0258
274.321518 -5.020703 5 0.983 nan nan 16.9167 0.0254 15.6621 0.012 15.038 0.0438
274.35231 -4.781152 10 0.978 nan nan 16.833 0.0884 15.4141 0.0082 14.5446 0.0132
274.238728 -4.912399 3 0.968 nan nan nan nan 17.5153 0.032 16.8815 0.0151
274.238447 -4.89891 8 1.0 15.9149 0.0082 14.6529 0.0105 13.4978 0.0079 12.8312 0.0062
274.407822 -5.019492 3 0.972 nan nan nan nan 16.6995 0.0257 16.0204 0.0132
274.316122 -4.789421 10 0.983 nan nan 16.9994 0.0105 15.4942 0.0167 14.6394 0.0048
274.311248 -4.791474 8 0.983 nan nan 17.2817 0.0264 15.6907 0.0094 14.8165 0.0048
274.241136 -4.930916000000001 4 0.975 nan nan nan nan 16.5238 0.0106 15.8496 0.0106
274.25419500000004 -4.965024 5 0.975 nan nan nan nan 16.8099 0.0159 16.3695 0.0203
274.258749 -4.972695 6 0.983 nan nan 16.9135 0.0142 15.6037 0.0083 14.9224 0.0062
274.428548 -5.00934 4 1.0 14.6235 0.0348 12.8043 0.0105 10.0969 0.0126 nan nan
274.407663 -4.788698 6 0.971 nan nan nan nan 16.3941 0.0115 15.5495 0.0081
274.247179 -4.857609 7 0.981 17.5794 0.0217 16.6636 0.027999999999999997 15.7527 0.0349 15.253 0.0075
274.23873199999997 -4.890918 5 0.963 nan nan nan nan 17.1338 0.0126 16.6154 0.0144
274.241271 -4.875508 3 0.978 nan nan nan nan 16.9149 0.0233 16.2654 0.0103
274.442949 -4.9991959999999995 7 0.9840000000000001 15.6873 0.0353 14.7256 0.0107 13.7805 0.0299 13.3289 0.0074
274.35861800000004 -5.02862 4 0.976 nan nan nan nan 16.5053 0.015 15.8734 0.0108
274.455369 -4.987607 4 0.971 nan nan nan nan 16.6427 0.0286 15.8767 0.0094
274.29722999999996 -5.010466 4 0.9790000000000001 nan nan nan nan 16.3593 0.0109 15.7148 0.0399
274.255028 -4.840466999999999 4 0.953 nan nan nan nan 17.8292 0.0454 17.2915 0.012
274.476001 -4.851491 4 0.978 nan nan nan nan 16.6292 0.0106 15.8646 0.0099
274.481367 -4.864539 5 0.983 nan nan nan nan 15.7564 0.0341 14.7673 0.0151
274.241287 -4.9364040000000005 5 0.976 nan nan nan nan 17.0924 0.0159 16.6393 0.0445
274.467375 -4.835287 6 0.982 nan nan 16.991 0.0128 15.7969 0.0381 15.1228 0.0416
274.352673 -5.029077 7 0.992 16.0945 0.023 15.2358 0.0108 14.4459 0.0204 14.0386 0.0135
274.306155 -4.792313 6 0.9670000000000001 nan nan nan nan 17.5702 0.0277 16.7914 0.0079
274.385902 -4.781134 6 0.972 nan nan nan nan 17.1651 0.1021 16.5883 0.0092
274.237454 -4.918080000000001 5 0.982 nan nan nan nan 16.433 0.0094 15.7159 0.0084
274.31287799999996 -5.019532 5 0.982 nan nan 17.1461 0.0218 15.9539 0.0171 15.3576 0.0712
274.278238 -4.997629 5 0.983 16.7999 0.0186 15.6034 0.0144 14.450999999999999 0.0118 13.8671 0.0112
274.237006 -4.9159370000000004 5 0.97 nan nan nan nan 16.8701 0.0164 16.3086 0.0078
274.479639 -4.857756 5 0.976 nan nan nan nan 16.4576 0.0134 15.6348 0.0096
274.34164100000004 -4.78027 6 0.981 nan nan nan nan 17.1496 0.0828 16.2694 0.008
274.409096 -5.021095 3 0.972 nan nan nan nan 16.8831 0.0129 16.2764 0.0146
274.395888 -4.78285 5 0.98 nan nan nan nan 16.4088 0.0435 15.5535 0.0095
274.420888 -4.792402 8 0.981 nan nan 17.2364 0.0225 15.5694 0.0171 14.6939 0.0071
274.235966 -4.9101669999999995 8 0.986 15.3409 0.0393 13.8304 0.0108 12.4598 0.0105 11.679 0.0061
274.370146 -4.778241 13 0.99 14.5375 0.0203 13.5556 0.0154 12.5684 0.0074 12.0497 0.0082
274.270359 -4.990915 4 0.981 nan nan 16.8553 0.0341 15.8719 0.0131 15.325999999999999 0.0075
274.238612 -4.8760900000000005 6 0.983 nan nan 16.6909 0.0342 14.5018 0.0159 13.394 0.006999999999999999
274.487434 -4.927818 7 0.985 16.3466 0.0384 14.802999999999999 0.0117 13.3321 0.023 12.5464 0.0074
274.463807 -4.827647 5 0.977 nan nan nan nan 16.3927 0.0137 15.8193 0.0081
274.236017 -4.890334999999999 5 0.982 nan nan nan nan 16.7326 0.0125 16.1058 0.0154
274.23523 -4.904318 8 0.983 16.8631 0.0317 15.659 0.1325 13.9325 0.0237 13.1474 0.0228
274.307904 -5.018827 4 0.98 nan nan nan nan 16.236 0.0086 15.69 0.0256
274.401258 -5.025196 6 0.983 17.1647 0.0298 15.8546 0.0105 14.5576 0.0138 13.8929 0.0091
274.27158399999996 -4.815066000000001 4 0.968 nan nan nan nan 16.6831 0.018000000000000002 16.0803 0.0105
274.242169 -4.861566000000001 6 0.982 nan nan 16.9912 0.0151 15.8267 0.0551 15.0796 0.0065
274.25390899999996 -4.971486 8 0.9990000000000001 16.4495 0.0122 15.5504 0.0164 14.7445 0.016 14.3419 0.0061
274.44022 -4.803053 8 0.982 nan nan nan nan 16.6942 0.0142 16.02 0.0076
274.48769300000004 -4.87784 6 0.982 18.1183 0.0306 16.8025 0.0155 15.4476 0.0172 14.7245 0.0359
274.480843 -4.9527980000000005 4 0.975 nan nan nan nan 16.586 0.0122 15.9596 0.0286
274.35719500000005 -4.776472 6 0.97 nan nan nan nan 17.6705 0.0254 16.9533 0.0418
274.389681 -4.779162 6 0.9790000000000001 nan nan nan nan 16.9737 0.0576 16.3246 0.0134
274.490298 -4.91747 4 0.98 nan nan nan nan 16.2376 0.0255 15.5627 0.0078
274.243398 -4.856029 6 0.975 nan nan nan nan 16.8201 0.018000000000000002 16.2975 0.0232
274.25257400000004 -4.837743 8 0.9990000000000001 17.8691 0.0162 16.2345 0.0149 14.6512 0.0222 13.7661 0.011000000000000001
274.474457 -4.84106 7 0.983 17.3018 0.0261 15.937999999999999 0.0149 14.7122 0.0075 14.0271 0.0156
274.432431 -4.796394 7 0.9790000000000001 nan nan nan nan 17.1534 0.0532 16.3034 0.0135
274.40277599999996 -4.782249 4 0.9590000000000001 nan nan nan nan 16.8111 0.0309 16.2435 0.0275
274.259236 -4.9814099999999994 6 0.982 nan nan 17.0795 0.0152 15.9984 0.0122 15.3871 0.0108
274.233389 -4.903169 2 0.987 nan nan nan nan 17.5046 0.0233 16.9059 0.0176
274.234985 -4.924816000000001 5 0.976 nan nan nan nan 17.0534 0.0677 16.4576 0.0243
274.459329 -4.819068 4 0.9620000000000001 nan nan nan nan 17.0236 0.0099 16.2615 0.0093
274.33407900000003 -5.029937 2 0.966 nan nan nan nan 16.6797 0.0149 16.2493 0.0219
274.29449 -4.794586 5 0.961 nan nan nan nan 17.649 0.0162 17.002 0.0072
274.375619 -4.775999 8 0.983 nan nan nan nan 15.050999999999998 0.0356 13.2402 0.0447
274.49190600000003 -4.902044999999999 4 0.956 nan nan nan nan 17.0211 0.0411 16.4141 0.0098
274.491961 -4.898267 4 0.963 nan nan nan nan 16.9241 0.0106 16.2532 0.0098
274.235392 -4.930802 7 0.982 17.3255 0.0193 16.4377 0.0133 15.7009 0.0095 15.3207 0.0062
274.240888 -4.858769000000001 4 0.956 nan nan nan nan 17.5373 0.0402 16.919 0.0167
274.300301 -4.790522 8 0.982 nan nan nan nan 16.3184 0.0073 15.4251 0.0104
274.25011 -4.8390580000000005 6 0.982 nan nan nan nan 16.956 0.0779 16.2204 0.0127
274.245491 -4.9610080000000005 4 0.968 nan nan nan nan 17.0907 0.0135 16.646 0.0339
274.398325 -5.029141 4 0.9640000000000001 nan nan nan nan 17.137999999999998 0.0253 16.6397 0.0318
274.38885899999997 -4.776997 5 0.977 nan nan nan nan 17.2721 0.0119 16.7236 0.0181
274.24669500000005 -4.9644260000000004 4 0.9790000000000001 nan nan nan nan 16.7106 0.0696 16.1645 0.0088
274.492944 -4.9115470000000006 4 0.958 nan nan nan nan 17.0362 0.0165 16.394000000000002 0.0195
274.487614 -4.866642 5 0.982 nan nan 16.9573 0.0204 15.4981 0.0087 14.6664 0.0078
274.384302 -5.0326830000000005 2 0.961 nan nan nan nan 16.9166 0.0114 16.3698 0.0122
274.368073 -4.774101 8 0.956 nan nan nan nan 16.6678 0.0281 15.7141 0.0179
274.382907 -5.033225 6 0.983 17.8155 0.0349 16.747 0.0336 15.5012 0.0222 14.82 0.0316
274.286154 -5.010374 6 0.982 18.1545 0.0216 16.8709 0.0281 15.5784 0.0081 14.9117 0.013000000000000001
274.459187 -4.9924800000000005 4 0.968 nan nan nan nan 16.6375 0.0129 16.0944 0.0093
274.471055 -4.8309690000000005 4 0.981 nan nan nan nan 15.9916 0.0264 15.2622 0.0088
274.25633799999997 -4.98097 2 0.98 17.9112 0.0981 nan nan 16.0773 0.0211 nan nan
