ra dec ngood class_star g_psf e_g_psf r_psf e_r_psf i_psf e_i_psf z_psf e_z_psf
101.034328 -51.284271000000004 14 0.97 18.8256 0.0067 18.5004 0.0119 18.3289 0.0156 18.288 0.033
101.025961 -51.279769 43 0.997 14.5098 0.004 14.5562 0.0046 14.6933 0.0042 14.7703 0.0086
101.016876 -51.282272999999996 34 0.985 16.8069 0.0044 16.436 0.0043 16.2176 0.0049 16.1598 0.0074
101.02502700000001 -51.271513 45 0.995 15.1545 0.0047 14.8644 0.0045 14.6787 0.0043 14.6389 0.0053
101.061219 -51.292324 19 0.9790000000000001 18.1177 0.0098 17.7502 0.0116 17.4167 0.0263 17.4223 0.0329
101.006281 -51.282543 20 0.9790000000000001 18.3298 0.0057 17.8944 0.0053 17.6091 0.0082 17.4872 0.0079
101.015485 -51.267443 24 0.982 18.0237 0.0076 17.7674 0.006 17.6044 0.0083 17.564 0.0405
101.06676800000001 -51.271205 13 0.968 18.6286 0.0065 18.3554 0.0092 18.1626 0.0108 18.0945 0.0401
101.022665 -51.302181 24 0.981 17.8712 0.0055 17.3685 0.0046 17.0627 0.0093 16.9594 0.0081
101.05818599999999 -51.300548 11 0.9540000000000001 19.9677 0.0127 19.028 0.0194 18.1329 0.0113 17.733 0.0237
101.03807900000001 -51.305065 27 0.983 17.0925 0.0075 16.7334 0.0068 16.4628 0.0084 16.3433 0.0111
101.02274799999999 -51.25992 18 0.98 18.9797 0.0173 18.0628 0.01 17.2413 0.0078 16.9558 0.0168
100.998837 -51.276771999999994 32 0.983 16.7811 0.0068 16.4123 0.0057 16.2079 0.0056 16.1534 0.0075
101.00465799999999 -51.296018 11 0.953 19.4885 0.0089 19.1107 0.0081 18.9007 0.0139 18.832 0.0311
100.99664200000001 -51.281523 40 0.99 16.0082 0.0043 15.5727 0.0039 15.2896 0.0042 15.1872 0.0061
101.03781 -51.255957 16 0.961 18.575 0.0109 17.7435 0.0075 17.0291 0.0284 16.7562 0.0126
101.051333 -51.257329 12 0.9690000000000001 18.9994 0.0072 18.475 0.0172 18.1105 0.0101 17.9823 0.0414
100.99396800000001 -51.283017 43 0.9940000000000001 15.1182 0.004 14.8245 0.0043 14.6527 0.0041 14.6219 0.0065
101.052571 -51.306872999999996 20 0.983 17.3254 0.0171 16.7022 0.0092 16.2962 0.006 16.1606 0.0131
101.02908199999999 -51.308549 31 0.983 17.2707 0.006999999999999999 16.9708 0.0083 16.7867 0.0104 16.7568 0.0087
100.998931 -51.295761999999996 13 0.96 18.6554 0.0067 18.4053 0.0063 18.2572 0.0114 18.1586 0.0132
101.00914300000001 -51.307007 27 1.0 10.8706 0.0061 10.8424 0.0055 10.9123 0.0062 10.9685 0.0074
100.991063 -51.270264000000005 20 0.981 19.2436 0.0179 18.2951 0.0086 16.6891 0.0047 16.0784 0.0057
101.07950600000001 -51.267558 23 0.982 17.6845 0.0048 17.2168 0.0059 16.92 0.0078 16.7787 0.0083
101.07040400000001 -51.304716 33 0.99 16.2072 0.0046 15.8772 0.0049 15.689 0.0043 15.6186 0.0074
101.081387 -51.296443 19 0.981 18.5917 0.013000000000000001 18.2612 0.0081 18.0537 0.0108 17.9822 0.0089
101.07343399999999 -51.306502 18 0.975 18.516 0.0113 18.0043 0.0101 17.6227 0.0063 17.5087 0.0156
101.083388 -51.264979 14 0.9640000000000001 19.2348 0.0093 18.7006 0.006999999999999999 18.2808 0.0089 18.1825 0.0148
101.060672 -51.313307 18 0.982 17.9078 0.0144 17.2155 0.0084 16.7738 0.0058 16.542 0.0324
101.089453 -51.294171 43 0.9840000000000001 16.2303 0.0085 15.9445 0.0065 15.7756 0.0069 15.7401 0.0117
101.073481 -51.310424 18 0.978 18.3623 0.0055 18.0027 0.006 17.77 0.0117 17.699 0.0096
100.996742 -51.309383000000004 20 0.982 18.1562 0.006 17.444000000000003 0.0076 16.9045 0.0065 16.656 0.0069
101.017933 -51.318137 18 0.978 18.984 0.0088 18.1442 0.0085 17.4445 0.0077 17.1301 0.0144
101.076767 -51.25359 17 0.972 20.3231 0.0146 19.319000000000003 0.01 17.9166 0.0184 17.3789 0.038
100.985737 -51.303247 42 0.997 15.43 0.0055 15.0933 0.0038 14.9001 0.004 14.8485 0.0111
101.09161 -51.261282 41 0.988 16.0446 0.0043 15.734000000000002 0.0043 15.5384 0.0049 15.4996 0.0056
101.089345 -51.306681 16 0.975 19.5036 0.0113 18.5792 0.0103 17.7166 0.0093 17.3941 0.0181
101.017028 -51.242333 22 0.983 17.7767 0.0088 16.930999999999997 0.0103 16.2277 0.0048 15.9347 0.0071
100.97284 -51.268282 16 0.9690000000000001 19.3622 0.0082 18.502 0.0148 17.8401 0.0105 17.6032 0.0117
100.970229 -51.273238 16 0.9690000000000001 18.7983 0.0056 18.4867 0.0084 18.2721 0.0065 18.1737 0.0097
100.965213 -51.277246999999996 13 0.9740000000000001 20.0578 0.0103 19.0462 0.0085 17.6442 0.0101 17.0984 0.013999999999999999
101.00920699999999 -51.325201 24 0.983 17.6 0.0076 16.9158 0.005 16.379 0.0061 16.1559 0.0066
101.090976 -51.313621999999995 28 0.982 17.3635 0.0051 17.0769 0.0114 16.9171 0.0053 16.8543 0.0073
101.073148 -51.323408 18 0.9670000000000001 18.7144 0.006 18.3423 0.0063 18.0673 0.0125 17.9675 0.0257
101.10222900000001 -51.309154 21 0.978 18.0735 0.0056 17.7965 0.0072 17.6294 0.0106 17.6266 0.0158
100.96798199999999 -51.254090999999995 16 0.975 18.4497 0.0129 17.962 0.0117 17.6637 0.0126 17.538 0.0082
101.10311899999999 -51.252703000000004 41 1.0 13.4855 0.0049 13.0615 0.0043 12.8447 0.004 12.7818 0.0053
101.065004 -51.329962 24 0.982 17.46 0.0115 17.1444 0.0131 16.9501 0.0051 16.8743 0.0102
100.98735500000001 -51.323488 15 0.951 18.6514 0.0063 18.3678 0.008 18.1986 0.0061 18.2157 0.0574
101.08624499999999 -51.240869 14 0.966 19.8876 0.0184 18.9899 0.0089 18.0681 0.0177 17.7392 0.0133
100.95140699999999 -51.27325 17 0.976 17.8608 0.0115 17.5939 0.0073 17.4317 0.0072 17.4457 0.0169
100.96371500000001 -51.250933 17 0.9840000000000001 17.7215 0.0064 16.9025 0.0068 16.242 0.0067 15.933 0.0082
101.046355 -51.227171999999996 21 0.9670000000000001 17.4868 0.0095 16.6062 0.015 15.2745 0.0242 14.7634 0.0388
101.05787 -51.228168 13 0.973 18.7108 0.0087 18.3072 0.0129 18.0143 0.0077 17.8986 0.031
100.947125 -51.277228 14 0.981 18.227 0.0108 17.4916 0.0076 16.9834 0.0094 16.7598 0.0072
100.967586 -51.244394 17 0.971 18.7698 0.0074 18.2717 0.0058 17.8973 0.0114 17.7152 0.0092
100.989975 -51.33161 42 1.0 14.251 0.0043 13.8822 0.0038 13.6892 0.0043 13.6388 0.0054
100.962666 -51.317638 15 0.9690000000000001 18.4457 0.0088 18.1168 0.0107 17.8995 0.0099 17.8189 0.0466
101.003321 -51.225874 13 0.9570000000000001 19.4601 0.0062 18.8504 0.0116 18.4628 0.0108 18.3539 0.0904
101.124922 -51.309031 15 0.971 18.6855 0.0057 18.3542 0.0063 18.1775 0.0074 18.0713 0.0843
101.12873 -51.258503999999995 40 0.998 16.132 0.005 15.7876 0.0046 15.5849 0.0041 15.5107 0.0109
101.008737 -51.342073 42 0.987 16.3432 0.0038 15.9893 0.0034 15.7883 0.004 15.738 0.0107
100.935549 -51.283021000000005 18 0.9790000000000001 17.4632 0.0056 16.8862 0.0096 16.5198 0.0068 16.368 0.0152
101.014776 -51.220413 17 0.956 19.9892 0.0112 19.0201 0.0133 18.0301 0.0202 17.6021 0.0192
100.942219 -51.258404 37 0.9990000000000001 15.0174 0.0047 14.7226 0.0048 14.5596 0.0047 14.5262 0.0061
100.94182099999999 -51.305227 17 0.981 18.1168 0.0112 17.4292 0.0077 17.0298 0.0165 16.8628 0.008
101.014422 -51.344007 17 0.9540000000000001 19.0134 0.0094 18.5343 0.0065 18.2074 0.0118 18.0608 0.0108
101.00553199999999 -51.342784 21 0.977 18.2358 0.0063 17.9187 0.0066 17.7269 0.0165 17.7224 0.0157
100.96019799999999 -51.325722999999996 32 0.996 15.0769 0.0069 14.6352 0.0044 14.3556 0.0053 14.2502 0.0068
101.033906 -51.216817 18 0.98 18.7261 0.01 17.9176 0.0108 17.3259 0.0056 17.1238 0.0092
101.056393 -51.345974 21 0.977 18.0379 0.0117 17.7155 0.0159 17.5302 0.0134 17.4973 0.0163
101.140804 -51.289033 27 0.982 17.4277 0.0092 17.1052 0.008 16.9047 0.0118 16.8805 0.0086
101.06992 -51.344611 40 1.0 14.2772 0.006999999999999999 13.3616 0.0047 12.1969 0.0053 11.7804 0.0075
101.05954200000001 -51.34664 24 0.982 17.5688 0.0058 17.073 0.0101 16.752 0.0055 16.6335 0.0099
100.929687 -51.282427 14 0.961 20.3702 0.0101 19.308 0.0098 18.0042 0.0059 17.4639 0.0355
100.930014 -51.272098 13 0.978 18.5622 0.0142 17.9296 0.0111 17.4216 0.0065 17.2788 0.0066
101.005477 -51.21621 16 0.9740000000000001 18.8985 0.0063 18.5051 0.0055 18.2329 0.0149 18.2323 0.012
101.124907 -51.322271 19 1.0 9.6697 0.033 nan nan nan nan nan nan
101.01090500000001 -51.349121999999994 31 0.982 17.1918 0.0055 16.8485 0.0046 16.6658 0.0054 16.5705 0.0132
101.055581 -51.212881 23 0.982 17.659000000000002 0.0066 17.410999999999998 0.0063 17.2596 0.0085 17.2447 0.0204
100.92554200000001 -51.269442 39 1.0 12.7496 0.0053 12.6187 0.0062 12.5974 0.004 12.6259 0.0053
101.01756 -51.212537 27 0.985 16.7882 0.0045 16.2345 0.004 15.909 0.0048 15.7605 0.008
100.930032 -51.30873 1 0.95 nan nan nan nan nan nan nan nan
101.108161 -51.226214 41 0.9990000000000001 15.2257 0.0049 14.7262 0.0038 14.3898 0.0046 14.2501 0.0054
101.15059000000001 -51.287933 41 0.9990000000000001 14.517999999999999 0.004 14.1239 0.0038 13.8641 0.0051 13.7818 0.0053
101.07536800000001 -51.214132 18 0.981 19.718 0.0074 18.7821 0.0102 17.1159 0.0079 16.4357 0.0126
101.121907 -51.330681 27 0.988 15.8501 0.0155 15.3737 0.0074 15.1115 0.0048 14.981 0.0099
100.957088 -51.335485 18 0.982 17.5109 0.01 17.1638 0.0091 16.9307 0.01 16.8687 0.028999999999999998
101.09589100000001 -51.344724 24 0.992 17.3708 0.0049 16.6232 0.0047 16.125999999999998 0.0043 15.9213 0.0187
100.918837 -51.28171 14 0.955 18.9794 0.0061 18.5216 0.0059 18.2941 0.0216 18.1442 0.0424
101.058665 -51.35474 43 0.991 15.7054 0.0059 15.4307 0.0044 15.3027 0.0044 15.2759 0.0064
101.041514 -51.356203 17 0.972 19.8708 0.0136 18.9027 0.0268 17.8957 0.0122 17.5213 0.0262
100.98563 -51.349796000000005 24 0.976 18.2065 0.0094 17.8725 0.0046 17.6548 0.0076 17.5834 0.0123
100.933711 -51.243292 14 0.9570000000000001 19.7896 0.011000000000000001 18.8353 0.0354 18.0598 0.0128 17.7004 0.0393
101.0092 -51.354991 52 1.0 13.7932 0.0038 13.4867 0.0034 13.3286 0.004 13.3058 0.0047
100.974565 -51.346291 24 0.975 18.1538 0.0051 17.9101 0.0057 17.7592 0.0094 17.7142 0.0198
101.120549 -51.22868 32 0.983 17.2317 0.0052 16.9922 0.0051 16.8583 0.0076 16.8387 0.0282
101.1319 -51.327436999999996 22 0.983 16.1239 0.0062 15.6579 0.0097 15.335 0.0065 15.1996 0.0115
101.05271 -51.356609999999996 16 0.972 18.5151 0.0082 18.2357 0.0122 18.0638 0.0098 18.111 0.0719
101.14418 -51.316559999999996 41 0.9990000000000001 15.492 0.0042 15.2076 0.0052 15.0557 0.0058 15.0469 0.013000000000000001
101.15470400000001 -51.265594 19 0.976 18.4741 0.0135 18.224 0.0136 18.0719 0.0203 18.0374 0.0201
101.150311 -51.256056 23 0.982 17.5932 0.0057 17.134 0.0086 16.8341 0.0097 16.7254 0.0071
100.975937 -51.215902 32 0.9990000000000001 15.0246 0.0065 14.5271 0.0055 14.2249 0.01 14.1125 0.0091
100.957229 -51.223945 33 0.997 15.7143 0.0053 15.4244 0.0047 15.2462 0.0078 15.2238 0.0061
100.968352 -51.216771 16 0.978 19.8921 0.0209 18.9006 0.0151 17.4058 0.006999999999999999 16.7729 0.0067
101.15888100000001 -51.268023 18 0.9790000000000001 18.5321 0.0059 17.9573 0.0068 17.5884 0.0095 17.4316 0.0377
101.131371 -51.333938 16 0.958 20.0498 0.0217 19.1568 0.0279 17.9528 0.008 17.4555 0.0318
100.922165 -51.248098999999996 20 0.9790000000000001 18.6509 0.0073 17.9611 0.0079 17.5273 0.0063 17.3483 0.0204
101.11465799999999 -51.344457 24 0.978 18.2055 0.0109 17.5238 0.0107 17.0556 0.0061 16.8642 0.0158
101.085684 -51.355377000000004 38 0.982 16.9627 0.0076 16.6841 0.0082 16.5266 0.0065 16.5056 0.013999999999999999
101.159499 -51.258078000000005 23 0.983 17.7978 0.0063 17.0461 0.0047 16.4806 0.0063 16.2193 0.0211
101.150515 -51.31982 16 0.965 18.4764 0.0056 18.2499 0.0081 18.104 0.0063 18.1023 0.0109
100.907714 -51.291567 16 0.981 19.2707 0.0099 18.320999999999998 0.0103 17.2939 0.006999999999999999 16.8736 0.0084
101.114428 -51.347057 40 0.982 16.8857 0.0049 16.6826 0.0059 16.5736 0.0078 16.557000000000002 0.0182
101.122771 -51.342835 46 1.0 13.9534 0.0045 13.7093 0.0033 13.5872 0.004 13.5813 0.0073
100.917516 -51.247553 21 0.98 17.9343 0.0077 17.649 0.0051 17.4844 0.0098 17.4121 0.0148
101.091272 -51.356922999999995 22 0.981 18.1648 0.0088 17.5624 0.0098 17.1907 0.009000000000000001 17.0165 0.0084
101.110816 -51.213959 18 0.973 20.1584 0.0109 19.1535 0.0153 17.8484 0.0084 17.3655 0.0174
101.035119 -51.365516 43 0.985 16.4801 0.0042 16.1691 0.0061 16.0028 0.0064 15.9546 0.0056
101.166815 -51.302661 24 0.981 17.586 0.0063 17.2739 0.0059 17.09 0.0057 17.0063 0.0211
101.070573 -51.363628000000006 50 0.996 14.9138 0.0044 14.6508 0.0042 14.5225 0.0038 14.5082 0.0068
101.164906 -51.308015000000005 36 0.985 16.5519 0.005 16.2327 0.0048 16.0585 0.0043 16.0106 0.0214
100.89902099999999 -51.282046 18 0.977 18.0114 0.0058 17.6738 0.0072 17.4419 0.0094 17.3891 0.0177
101.161866 -51.316778 29 0.983 17.4143 0.0077 17.1091 0.0087 16.9629 0.009000000000000001 16.9358 0.0136
100.899023 -51.27624 20 0.981 18.2767 0.0142 17.62 0.0067 17.1592 0.0077 16.9659 0.0202
101.16559699999999 -51.251115999999996 36 0.9990000000000001 15.0942 0.0049 14.7945 0.0043 14.6141 0.0053 14.5655 0.0054
101.103274 -51.205783000000004 17 0.973 18.7627 0.0113 18.3437 0.0056 18.0275 0.0128 17.9096 0.0156
100.900867 -51.260781 12 0.9540000000000001 19.2613 0.0071 19.0705 0.0167 18.9047 0.0304 nan nan
101.131022 -51.346169 32 0.9990000000000001 12.2136 0.0053 11.6573 0.0049 11.2952 0.0061 11.1513 0.0078
100.97623 -51.360872 21 0.978 18.2261 0.0116 17.8635 0.008 17.6455 0.0115 17.6513 0.0166
101.089091 -51.200578 20 0.978 19.1402 0.0135 18.262 0.0121 17.4973 0.0049 17.1586 0.0179
100.90385500000001 -51.251005 44 1.0 14.0657 0.0047 13.8568 0.004 13.7518 0.004 13.7506 0.0054
101.10404 -51.359605 41 0.986 16.084 0.0055 15.716 0.0052 15.4649 0.0069 15.3743 0.011000000000000001
100.98399 -51.199508 14 0.951 20.1966 0.013000000000000001 19.2486 0.0132 18.2145 0.0081 17.8199 0.0521
100.896732 -51.263709000000006 12 0.9540000000000001 19.8785 0.0267 19.2036 0.0095 18.8209 0.0113 18.6649 0.0175
101.11097 -51.35861 45 0.998 14.967 0.0047 14.6956 0.0037 14.5576 0.005 14.5301 0.0068
100.946237 -51.212053000000004 11 0.951 18.7632 0.0098 18.4722 0.0066 18.2866 0.0098 18.2113 0.0163
101.084051 -51.366667 45 1.0 14.921 0.0044 14.5644 0.006 14.3871 0.004 14.354000000000001 0.0054
101.12186899999999 -51.35419 44 0.997 15.9857 0.0039 15.502 0.0037 15.2093 0.0053 15.084000000000001 0.0084
101.096136 -51.199789 20 0.983 18.9034 0.0129 17.9382 0.006 16.8414 0.0066 16.4236 0.0065
100.977694 -51.364864000000004 30 0.98 17.9992 0.0082 17.7037 0.0085 17.5397 0.0091 17.5364 0.0323
101.018129 -51.191866999999995 16 0.97 19.1869 0.0063 18.5996 0.0065 18.2039 0.0139 17.9617 0.0152
100.932215 -51.345488 39 0.985 16.0744 0.0045 15.6489 0.0057 15.4202 0.0048 15.3398 0.0058
100.890744 -51.281048 18 0.981 19.2644 0.0132 18.3065 0.0189 17.0587 0.0077 16.5779 0.0098
101.05639599999999 -51.372227 18 0.975 18.7609 0.0062 18.1611 0.011000000000000001 17.77 0.0115 17.5 0.0095
101.181593 -51.27492 13 0.9570000000000001 19.2175 0.01 19.0334 0.0081 18.852999999999998 0.0162 18.7308 0.0841
101.18290999999999 -51.282958 18 0.9690000000000001 18.8616 0.0058 18.3015 0.0128 17.9452 0.0114 17.7627 0.0297
100.934473 -51.348372 17 0.955 18.9877 0.0157 18.3473 0.0073 17.9224 0.0169 17.7774 0.0086
100.942185 -51.21133 33 0.991 15.7618 0.0109 15.3597 0.0063 15.1327 0.0049 15.0691 0.0069
100.910776 -51.330253000000006 26 0.98 17.9044 0.0088 17.3837 0.008 17.0712 0.0061 16.982 0.0109
100.96933 -51.364305 38 0.9940000000000001 15.4139 0.0045 14.9364 0.0038 14.6439 0.0043 14.5287 0.0055
101.160348 -51.231761999999996 16 0.981 18.1689 0.0684 17.6476 0.0311 17.2608 0.0081 17.1103 0.0109
101.057598 -51.190353 17 0.993 18.4816 0.0066 17.497 0.0139 16.0134 0.0058 15.4541 0.0061
100.945495 -51.355365 23 0.98 17.8782 0.0072 17.5759 0.006 17.4001 0.0199 17.4208 0.0256
101.101407 -51.36573 15 0.975 18.7511 0.0161 18.3773 0.0102 18.1782 0.0218 18.1193 0.0354
101.162408 -51.231273 26 0.983 17.0538 0.0213 16.5017 0.0133 16.197 0.009000000000000001 16.0834 0.0067
100.88620300000001 -51.285439000000004 18 0.981 17.5923 0.0126 17.1283 0.0077 16.8409 0.0062 16.702 0.0152
101.003986 -51.189893 39 0.995 15.725999999999999 0.0042 15.2939 0.005 15.0228 0.0043 14.936 0.0054
101.079684 -51.191493 12 0.9520000000000001 19.1922 0.0134 18.6387 0.0065 18.3969 0.0076 18.2529 0.0133
101.18589899999999 -51.267582 14 0.972 18.8244 0.0142 18.5105 0.0056 18.3363 0.0071 18.295 0.0151
101.158204 -51.33849 43 1.0 13.9763 0.004 13.769 0.0035 13.6795 0.004 13.6883 0.0063
100.893121 -51.313681 16 0.978 19.4688 0.006999999999999999 18.5819 0.0089 17.5005 0.0151 17.1564 0.0104
100.895814 -51.318314 22 0.982 17.3655 0.0063 16.7417 0.0069 16.3892 0.006999999999999999 16.2516 0.0134
101.005286 -51.376149 46 0.9840000000000001 16.3149 0.0064 15.8722 0.0047 15.5704 0.0039 15.4483 0.0089
100.895881 -51.241886 15 0.968 18.6253 0.0104 18.2169 0.0058 17.9545 0.0089 17.7904 0.0223
100.917711 -51.344183 16 0.955 19.1267 0.013000000000000001 18.6118 0.0058 18.291 0.0082 18.205 0.0657
100.95651 -51.365041 22 0.982 17.0913 0.0057 16.671 0.0078 16.4424 0.0053 16.3473 0.0115
101.162913 -51.224046 26 0.982 17.535 0.0087 17.3149 0.0049 17.1905 0.0054 17.1771 0.0162
100.902885 -51.334121 29 0.981 17.112000000000002 0.0054 16.8155 0.0065 16.647000000000002 0.008 16.6365 0.0145
101.177531 -51.238427 21 0.981 18.0128 0.0067 17.7253 0.0062 17.5598 0.008 17.5277 0.0498
101.058089 -51.379775 15 0.9690000000000001 18.6544 0.0186 18.3335 0.0095 18.1267 0.0062 17.9666 0.0221
100.90944499999999 -51.222907 26 0.983 16.6901 0.0094 16.1099 0.0059 15.7373 0.0048 15.5746 0.0069
101.014751 -51.380635 25 0.977 18.0254 0.0205 17.7389 0.009000000000000001 17.5869 0.0048 17.5869 0.0088
101.17599799999999 -51.329851 21 0.983 18.2455 0.0126 17.3186 0.005 16.221 0.0093 15.7922 0.0092
101.11885600000001 -51.196199 19 0.983 18.3316 0.0095 17.4284 0.005 16.6664 0.0058 16.3673 0.0083
101.090802 -51.187777000000004 13 0.965 19.3444 0.0193 18.994 0.0149 18.8331 0.009000000000000001 18.7003 0.026000000000000002
100.975654 -51.188381 16 0.978 18.6672 0.0078 18.4157 0.0057 18.2586 0.0079 18.2258 0.0114
101.157237 -51.215127 20 0.98 18.53 0.0107 18.0586 0.0059 17.7013 0.0112 17.6018 0.0364
100.95803000000001 -51.37081 39 0.9990000000000001 15.1026 0.0044 14.658 0.004 14.3801 0.0053 14.274000000000001 0.0068
101.000571 -51.380994 39 0.99 16.0989 0.0044 15.7097 0.006 15.4821 0.0044 15.4009 0.0075
101.147126 -51.207339000000005 22 0.983 17.4854 0.0049 16.9847 0.0082 16.6559 0.0053 16.5483 0.0061
101.150305 -51.209139 30 0.983 17.0753 0.0061 16.8331 0.0066 16.7006 0.0052 16.6856 0.0074
100.940229 -51.365219 25 0.98 17.8623 0.0091 17.6281 0.0071 17.5157 0.0056 17.4707 0.0214
100.902377 -51.222274 47 0.997 14.9275 0.004 14.4441 0.0038 14.1744 0.004 14.0749 0.0053
100.982024 -51.379523 28 0.9740000000000001 18.2722 0.0107 17.9551 0.0149 17.7927 0.0083 17.7242 0.0074
101.16533000000001 -51.217427 28 0.9840000000000001 16.7623 0.0063 16.3327 0.0041 16.0947 0.0044 16.0324 0.0076
101.200836 -51.271573 15 0.9590000000000001 20.2417 0.0138 19.3271 0.0237 18.0153 0.0079 17.4762 0.0115
101.160554 -51.213619 27 0.983 17.0835 0.0048 16.6937 0.0045 16.4473 0.0045 16.3653 0.0101
100.905805 -51.345903 11 0.958 nan nan 20.1927 0.0113 18.1675 0.0131 17.3707 0.013000000000000001
101.079368 -51.382021 31 0.983 17.1228 0.0091 16.8079 0.0076 16.6306 0.009000000000000001 16.5874 0.0063
100.87631800000001 -51.25506 20 0.982 17.4586 0.006 17.1265 0.0135 16.9589 0.0153 16.8874 0.0077
101.104504 -51.377742 45 0.985 15.6356 0.006999999999999999 15.353 0.0071 15.1838 0.0059 15.1578 0.006
101.131202 -51.195479 13 0.965 19.1642 0.0106 18.6685 0.0108 18.2663 0.0077 18.1845 0.0105
100.892486 -51.336301 32 0.987 15.7596 0.0056 15.4169 0.004 15.2364 0.0043 15.1944 0.009000000000000001
101.14183100000001 -51.199504 14 0.971 19.3288 0.0101 18.9607 0.0067 18.729 0.0265 18.6198 0.0428
100.972238 -51.183943 14 0.966 19.0547 0.0109 18.5808 0.0065 18.3061 0.0092 18.1879 0.0392
101.163097 -51.352608000000004 20 0.978 18.3631 0.0093 18.0841 0.0057 17.9072 0.0231 17.9194 0.0274
101.17835600000001 -51.340328 20 0.972 19.0466 0.0172 18.3554 0.0165 17.8789 0.0082 17.6611 0.0273
101.035327 -51.388501 14 0.975 18.6693 0.0063 18.259 0.0198 17.9822 0.0179 17.8775 0.0653
101.198539 -51.249325 39 0.9840000000000001 16.6914 0.0048 16.433 0.0053 16.2949 0.0067 16.2823 0.0138
100.935772 -51.195581 17 0.981 17.7354 0.0068 17.4214 0.006 17.2458 0.0063 17.199 0.0078
101.101249 -51.380928000000004 37 0.9940000000000001 16.4882 0.0081 16.1533 0.0069 15.9665 0.0069 15.9263 0.0124
101.116012 -51.187149 26 0.983 17.4187 0.0054 17.1564 0.005 16.9986 0.0098 16.9509 0.024
101.19596899999999 -51.321528 22 0.983 17.3675 0.0049 16.8871 0.0065 16.5777 0.0065 16.4726 0.0117
100.868229 -51.259795000000004 36 0.9890000000000001 15.5464 0.0077 15.2852 0.0064 15.1374 0.0069 15.1105 0.0061
100.92393100000001 -51.200590999999996 24 0.978 17.9525 0.0057 17.689 0.0052 17.5409 0.0148 17.4597 0.0438
100.990297 -51.177752000000005 17 0.9740000000000001 19.8668 0.0075 18.8896 0.006999999999999999 17.7634 0.0056 17.3485 0.0282
100.863298 -51.281636 18 0.976 17.9959 0.0119 17.6878 0.0231 17.477999999999998 0.0245 17.4325 0.0092
101.15003100000001 -51.198319 14 0.9640000000000001 19.2426 0.0082 18.8346 0.0066 18.5748 0.0086 18.4958 0.0306
100.958242 -51.183316 1 0.981 nan nan nan nan nan nan 15.9068 0.0162
101.08608199999999 -51.17622 35 0.9840000000000001 17.0404 0.0047 16.7051 0.005 16.5 0.0092 16.442999999999998 0.0123
101.123886 -51.186218 10 0.958 18.9321 0.0079 18.9169 0.0071 19.0714 0.0126 nan nan
101.153265 -51.199193 20 0.973 18.3745 0.0255 18.0162 0.023 18.0007 0.0376 17.8047 0.0115
100.958864 -51.18235 29 0.9990000000000001 13.9603 0.0089 13.7639 0.0094 13.6804 0.0105 13.6779 0.0089
101.140867 -51.191949 20 0.983 17.9903 0.01 17.1227 0.0073 16.4205 0.0048 16.1302 0.0096
101.013402 -51.171096999999996 14 0.961 19.2426 0.0106 18.7569 0.0057 18.4325 0.0105 18.3698 0.0984
100.895658 -51.352031 17 1.0 9.7813 0.0105 9.5739 0.0105 nan nan nan nan
101.160178 -51.200540000000004 14 0.978 18.647000000000002 0.0085 18.3608 0.0088 18.1464 0.0067 18.0857 0.0121
100.935159 -51.375269 45 0.992 16.1354 0.0079 15.8179 0.0081 15.6412 0.0043 15.6044 0.0079
101.15163000000001 -51.195388 20 0.987 17.7019 0.0091 17.3428 0.0049 17.1578 0.0053 17.1062 0.015
101.096062 -51.175540999999996 42 0.998 15.0394 0.0045 14.4458 0.0037 14.0081 0.004 13.8221 0.0053
100.963975 -51.178129999999996 29 0.99 15.1508 0.0181 14.8296 0.0109 14.6609 0.0054 14.6347 0.0061
101.01073199999999 -51.39443 18 0.971 19.6392 0.0295 18.8493 0.0149 18.3243 0.0062 18.1629 0.0083
101.203805 -51.326228 18 0.98 19.3353 0.0221 18.4431 0.0069 17.4634 0.0052 17.0699 0.0152
101.204398 -51.238391 30 0.986 16.537 0.0056 16.0576 0.0054 15.7624 0.0041 15.6393 0.0075
100.91041899999999 -51.364506 30 0.981 17.3998 0.0041 16.9655 0.0064 16.7081 0.0057 16.583 0.0077
100.945879 -51.381972 11 0.9520000000000001 19.2025 0.0116 18.7747 0.0076 18.4792 0.0092 18.4428 0.0726
100.854338 -51.29942 1 0.963 nan nan nan nan nan nan nan nan
100.915743 -51.194863 15 0.9570000000000001 19.5315 0.0081 18.6577 0.0173 17.9966 0.0069 17.765 0.0092
100.881209 -51.344584000000005 28 0.983 16.3435 0.0047 15.922 0.0042 15.6696 0.0048 15.5917 0.0111
100.941817 -51.381302000000005 25 0.975 17.0232 0.01 16.7333 0.0115 16.6296 0.0102 16.597 0.009000000000000001
101.104576 -51.389501 26 0.982 17.5427 0.0098 17.2936 0.0049 17.1419 0.0079 17.1227 0.0132
101.131451 -51.182294 19 0.981 18.2756 0.0114 17.9441 0.0094 17.7109 0.0054 17.601 0.0155
101.175162 -51.359226 25 0.981 18.6218 0.0117 17.7649 0.0047 17.044 0.0049 16.7377 0.0116
100.877809 -51.343 16 0.97 18.8056 0.0059 18.3361 0.0067 18.0587 0.0173 17.9542 0.0194
101.222279 -51.288675 14 0.955 19.0166 0.0133 18.7825 0.0132 18.6156 0.0214 18.7616 0.0145
101.040471 -51.398713 19 0.981 18.4693 0.0084 17.6352 0.0054 17.0777 0.0075 16.8566 0.0122
100.872878 -51.339165 1 0.9520000000000001 nan nan nan nan nan nan nan nan
100.992183 -51.395794 25 0.981 17.3801 0.0076 17.0852 0.006999999999999999 16.9099 0.0062 16.8753 0.0103
100.918136 -51.191143 28 0.9890000000000001 16.4182 0.0046 15.8139 0.0044 15.4305 0.0046 15.2612 0.0053
101.052572 -51.165258 20 0.986 17.4434 0.0162 16.6036 0.0054 15.9639 0.0065 15.7139 0.0083
101.02868199999999 -51.16488 15 0.9740000000000001 19.2563 0.0081 18.6927 0.0069 18.3606 0.0087 18.194000000000003 0.0451
101.191067 -51.214422 42 0.9890000000000001 15.1561 0.0044 14.8915 0.0056 14.737 0.0042 14.7123 0.0053
100.87038199999999 -51.340206 15 0.95 19.3784 0.0184 18.585 0.0277 17.9663 0.0242 17.6763 0.0319
101.224735 -51.298229 13 0.961 19.4143 0.0095 18.6771 0.0083 18.1942 0.0212 17.9861 0.0293
100.993147 -51.398528999999996 46 1.0 14.3319 0.004 13.8755 0.0035 13.5819 0.0038 13.472000000000001 0.0055
101.180987 -51.203658000000004 36 1.0 13.7968 0.0053 13.5103 0.0038 13.353 0.004 13.3231 0.0053
101.063379 -51.16342 20 0.982 17.8975 0.0094 17.4956 0.0076 17.268 0.0096 17.1392 0.0101
100.91216899999999 -51.373637 54 0.998 15.0956 0.0051 14.6277 0.0034 14.325 0.0037 14.207 0.0062
100.852548 -51.247116 25 0.9890000000000001 16.4297 0.0083 15.6132 0.0068 15.0308 0.0048 14.8029 0.0053
100.972335 -51.395887 33 0.9990000000000001 14.7134 0.0047 14.515999999999998 0.004 14.4283 0.0043 14.4366 0.0055
101.196306 -51.214585 39 1.0 13.6378 0.0044 13.2732 0.0063 13.0538 0.0055 12.9984 0.0061
101.087214 -51.398639 17 0.977 18.2716 0.0084 17.8241 0.0058 17.5757 0.0111 17.4861 0.0258
101.032922 -51.160315999999995 23 0.981 18.0977 0.0056 17.6843 0.0048 17.4238 0.0085 17.3401 0.0339
101.195883 -51.352619 37 0.981 17.4858 0.0064 17.1946 0.0058 16.9904 0.0108 16.9326 0.0081
101.042378 -51.159783000000004 10 0.965 19.2246 0.0164 18.8859 0.0079 18.5562 0.0095 18.4283 0.1793
101.105301 -51.166084999999995 41 0.997 15.5406 0.0044 15.3011 0.0038 15.1637 0.0041 15.1354 0.0078
101.164281 -51.376418 23 0.978 18.9543 0.0128 18.2379 0.0095 17.7556 0.0105 17.5385 0.0362
100.959246 -51.396066999999995 36 0.9990000000000001 15.0934 0.0047 14.8845 0.004 14.7921 0.0047 14.8005 0.0081
100.861036 -51.33978 18 0.968 18.5967 0.0112 18.1412 0.0109 17.814 0.0178 17.6695 0.0241
101.073073 -51.403933 43 1.0 14.0693 0.0055 13.7386 0.0039 13.5681 0.0038 13.534 0.0061
101.127052 -51.171486 16 0.98 19.625 0.0263 18.6487 0.0058 17.5504 0.006 17.1341 0.0075
101.15624100000001 -51.182268 14 0.973 18.7722 0.0055 18.3704 0.0085 18.1101 0.0202 18.0193 0.0265
100.870588 -51.212203 36 1.0 13.583 0.0052 13.0055 0.0047 12.6178 0.0048 12.4371 0.0061
100.938161 -51.391225 19 0.982 17.5895 0.006 17.0133 0.0045 16.66 0.0059 16.5291 0.0076
100.975887 -51.401539 25 0.98 17.9731 0.0164 17.6058 0.0052 17.3963 0.0084 17.3132 0.0114
101.226937 -51.243122 25 0.98 17.9981 0.0084 17.6334 0.0071 17.3596 0.0087 17.3039 0.0176
101.148663 -51.177576 12 0.96 19.421 0.011000000000000001 19.1203 0.0143 18.9277 0.0112 18.8739 0.0188
100.908535 -51.379704 31 0.9790000000000001 17.5314 0.008 17.2768 0.0203 17.0887 0.0185 17.054000000000002 0.0253
100.90694 -51.378941999999995 10 0.98 nan nan nan nan 17.3357 0.0105 16.7415 0.0082
101.153051 -51.385267999999996 21 0.981 18.2858 0.0076 17.5985 0.0062 17.1145 0.0054 16.925 0.0305
100.856048 -51.339473 18 0.9570000000000001 18.1949 0.0054 17.8807 0.0108 17.7326 0.0089 17.6964 0.0077
101.22346800000001 -51.234324 26 0.983 17.2 0.0054 16.8634 0.0072 16.6697 0.006 16.6397 0.0159
101.227482 -51.323596 40 0.998 14.6836 0.0048 14.4355 0.004 14.3008 0.0047 14.2843 0.0097
100.915674 -51.180147999999996 23 0.99 17.5699 0.006999999999999999 16.5661 0.0091 15.0019 0.0045 14.4023 0.0054
101.120959 -51.397226 39 0.993 15.7622 0.0089 15.3571 0.0046 15.1277 0.0037 15.0545 0.0062
101.097824 -51.40299 15 0.9690000000000001 19.3532 0.0106 18.5093 0.0133 17.9823 0.0101 17.7837 0.0082
101.180337 -51.192046000000005 18 0.976 19.6294 0.0179 18.6892 0.0124 17.6518 0.0123 17.2283 0.0172
101.054672 -51.409044 20 0.9790000000000001 18.1498 0.0139 17.6355 0.0082 17.3262 0.0087 17.2025 0.0101
100.83522099999999 -51.259409000000005 16 0.9740000000000001 19.2703 0.0132 18.3742 0.0065 17.5556 0.0059 17.2559 0.0109
101.19759300000001 -51.203590000000005 18 0.972 18.454 0.006999999999999999 18.0875 0.0078 17.793 0.0126 17.6798 0.0177
100.96358199999999 -51.4018 23 0.99 16.6513 0.0086 15.7431 0.0056 14.8846 0.0043 14.5808 0.0057
100.937279 -51.394525 16 0.966 20.1887 0.0161 19.1948 0.0078 18.2267 0.0093 17.7623 0.0473
101.238804 -51.303428000000004 13 0.9690000000000001 19.1699 0.017 18.9413 0.0075 18.7882 0.0355 18.682000000000002 0.2769
101.212948 -51.347857 17 0.978 18.3908 0.0061 17.9547 0.0049 17.6854 0.0064 17.578 0.0134
101.111746 -51.402198999999996 18 0.9740000000000001 19.9166 0.0184 19.0775 0.0284 17.7692 0.0059 17.2927 0.01
100.939116 -51.168003999999996 12 0.95 19.6495 0.0405 18.7563 0.0131 18.0169 0.021 17.7223 0.0365
100.837695 -51.31797 18 0.977 18.3478 0.0076 17.5196 0.0096 16.8942 0.006999999999999999 16.682000000000002 0.0116
101.17405600000001 -51.185334999999995 19 0.98 18.3336 0.0057 17.8234 0.0056 17.5161 0.0053 17.3641 0.0096
101.12406700000001 -51.164651 18 0.976 18.8952 0.0082 18.3007 0.0094 17.8861 0.0067 17.7354 0.0276
100.906827 -51.180786 43 0.988 16.2113 0.0051 15.9438 0.0042 15.8036 0.0065 15.7949 0.0137
101.215176 -51.216504 31 0.995 15.8744 0.005 15.0987 0.004 14.554 0.004 14.3411 0.0053
101.047877 -51.412055 24 0.982 17.3597 0.0055 16.8764 0.0085 16.5872 0.0045 16.4764 0.0101
101.160207 -51.386824 21 0.982 17.6908 0.0082 17.1399 0.006999999999999999 16.7469 0.0057 16.5494 0.0078
101.02871999999999 -51.412252 27 0.981 17.8355 0.0048 17.2461 0.0089 16.8741 0.0046 16.7402 0.005
100.83584599999999 -51.318337 22 0.981 18.1088 0.0095 17.2605 0.0153 16.5687 0.0055 16.2777 0.0085
100.950291 -51.401767 16 0.973 19.3601 0.0075 18.5473 0.0056 17.995 0.0138 17.7802 0.0106
101.06449599999999 -51.151767 37 0.996 15.2594 0.0043 14.9677 0.0045 14.8147 0.0043 14.7835 0.0061
101.177688 -51.379502 24 0.981 19.2913 0.0123 18.3332 0.0078 17.2742 0.0078 16.8703 0.0108
101.246472 -51.272324 21 0.978 18.1637 0.0097 17.6573 0.0143 17.3024 0.0088 17.1554 0.0222
100.925787 -51.394434000000004 20 0.977 18.6405 0.0108 18.1822 0.0059 17.9074 0.0072 17.8022 0.0119
100.837108 -51.325758 26 0.972 17.8806 0.0081 17.5515 0.0117 17.3764 0.0087 17.3729 0.0186
101.087616 -51.410033 20 0.983 18.2389 0.0128 17.2786 0.0127 15.3702 0.0056 14.6098 0.0065
100.882498 -51.191475 34 0.986 15.9814 0.0049 15.6174 0.0045 15.3838 0.0052 15.2997 0.0062
101.213827 -51.210445 15 0.9640000000000001 20.1445 0.0195 19.166 0.0203 17.9537 0.0069 17.4957 0.0319
101.136993 -51.165384 43 0.998 15.0939 0.004 14.8126 0.0038 14.6455 0.004 14.6122 0.0053
100.96417199999999 -51.156634000000004 26 0.983 16.9723 0.0055 16.6378 0.009000000000000001 16.4013 0.0108 16.3552 0.0198
101.196899 -51.369708 34 0.982 17.4334 0.0099 17.118 0.0061 16.9605 0.0049 16.9254 0.0141
100.862634 -51.360329 36 0.986 16.5829 0.0054 16.2044 0.0042 15.9998 0.005 15.9379 0.0123
101.096342 -51.153011 15 0.9740000000000001 18.824 0.0145 18.5163 0.0085 18.3258 0.0238 18.2001 0.0376
101.016681 -51.148063 19 0.9790000000000001 18.1823 0.0054 17.8257 0.0083 17.6082 0.011000000000000001 17.5477 0.0217
101.18565100000001 -51.185365999999995 17 0.9790000000000001 18.7209 0.0079 18.0732 0.0063 17.6764 0.0076 17.4898 0.0157
100.882711 -51.187447999999996 14 0.976 18.3866 0.0132 17.9775 0.0099 17.7279 0.0076 17.6405 0.0313
101.074935 -51.414747999999996 42 0.9840000000000001 16.0409 0.0131 15.727 0.0041 15.5464 0.0049 15.503 0.0101
100.96775799999999 -51.153905 31 0.986 16.4989 0.006999999999999999 16.2309 0.0044 16.0819 0.0076 16.0466 0.0083
101.23337099999999 -51.226803000000004 33 0.986 16.756 0.0051 16.4794 0.0086 16.3008 0.0072 16.2702 0.0062
101.223089 -51.214079 14 0.9690000000000001 19.165 0.0104 18.7697 0.0158 18.5156 0.012 18.4936 0.0501
101.248995 -51.257601 14 0.971 18.9691 0.0081 18.5084 0.01 18.211 0.0072 18.079 0.01
101.244357 -51.245134 27 0.9990000000000001 16.2217 0.0047 15.3628 0.004 14.6507 0.0046 14.3978 0.0061
