ra dec ngood class_star g_psf e_g_psf r_psf e_r_psf i_psf e_i_psf z_psf e_z_psf
145.207423 -3.3758220000000003 29 0.9840000000000001 15.0541 0.0145 14.7603 0.0087 14.6026 0.0047 14.5716 0.004
145.188964 -3.366704 25 0.988 15.7919 0.0112 14.8978 0.0059 14.0688 0.0041 13.7645 0.004
145.203903 -3.386072 18 0.982 17.6732 0.0207 17.2759 0.0127 17.0481 0.0067 16.9359 0.0142
145.188876 -3.394621 21 0.983 17.371 0.0098 17.1218 0.031 16.8416 0.0181 16.8168 0.013000000000000001
145.230642 -3.3849699999999996 22 0.982 16.4994 0.0076 16.2161 0.0093 16.0364 0.0133 15.9851 0.0086
145.236197 -3.34816 22 0.982 16.1681 0.0131 15.8799 0.0079 15.7178 0.0047 15.6981 0.006
145.17371699999998 -3.339056 13 0.973 18.9122 0.0123 18.0438 0.0544 17.1743 0.0299 16.9325 0.0172
145.18518 -3.4040809999999997 14 0.982 19.1777 0.0149 18.2165 0.0113 16.7568 0.0094 16.2021 0.005
145.241074 -3.385036 28 0.9990000000000001 13.5553 0.0104 13.1642 0.0062 12.9455 0.0046 12.8884 0.0043
145.199654 -3.3248599999999997 26 0.985 16.2064 0.0078 15.5392 0.006 15.0967 0.0072 14.9157 0.0078
145.20013799999998 -3.323407 13 0.983 nan nan 17.1395 0.0174 16.4763 0.0108 16.213 0.0124
145.24995900000002 -3.364807 26 0.993 13.7828 0.0061 13.3539 0.0061 13.0915 0.0043 13.0022 0.0046
145.15858300000002 -3.380272 9 0.9670000000000001 19.8099 0.023 19.0143 0.0105 18.3628 0.0201 18.1061 0.0109
145.216069 -3.4122230000000005 29 0.9990000000000001 13.5469 0.011000000000000001 13.0909 0.0062 12.8084 0.0041 12.6963 0.004
145.183781 -3.3218199999999998 27 0.9840000000000001 16.1452 0.0106 15.8807 0.0116 15.724 0.0042 15.7173 0.0063
145.211581 -3.4161269999999995 6 0.953 nan nan nan nan 18.539 0.0178 18.2429 0.0157
145.209278 -3.316035 22 0.982 17.454 0.0089 17.2123 0.0194 17.0232 0.0155 16.9875 0.025
145.16683700000002 -3.4024629999999996 20 0.991 15.2565 0.0092 14.9348 0.0072 14.7219 0.0083 14.6829 0.0061
145.165438 -3.4027589999999996 26 0.99 14.5971 0.0083 14.2602 0.0058 14.0558 0.0072 14.0073 0.0053
145.256464 -3.382989 21 0.983 15.9282 0.0143 15.2811 0.0063 14.8511 0.0044 14.7018 0.0048
145.188793 -3.312643 22 0.995 16.5062 0.0077 15.9588 0.0101 15.6115 0.0062 15.4691 0.0043
145.256448 -3.3439360000000002 27 0.997 13.1458 0.0055 12.8642 0.0068 12.7056 0.0043 12.6776 0.0043
145.194478 -3.4244559999999997 18 0.983 17.9478 0.024 17.0526 0.0099 16.467 0.0055 16.2703 0.0117
145.255886 -3.3375 28 0.9840000000000001 15.206 0.0104 14.765 0.0078 14.5002 0.0043 14.4189 0.0044
145.143561 -3.3571779999999998 40 0.9990000000000001 13.9562 0.0067 13.4426 0.0047 13.1549 0.0044 13.0596 0.0053
145.179257 -3.309565 6 0.9520000000000001 19.386 0.0139 18.7878 0.0111 18.4347 0.0432 18.2679 0.0343
145.146421 -3.3960980000000003 33 0.9840000000000001 16.165 0.0063 15.844000000000001 0.006999999999999999 15.6173 0.0078 15.552 0.0077
145.246135 -3.4150139999999998 18 0.981 16.6251 0.021 16.0181 0.0233 15.6317 0.0057 15.4842 0.0048
145.26031799999998 -3.334255 18 0.982 17.0174 0.0157 16.4382 0.0088 16.0102 0.0067 15.8591 0.0052
145.163153 -3.4188680000000002 14 0.981 19.2985 0.0139 18.4026 0.0102 17.5043 0.0111 17.1722 0.0179
145.1373 -3.365281 28 0.9840000000000001 16.7551 0.0163 16.2608 0.0109 15.914000000000001 0.006999999999999999 15.7994 0.0064
145.166879 -3.311601 10 0.977 18.2757 0.0455 18.1271 0.0949 17.8738 0.013999999999999999 17.743 0.0087
145.195277 -3.4375709999999997 25 0.983 16.916 0.017 16.6651 0.0117 16.4958 0.0076 16.4551 0.0067
145.211455 -3.438025 25 0.983 16.2221 0.0064 15.9428 0.0085 15.7393 0.0049 15.7145 0.0067
145.274452 -3.34703 29 0.983 15.4134 0.0142 15.1536 0.0069 15.0258 0.0054 15.0129 0.0047
145.277361 -3.370365 20 0.987 16.5003 0.0167 15.5485 0.0063 14.0342 0.0057 13.4797 0.0044
145.13010500000001 -3.34984 19 0.985 17.820999999999998 0.0218 16.8921 0.0073 15.7892 0.0049 15.3698 0.0086
145.2024 -3.443801 21 0.9840000000000001 15.6176 0.0079 15.2827 0.0122 15.1723 0.0048 15.1464 0.0077
145.15803 -3.429697 27 0.983 16.4809 0.0138 16.0705 0.0059 15.8473 0.0126 15.7399 0.0153
145.13221000000001 -3.397872 13 0.98 nan nan 18.4051 0.0145 17.7759 0.0173 17.5146 0.0134
145.24178600000002 -3.4354709999999997 9 0.972 nan nan nan nan 17.4921 0.0231 17.0545 0.0072
145.274408 -3.330961 26 0.986 14.9988 0.0062 14.738 0.0061 14.6105 0.0048 14.6013 0.0062
145.220648 -3.2886910000000005 25 0.983 16.2176 0.006 15.9477 0.0096 15.7915 0.0062 15.7709 0.0098
145.148668 -3.425874 22 0.983 17.771 0.0124 17.291 0.0126 16.972 0.0118 16.8468 0.0059
145.143948 -3.310853 12 0.968 19.5885 0.0268 18.7551 0.0957 18.2258 0.0134 18.0034 0.0089
145.125423 -3.342051 35 0.998 12.5705 0.0047 12.3005 0.0053 12.1522 0.0047 12.1284 0.0059
145.192235 -3.2857519999999996 29 0.9890000000000001 16.6199 0.0121 16.4292 0.0075 16.3081 0.0045 16.2895 0.0134
145.187691 -3.447251 11 0.978 18.3425 0.0107 17.906 0.0102 17.5523 0.0145 17.4957 0.0093
145.203689 -3.283925 20 1.0 10.6239 0.0063 10.4495 0.0074 10.3947 0.0061 10.421 0.0061
145.120275 -3.357707 10 0.9620000000000001 20.3262 0.0165 19.308 0.0179 18.2118 0.0202 17.7981 0.0314
145.144679 -3.303107 36 0.9990000000000001 12.7088 0.0047 12.138 0.0053 11.7951 0.0043 11.6733 0.0051
145.13993100000002 -3.30661 17 0.982 19.9264 0.0142 18.9549 0.0188 17.4349 0.0123 16.8653 0.0135
145.163631 -3.445029 5 0.9790000000000001 18.8546 0.0105 18.563 0.1074 18.4311 0.0126 18.3286 0.0176
145.258668 -3.43569 28 0.9990000000000001 13.7363 0.0059 12.9774 0.0082 12.4418 0.0043 12.239 0.0043
145.19008 -3.45402 26 0.987 14.704 0.0068 14.2099 0.0061 13.9556 0.0048 13.8609 0.0047
145.128071 -3.415317 22 0.9890000000000001 17.355 0.019 16.7296 0.0114 16.3013 0.01 16.1251 0.0054
145.278913 -3.316443 23 0.987 15.716 0.0116 15.241 0.0062 14.9303 0.0044 14.8272 0.0058
145.29156 -3.3439629999999996 27 0.995 13.934000000000001 0.0072 13.6042 0.0074 13.4553 0.0043 13.4277 0.0061
145.149225 -3.2937309999999997 9 0.9570000000000001 20.8468 0.0411 19.9215 0.0185 18.5669 0.0157 18.1609 0.0206
145.225315 -3.4552989999999997 10 0.965 nan nan 17.9189 0.1498 17.5317 0.0092 17.273 0.0151
145.246644 -3.448539 21 0.998 12.8475 0.0135 12.5308 0.0074 12.3662 0.0065 12.3242 0.0055
145.110871 -3.3625839999999996 26 0.986 15.9701 0.0094 15.5229 0.0173 15.2694 0.0053 15.1811 0.0087
145.11215900000002 -3.350628 19 0.983 17.2788 0.0121 16.9069 0.0113 16.6655 0.0104 16.6142 0.006999999999999999
145.165565 -3.2804879999999996 19 0.983 17.0884 0.0111 16.7562 0.0083 16.5133 0.0051 16.4371 0.027000000000000003
145.290154 -3.4048559999999997 11 0.975 nan nan nan nan 17.5337 0.022000000000000002 17.2113 0.0145
145.141872 -3.29408 8 0.9520000000000001 nan nan 19.6702 0.0198 18.5365 0.0109 18.0416 0.0397
145.15700900000002 -3.283204 25 0.982 17.6046 0.0125 17.3379 0.0103 17.1804 0.023 17.1312 0.0061
145.21279199999998 -3.270289 21 0.982 17.3352 0.0083 17.1842 0.0181 17.0433 0.0063 17.0652 0.0137
145.194173 -3.269843 11 0.977 nan nan nan nan 17.8403 0.0181 17.488 0.0255
145.22619 -3.4616059999999997 10 0.975 nan nan nan nan 17.621 0.0161 16.9684 0.0061
145.25575700000002 -3.4497150000000003 12 0.98 17.7733 0.0232 17.3251 0.019 17.1207 0.0078 17.1069 0.0102
145.205356 -3.465123 10 0.976 nan nan 18.2812 0.015 17.2607 0.0067 16.8725 0.0065
145.118054 -3.3165839999999998 15 0.983 18.8262 0.0105 17.9184 0.0086 17.0021 0.0123 16.6608 0.0062
145.300306 -3.343489 17 0.975 17.7852 0.0442 17.0052 0.0151 16.3754 0.006 16.1514 0.0083
145.148828 -3.4515239999999996 23 0.986 15.4035 0.0111 15.0986 0.0081 14.9418 0.0061 14.8953 0.0077
145.133812 -3.291519 8 0.966 20.0403 0.0124 19.1353 0.0117 18.1933 0.0273 17.8498 0.0212
145.138623 -3.4464870000000003 18 0.9840000000000001 16.4364 0.0079 16.2077 0.006999999999999999 16.0946 0.0066 16.0784 0.0108
145.302946 -3.3383559999999997 25 0.982 16.4314 0.0159 16.1556 0.0065 15.9905 0.0053 15.9716 0.0046
145.100243 -3.373159 29 0.991 14.9064 0.0065 14.5247 0.0111 14.3263 0.0044 14.2602 0.0043
145.306384 -3.3801589999999995 19 0.9790000000000001 17.6209 0.0182 17.2544 0.0327 17.1336 0.0067 17.0917 0.0089
145.123854 -3.300568 31 0.985 16.1107 0.006 15.8665 0.0059 15.7613 0.0048 15.7377 0.0046
145.099308 -3.362064 22 0.983 17.7146 0.012 17.2265 0.0135 16.927 0.0082 16.7767 0.0123
145.11144299999998 -3.3178300000000003 13 0.9790000000000001 19.0996 0.0113 18.3859 0.0495 17.801 0.0186 17.615 0.0273
145.100549 -3.3844339999999997 15 0.9790000000000001 19.0135 0.0106 17.9689 0.0249 17.6376 0.0147 17.4596 0.0328
145.132738 -3.289947 12 0.978 nan nan 18.417 0.0165 17.8616 0.0112 17.7155 0.0174
145.305182 -3.3932830000000003 29 0.983 15.1109 0.0121 14.8699 0.0148 14.7287 0.0045 14.7118 0.0084
145.117671 -3.4275510000000002 23 0.986 16.4602 0.0113 15.6924 0.0063 15.1656 0.0055 14.9497 0.0074
145.157136 -3.4613370000000003 20 0.981 18.1766 0.0613 17.8339 0.0097 17.5824 0.0055 17.4578 0.0305
145.24158 -3.4676940000000003 28 0.9840000000000001 15.1197 0.0127 14.7571 0.0077 14.5705 0.0048 14.535 0.0044
145.311509 -3.383064 16 0.98 17.7798 0.0123 17.1739 0.0371 16.7485 0.0112 16.5698 0.0098
145.27698 -3.285961 17 0.972 18.0703 0.0767 17.7884 0.0292 17.5738 0.0196 17.4958 0.0413
145.17924399999998 -3.258572 20 0.981 17.9506 0.024 17.4804 0.0225 17.2356 0.0193 17.1278 0.0088
145.105501 -3.42251 32 0.986 15.1728 0.0056 14.8457 0.0053 14.6451 0.0043 14.5891 0.0044
145.310176 -3.3275589999999995 28 0.985 14.7396 0.0091 14.4961 0.0061 14.3821 0.0043 14.3836 0.0043
145.27451399999998 -3.276191 25 0.983 16.0745 0.0079 15.6987 0.0096 15.4645 0.0068 15.4147 0.0056
145.186836 -3.252303 11 0.977 nan nan nan nan 17.9546 0.008 17.605999999999998 0.0096
145.319082 -3.377668 13 0.975 nan nan 18.0936 0.0559 17.4675 0.0089 17.2819 0.0071
145.117381 -3.288507 13 0.98 18.3748 0.071 18.1997 0.0466 18.108 0.0114 18.1417 0.0404
145.089483 -3.342635 14 0.9740000000000001 18.3064 0.0247 18.141 0.0183 17.984 0.0108 17.977999999999998 0.0195
145.160907 -3.25838 20 0.966 18.1436 0.0485 17.7939 0.0295 17.5309 0.0129 17.4692 0.0158
145.25688200000002 -3.262557 18 0.981 17.1758 0.0109 16.6189 0.008 16.2447 0.0112 16.0769 0.005
145.087179 -3.351325 36 0.996 13.7488 0.0044 13.4422 0.0047 13.282 0.004 13.2525 0.004
145.31051599999998 -3.316982 14 0.981 nan nan 17.9783 0.0219 16.5888 0.0075 16.0385 0.0053
145.085874 -3.3807629999999995 31 0.9890000000000001 15.6741 0.0061 15.2975 0.008 15.0806 0.0056 15.014000000000001 0.0042
145.235217 -3.2521299999999997 29 0.9890000000000001 13.7762 0.0077 13.3994 0.0061 13.1934 0.0043 13.1352 0.0043
145.155405 -3.257879 20 0.981 18.1702 0.0394 17.7571 0.0088 17.5481 0.0124 17.457 0.0124
145.293828 -3.288124 12 0.976 nan nan 17.9702 0.0285 17.3413 0.0287 17.0856 0.0067
145.114242 -3.447889 15 0.983 17.4272 0.0197 17.1403 0.0095 16.944000000000003 0.0366 16.838 0.0214
145.130334 -3.464058 6 0.9640000000000001 19.2996 0.0105 18.9744 0.0105 18.8585 0.0201 18.8583 0.0192
145.081392 -3.3756690000000003 19 0.981 18.2074 0.0281 17.9004 0.0207 17.7477 0.0084 17.6694 0.0442
145.146505 -3.475485 14 0.975 20.445999999999998 0.0181 19.452 0.0111 18.0121 0.0197 17.5199 0.0123
145.186236 -3.2452900000000002 24 0.983 17.4343 0.0139 17.0449 0.0131 16.8553 0.0089 16.7702 0.0069
145.087454 -3.3262300000000002 8 0.973 19.7559 0.0143 18.9224 0.0126 18.2446 0.0176 18.0063 0.0175
145.135161 -3.2642189999999998 35 0.988 17.237000000000002 0.0444 16.4229 0.0233 15.229000000000001 0.0057 14.8009 0.0048
145.19673600000002 -3.240951 35 0.9990000000000001 12.2702 0.0048 11.9579 0.0053 11.8155 0.004 11.7923 0.004
145.105853 -3.2864970000000002 32 0.985 15.210999999999999 0.0047 14.879000000000001 0.008 14.7074 0.0048 14.6695 0.0044
145.17085500000002 -3.2445619999999997 32 0.985 15.1368 0.0071 14.8032 0.005 14.6197 0.0071 14.587 0.0047
145.084699 -3.4117610000000003 13 0.981 18.7114 0.0105 18.1106 0.0147 17.7401 0.0076 17.5711 0.0083
145.31552 -3.428094 27 0.9990000000000001 12.8693 0.0097 12.2046 0.01 11.7905 0.0043 11.6068 0.0052
145.100795 -3.290695 21 0.985 17.5837 0.0248 17.1632 0.0092 16.9417 0.023 16.8471 0.0225
145.084279 -3.41526 5 0.973 18.9943 0.0112 18.8122 0.0115 18.7439 0.0193 18.8159 0.0236
145.137057 -3.254395 23 0.9890000000000001 17.0665 0.0092 16.3126 0.0052 15.7824 0.0089 15.544 0.0065
145.074512 -3.3890519999999995 26 0.985 15.9393 0.0128 15.3817 0.0063 15.0259 0.0053 14.8893 0.0053
145.301847 -3.453525 10 0.98 18.1475 0.0208 17.2656 0.0136 16.3014 0.0086 15.9617 0.0072
145.114777 -3.269791 10 0.976 20.2277 0.0133 19.3643 0.0161 18.0309 0.0079 17.5346 0.0205
145.33246699999998 -3.340099 14 0.9540000000000001 18.1718 0.0192 17.9978 0.0791 17.8895 0.0206 17.9022 0.0128
145.329846 -3.3281629999999995 19 0.982 16.7955 0.0121 16.0404 0.013000000000000001 15.5409 0.0056 15.3569 0.0075
145.097781 -3.4463120000000003 26 0.985 14.8395 0.0049 14.5622 0.0055 14.4271 0.0101 14.4032 0.0081
145.080466 -3.3157620000000003 27 0.9990000000000001 11.819 0.0061 11.5953 0.0062 11.504000000000001 0.0054 11.5004 0.0055
145.296616 -3.4623720000000002 22 0.983 16.1936 0.0154 15.8924 0.0067 15.7209 0.0059 15.675999999999998 0.0052
145.25481299999998 -3.489953 12 0.9640000000000001 nan nan 18.2041 0.0632 17.3399 0.0122 16.974 0.0139
145.083226 -3.427088 32 0.985 15.4239 0.0078 15.1546 0.0083 15.0194 0.0044 14.9854 0.0043
145.070448 -3.342001 19 0.983 18.2524 0.0092 17.452 0.0075 16.8197 0.0064 16.6248 0.0055
145.085812 -3.4347440000000002 7 0.953 20.6251 0.0149 19.7618 0.0111 18.6173 0.0138 18.152 0.0189
145.150926 -3.492357 7 0.963 19.8761 0.0118 19.3402 0.0118 19.0069 0.0523 18.9516 0.026000000000000002
145.325378 -3.430109 15 0.98 18.2952 0.0162 17.4462 0.0264 16.7319 0.0098 16.4844 0.0166
145.33031 -3.419835 13 0.9790000000000001 nan nan 17.9406 0.0286 16.8976 0.0121 16.4928 0.0113
145.33533 -3.406538 9 0.95 nan nan nan nan 17.8475 0.0365 17.7183 0.0095
145.098004 -3.4553300000000005 20 0.982 17.9836 0.0092 17.6081 0.0177 17.4131 0.0085 17.3624 0.0109
145.094872 -3.451769 20 0.9840000000000001 16.4293 0.0059 16.043 0.0055 15.7904 0.0074 15.6854 0.005
145.306858 -3.2746169999999997 12 0.973 nan nan 18.1444 0.0273 17.2622 0.0072 16.9059 0.0148
145.100864 -3.2734669999999997 6 0.9570000000000001 19.9522 0.0177 19.0751 0.0111 18.441 0.0098 18.2159 0.0502
145.328468 -3.306085 20 0.9790000000000001 17.2415 0.0299 16.8399 0.0386 16.6259 0.0133 16.5477 0.0188
145.141708 -3.491396 24 0.983 17.585 0.006999999999999999 17.1432 0.0276 16.9359 0.006999999999999999 16.8254 0.0133
145.06894499999999 -3.3277769999999998 39 0.995 13.8917 0.005 13.649000000000001 0.0047 13.5476 0.0041 13.5509 0.0042
145.344004 -3.3702650000000003 19 0.98 16.2537 0.0069 16.0268 0.0173 15.9067 0.0064 15.9045 0.009000000000000001
145.101493 -3.2703900000000004 12 0.978 19.0778 0.0159 18.3638 0.0102 17.9008 0.0121 17.6702 0.0587
145.177722 -3.2288419999999998 22 0.9840000000000001 16.1464 0.0078 15.7187 0.0107 15.4282 0.0054 15.3318 0.0058
145.134624 -3.244321 12 0.971 18.6692 0.0105 18.2885 0.0423 18.0251 0.0187 18.0072 0.0187
145.07171499999998 -3.416726 21 0.983 17.5926 0.0226 17.0067 0.0072 16.6089 0.0056 16.4639 0.0073
145.230044 -3.5056410000000002 16 0.981 17.8992 0.0135 17.0311 0.0085 16.1876 0.0105 15.8412 0.0051
145.072227 -3.31166 27 0.9840000000000001 16.5846 0.0103 16.2085 0.0112 15.9925 0.0061 15.9174 0.0117
145.161445 -3.5028610000000002 30 0.988 15.425 0.0134 15.0866 0.0053 14.9204 0.0073 14.88 0.0066
145.221027 -3.508435 25 0.983 16.2707 0.0296 15.9487 0.0107 15.8285 0.0079 15.8044 0.0063
145.31181999999998 -3.273196 28 0.987 14.3531 0.009000000000000001 14.0455 0.0061 13.8749 0.0043 13.8445 0.0049
145.112401 -3.4772089999999998 21 0.983 17.5732 0.0164 17.154 0.0085 16.797 0.0097 16.6807 0.0119
145.091869 -3.273539 19 0.982 18.3109 0.0859 17.5563 0.0095 17.0404 0.0063 16.8308 0.0127
145.327011 -3.2883160000000005 22 0.983 16.0797 0.0075 15.7438 0.008 15.5231 0.0053 15.4674 0.0061
145.063146 -3.4100379999999997 32 0.9890000000000001 14.6516 0.0108 14.2342 0.0053 14.0188 0.0044 13.9488 0.0055
145.20603300000002 -3.219272 12 0.968 nan nan 18.5734 0.0317 17.3813 0.0133 16.9897 0.0165
145.307749 -3.261829 9 0.961 nan nan nan nan 17.8992 0.0106 17.5045 0.0212
145.09412 -3.266609 10 0.973 19.3913 0.0114 18.6182 0.0526 18.1472 0.0213 17.9593 0.0228
145.188204 -3.218966 21 0.983 17.164 0.0142 16.8039 0.0355 16.6188 0.0074 16.5581 0.0068
145.28398 -3.492369 28 0.985 14.4132 0.0147 14.1766 0.0109 14.062000000000001 0.0047 14.0562 0.0043
145.08800300000001 -3.461404 25 0.983 17.773 0.0378 17.3695 0.0174 17.0968 0.008 16.9755 0.0101
145.158051 -3.509289 30 0.992 15.5437 0.0079 15.1338 0.0059 14.8648 0.0059 14.7667 0.0086
145.054255 -3.3483949999999996 4 0.958 19.554000000000002 0.0158 19.3151 0.0135 19.3485 0.0604 nan nan
145.151277 -3.2260009999999997 20 0.983 18.8742 0.0146 17.9621 0.0216 16.473 0.0069 15.8906 0.0044
145.341307 -3.4302059999999996 19 0.982 16.0082 0.0078 15.7669 0.0208 15.5596 0.0052 15.5074 0.0068
145.054177 -3.3281110000000003 12 0.978 19.8634 0.0215 18.9048 0.0113 17.8496 0.0077 17.4735 0.0309
145.08199299999998 -3.2709080000000004 17 0.98 18.6219 0.0108 18.027 0.0184 17.6567 0.0128 17.5278 0.0394
145.149329 -3.221766 38 0.986 15.3084 0.0074 15.0436 0.005 14.9171 0.004 14.9106 0.004
145.05485900000002 -3.413876 16 0.985 18.397000000000002 0.0106 17.4786 0.0071 16.3025 0.008 15.8487 0.0091
145.323738 -3.466709 20 0.981 17.4578 0.0333 17.112000000000002 0.0185 16.8993 0.0159 16.866 0.0105
145.107022 -3.243978 2 0.976 18.2613 0.0109 17.8465 0.0107 nan nan nan nan
145.274361 -3.2274540000000003 15 0.976 18.061 0.0329 17.472 0.0155 16.9276 0.0091 16.6603 0.009000000000000001
145.355055 -3.4089300000000002 20 0.981 16.1685 0.0092 15.8941 0.0144 15.7382 0.0056 15.7222 0.0065
145.283113 -3.502474 18 0.997 17.2045 0.0516 16.704 0.0294 16.3778 0.0059 16.2602 0.0057
145.094177 -3.480205 6 0.972 18.9906 0.0105 18.7987 0.0131 18.7403 0.0283 18.6255 0.0157
145.233467 -3.5213870000000003 11 0.9640000000000001 nan nan 18.3408 0.0323 17.6336 0.0154 17.4406 0.0078
145.066808 -3.287806 22 0.983 17.7895 0.0378 17.2613 0.0253 16.8934 0.0078 16.768 0.0063
145.055502 -3.424004 29 0.9840000000000001 15.9735 0.0119 15.7164 0.0062 15.5735 0.0057 15.5472 0.0075
145.173298 -3.5225199999999997 17 0.981 18.5507 0.0105 17.64 0.0322 16.2831 0.0059 15.7712 0.0053
145.227126 -3.524757 30 0.983 15.5259 0.0204 15.1599 0.0053 14.9484 0.0129 14.8748 0.0057
145.095121 -3.485557 5 0.956 nan nan 18.9402 0.0117 18.7021 0.0502 18.6442 0.0367
145.222284 -3.206948 9 0.961 nan nan nan nan 17.8065 0.0136 17.3388 0.034
145.22544299999998 -3.207076 10 0.9690000000000001 nan nan nan nan 17.7484 0.034 17.0786 0.0086
145.285451 -3.227519 16 0.981 17.7082 0.0537 16.9181 0.0092 16.4117 0.0068 16.1968 0.0055
145.063758 -3.284755 6 0.966 19.7741 0.0243 19.0867 0.0119 18.5442 0.0247 18.3961 0.027999999999999997
145.16933799999998 -3.525154 25 0.983 17.3054 0.0263 16.9689 0.0175 16.7481 0.0064 16.7042 0.0112
145.043103 -3.334597 11 0.9790000000000001 18.6656 0.0108 18.1642 0.017 17.7781 0.0083 17.6141 0.0103
145.335554 -3.269238 16 0.9640000000000001 18.256 0.0839 17.7604 0.0179 17.6736 0.0063 17.5915 0.0267
145.195593 -3.53185 22 0.983 16.881 0.0143 16.4932 0.0176 16.3586 0.0066 16.328 0.0053
145.130848 -3.5153870000000005 34 0.988 15.5632 0.0062 15.2868 0.0082 15.129000000000001 0.005 15.0986 0.0065
145.365144 -3.405439 16 0.971 17.8203 0.0288 17.695999999999998 0.0288 17.5958 0.0252 17.6044 0.0092
145.14873300000002 -3.523547 42 0.988 15.3888 0.0062 14.9431 0.0067 14.6134 0.0045 14.485999999999999 0.0065
145.274628 -3.517635 26 0.995 14.1171 0.0091 13.7142 0.0062 13.4362 0.0047 13.3403 0.0043
145.368409 -3.340089 19 0.972 17.3748 0.0132 17.0418 0.0104 16.8292 0.0212 16.7688 0.0257
145.08173200000002 -3.48329 7 0.9740000000000001 19.6408 0.0163 19.0418 0.0122 18.4893 0.0093 18.3317 0.0599
145.035538 -3.351354 13 0.981 nan nan 18.3012 0.0176 17.4059 0.0117 17.061 0.0133
145.044989 -3.3091779999999997 14 0.981 18.3045 0.0122 18.0741 0.0093 17.8789 0.0354 17.9061 0.0181
145.138794 -3.2109240000000003 39 0.995 13.9879 0.0044 13.6449 0.0063 13.4596 0.004 13.4199 0.004
145.03516499999998 -3.383455 24 0.983 16.6445 0.0096 16.4139 0.0077 16.3069 0.0054 16.2904 0.0053
145.17523500000001 -3.5333699999999997 16 0.981 nan nan 17.8885 0.0185 16.9374 0.0189 16.5679 0.0104
145.080011 -3.250518 34 0.9990000000000001 12.0165 0.0048 11.8435 0.0053 11.8075 0.0054 11.8471 0.004
145.20578999999998 -3.5368730000000004 15 0.976 18.276 0.0397 17.6113 0.0259 17.1259 0.0175 16.9463 0.0061
145.27871000000002 -3.5204730000000004 34 0.9890000000000001 14.8613 0.0079 14.6446 0.0053 14.5408 0.0061 14.5445 0.004
145.095567 -3.233287 25 0.982 17.5684 0.0192 16.9016 0.0264 16.4326 0.0089 16.2585 0.0097
145.375 -3.3809949999999995 16 0.981 16.6717 0.0137 16.2864 0.0088 16.0411 0.0053 15.9622 0.0052
145.375707 -3.369791 16 0.9740000000000001 18.0631 0.0677 17.4946 0.013999999999999999 17.1867 0.0268 17.0032 0.0175
145.031181 -3.37172 12 0.975 19.3538 0.012 18.5678 0.0286 17.9788 0.015 17.7107 0.0287
145.36762199999998 -3.42193 8 0.97 nan nan nan nan 17.5149 0.0067 17.2081 0.0135
145.033276 -3.330597 12 0.981 20.0443 0.0152 18.9923 0.0155 17.5822 0.0071 17.0568 0.0116
145.268355 -3.528408 19 0.98 17.2653 0.0368 16.7846 0.0088 16.548 0.0121 16.4743 0.0121
145.03381000000002 -3.4109 5 0.968 19.5879 0.0105 19.3026 0.0109 19.1014 0.0107 18.9807 0.0223
145.150845 -3.534049 27 0.981 17.9226 0.0213 17.5446 0.0251 17.3625 0.0107 17.3164 0.0148
145.089631 -3.5003559999999996 16 0.983 19.0337 0.0117 18.1107 0.0109 17.2486 0.0081 16.9274 0.0062
145.274235 -3.5278110000000003 16 0.978 18.2891 0.027999999999999997 17.4474 0.0149 16.8423 0.0186 16.594 0.0151
145.04458799999998 -3.44296 19 0.998 12.9467 0.0061 12.7225 0.0074 12.6236 0.0053 12.6146 0.0054
145.29622 -3.5166730000000004 23 0.982 16.0932 0.0212 15.7796 0.006999999999999999 15.6016 0.0049 15.5821 0.0069
145.048269 -3.281077 5 0.968 19.3267 0.0143 19.1186 0.013000000000000001 19.0627 0.0119 18.8135 0.018000000000000002
145.358851 -3.45338 15 0.982 16.0145 0.0329 15.7715 0.0105 15.5947 0.018000000000000002 15.5684 0.0142
145.36361499999998 -3.288289 17 0.982 17.6709 0.0457 16.8785 0.0112 16.2293 0.0089 15.993 0.0183
145.02791499999998 -3.3352980000000003 17 0.981 18.1568 0.0236 17.8227 0.0207 17.6382 0.0131 17.6881 0.0237
145.043219 -3.4488849999999998 4 0.9620000000000001 19.8717 0.0141 19.1297 0.0114 18.511 0.0106 18.375999999999998 0.0198
145.381457 -3.3350150000000003 12 0.981 nan nan 18.3605 0.0301 16.7937 0.0071 16.179000000000002 0.0081
145.329165 -3.237086 20 0.956 16.8839 0.0262 16.4566 0.0494 16.0976 0.0194 16.0135 0.0216
145.023298 -3.3814309999999996 5 0.9570000000000001 19.3185 0.0115 19.0295 0.011000000000000001 18.9039 0.0272 18.8936 0.0238
145.05641699999998 -3.261805 8 0.97 18.6588 0.0119 18.4006 0.0279 18.2742 0.0141 18.2591 0.0223
145.275677 -3.201193 19 0.976 17.0764 0.0198 16.6039 0.0093 16.2181 0.0122 16.0695 0.0105
145.128524 -3.531594 35 1.0 12.5476 0.0055 12.3438 0.0048 12.2497 0.0047 12.2607 0.0055
145.31033 -3.219364 14 0.976 nan nan 18.1968 0.1139 17.0185 0.0089 16.4973 0.0067
145.373314 -3.433607 23 0.983 16.0986 0.0095 15.7069 0.006999999999999999 15.4619 0.0045 15.3785 0.0102
145.350501 -3.257404 9 0.978 nan nan nan nan 17.0257 0.0061 16.6763 0.0137
145.11015 -3.2092680000000002 8 0.956 nan nan 20.5502 0.0299 18.4583 0.0155 17.5906 0.0404
145.243866 -3.5456790000000002 16 0.975 18.3909 0.0311 17.9023 0.0313 17.5383 0.0072 17.3925 0.0075
145.119805 -3.5302839999999995 20 0.983 17.1985 0.0073 16.9211 0.012 16.718 0.0098 16.6474 0.0075
145.017853 -3.3717580000000003 11 0.977 18.5286 0.0373 18.23 0.0102 18.0881 0.008 18.0636 0.0449
145.233324 -3.550676 11 0.963 nan nan nan nan 17.9471 0.0122 17.678 0.03
145.23259099999999 -3.1826369999999997 27 0.986 14.4369 0.0059 13.9395 0.0061 13.6316 0.0043 13.5207 0.0043
145.204502 -3.18024 28 0.988 14.0406 0.0057 13.7788 0.0061 13.635 0.0054 13.6178 0.0044
145.151827 -3.546381 12 0.976 18.7506 0.0109 18.5085 0.0148 18.4119 0.0148 18.4501 0.0143
145.04011699999998 -3.275081 24 0.983 17.0467 0.0064 16.7561 0.0151 16.6576 0.0162 16.6561 0.0219
145.075994 -3.228484 28 0.9840000000000001 16.3565 0.0088 15.9647 0.0067 15.7 0.0083 15.6088 0.0057
145.015117 -3.374223 5 0.9570000000000001 19.4182 0.0121 19.1366 0.0123 18.9569 0.0297 18.8999 0.0323
145.115308 -3.20037 19 0.983 17.7659 0.0113 17.4428 0.0124 17.1925 0.0078 17.1054 0.0086
145.332211 -3.2280990000000003 18 0.981 16.7841 0.018000000000000002 16.4206 0.0106 16.1693 0.0124 16.0767 0.0083
145.25236 -3.18384 18 0.983 17.2054 0.0351 16.3455 0.0086 14.9507 0.0048 14.4498 0.0064
145.048271 -3.475964 31 0.9890000000000001 14.872 0.0055 14.4502 0.0053 14.2302 0.0048 14.1585 0.0052
145.03638600000002 -3.457046 29 0.997 15.220999999999998 0.0071 14.7509 0.0087 14.5017 0.0072 14.407 0.0051
145.39091299999998 -3.335029 27 1.0 12.4464 0.0053 12.2135 0.0062 12.0744 0.0043 12.0585 0.0049
145.024747 -3.301679 13 0.98 18.9821 0.0142 18.2091 0.0103 17.6818 0.0066 17.4819 0.015
145.203252 -3.176303 20 0.9990000000000001 12.0093 0.0062 11.5123 0.0074 11.2 0.0061 11.0713 0.0061
145.07793600000002 -3.511819 38 0.986 15.6241 0.0049 15.3766 0.0116 15.2279 0.0051 15.2039 0.0061
145.216331 -3.175505 14 0.98 nan nan 18.3086 0.0699 17.3791 0.0067 17.0651 0.0137
145.063622 -3.235172 27 0.985 16.5424 0.0116 16.2881 0.0062 16.1877 0.0046 16.1815 0.0054
145.180054 -3.1759560000000002 24 0.988 15.4595 0.0056 14.9032 0.0075 14.4859 0.0043 14.3286 0.0043
145.02031399999998 -3.427107 8 0.9790000000000001 18.8011 0.0105 18.4847 0.0105 18.2735 0.0108 18.2045 0.0096
145.233136 -3.5572190000000004 15 0.98 17.2744 0.0144 16.8231 0.0404 16.467 0.0055 16.3235 0.0079
145.161338 -3.554851 9 0.97 19.2804 0.0132 18.683 0.0105 18.2821 0.0109 18.166 0.023
145.010541 -3.377215 29 0.9840000000000001 16.2794 0.0147 16.0542 0.0083 15.9406 0.0051 15.9275 0.0092
145.226173 -3.174517 14 1.0 10.1842 0.0075 9.9506 0.0105 nan nan 9.8566 0.0105
145.176019 -3.174778 28 0.983 16.1449 0.0145 15.9171 0.0071 15.8162 0.0071 15.805 0.0067
145.180404 -3.560145 23 0.9840000000000001 16.9412 0.0167 16.5831 0.0061 16.4224 0.0102 16.3489 0.0071
145.348777 -3.235841 15 0.982 16.9357 0.0169 16.4982 0.042 16.1449 0.0125 16.0217 0.01
145.007638 -3.3617209999999997 14 0.9790000000000001 18.9117 0.0115 18.2211 0.0213 17.7881 0.0309 17.6307 0.0232
145.230376 -3.561119 9 0.955 nan nan nan nan 17.5042 0.0163 16.8296 0.0146
145.1657 -3.17414 10 0.98 19.4527 0.0148 18.4779 0.037000000000000005 17.4858 0.0086 17.1177 0.006999999999999999
145.180635 -3.5618489999999996 2 0.961 nan nan 18.987000000000002 0.0108 18.7571 0.0121 nan nan
145.188751 -3.170656 7 0.951 nan nan 18.3064 0.0272 18.3155 0.0174 18.2703 0.0126
145.21221 -3.168788 9 0.953 nan nan nan nan 18.32 0.0117 17.9435 0.0122
145.083658 -3.525157 36 0.99 14.5533 0.0052 14.2973 0.0048 14.1698 0.0053 14.1526 0.0074
145.245685 -3.561575 8 0.973 nan nan nan nan 17.7247 0.0074 17.1651 0.0132
145.40056 -3.401677 11 0.98 18.2839 0.0606 17.4954 0.0567 16.7574 0.0068 16.4582 0.0068
145.124441 -3.5504300000000004 31 0.985 16.0205 0.0101 15.7084 0.0067 15.5584 0.0063 15.5386 0.0048
145.393779 -3.304356 10 0.976 nan nan nan nan 17.3794 0.0156 16.8128 0.0117
145.349099 -3.2282509999999998 14 0.9740000000000001 17.5116 0.0168 17.4789 0.0174 17.2466 0.0095 17.2082 0.0174
145.40530900000002 -3.373225 12 0.972 17.4979 0.0123 17.2565 0.0409 17.021 0.023 17.0098 0.0201
145.200076 -3.5682989999999997 23 0.983 16.7686 0.0471 16.2508 0.0239 15.988 0.0053 15.9081 0.0045
145.003669 -3.3362 20 0.982 17.9623 0.0105 17.3771 0.013000000000000001 17.0156 0.0104 16.8652 0.0088
145.397945 -3.423486 26 0.983 15.4748 0.0079 15.2091 0.0112 15.0377 0.0056 14.9995 0.005
145.068758 -3.518496 24 0.9840000000000001 17.3052 0.0128 16.5546 0.0065 16.0553 0.0116 15.8373 0.0102
145.339962 -3.216031 28 0.9840000000000001 14.6395 0.0058 14.3797 0.0083 14.2287 0.0047 14.2107 0.0058
145.299377 -3.5464290000000003 29 0.99 14.2076 0.0134 13.8684 0.0078 13.6881 0.0048 13.6538 0.0057
145.055051 -3.506217 17 0.98 18.3149 0.032 17.8751 0.03 17.6329 0.0114 17.537 0.0198
145.03807 -3.2477 23 0.992 15.5922 0.0095 14.745999999999999 0.0091 13.8752 0.0043 13.5467 0.0043
145.206544 -3.571126 22 0.986 14.1359 0.0123 13.5666 0.0061 13.2322 0.0061 13.1083 0.0047
145.39828500000002 -3.303435 14 0.971 18.0317 0.0686 17.8243 0.02 17.5471 0.0083 17.5211 0.0113
145.392724 -3.445897 15 0.981 16.2166 0.0276 15.9102 0.0103 15.7601 0.0074 15.7365 0.0059
145.338375 -3.212399 15 0.981 18.1125 0.0639 17.2526 0.0181 16.5273 0.0062 16.2397 0.0067
145.406838 -3.332475 19 0.983 15.5396 0.0086 15.1489 0.0074 14.9238 0.0111 14.8651 0.0055
145.215135 -3.161259 8 0.975 nan nan nan nan 18.022000000000002 0.0072 17.6771 0.0084
145.061039 -3.217865 14 0.983 19.7516 0.0182 18.7878 0.0111 17.1068 0.0109 16.502 0.0151
145.01431599999998 -3.449523 8 0.976 20.0617 0.0133 19.121 0.0121 18.0818 0.0191 17.71 0.0115
145.093855 -3.5418550000000004 8 0.9670000000000001 19.3322 0.0499 18.4402 0.1981 18.2029 0.0094 18.0986 0.013000000000000001
144.998628 -3.3342370000000003 12 0.982 20.0106 0.0225 19.069000000000003 0.0112 17.142 0.0077 16.3809 0.0077
145.334923 -3.204827 8 0.9540000000000001 nan nan nan nan 18.0589 0.0149 17.89 0.036000000000000004
145.049947 -3.225058 12 0.98 19.7072 0.011000000000000001 18.7977 0.0113 17.791 0.0177 17.401 0.0066
145.00451 -3.3008629999999997 11 0.975 20.1885 0.0188 19.3849 0.0105 18.023 0.0098 17.4683 0.0249
145.141807 -3.5671779999999997 32 0.986 15.7932 0.0063 15.3719 0.0078 15.1091 0.0044 15.030999999999999 0.0072
145.413019 -3.347008 7 0.97 nan nan nan nan 17.8613 0.0075 17.1628 0.0091
145.254757 -3.57079 8 0.9640000000000001 nan nan nan nan 17.7474 0.013000000000000001 17.3901 0.0187
145.048069 -3.5102620000000004 9 0.961 nan nan 20.4519 0.0221 18.4099 0.0242 17.5983 0.0247
145.264231 -3.5693900000000003 10 0.97 nan nan 17.9482 0.0135 17.6022 0.0068 17.4868 0.0073
145.09026 -3.187667 6 0.958 nan nan 19.6906 0.0217 18.5023 0.0233 17.9795 0.0117
145.196216 -3.5791470000000003 13 0.9670000000000001 nan nan nan nan 18.1978 0.0293 17.6563 0.0281
145.024505 -3.25181 13 0.98 19.8378 0.0253 18.9627 0.0109 17.724 0.0121 17.2454 0.0105
145.146549 -3.5721160000000003 4 0.958 19.6042 0.0123 19.2766 0.0151 19.0059 0.0116 nan nan
145.406289 -3.2996440000000002 13 0.978 17.4935 0.0418 17.2941 0.0134 17.0966 0.0243 17.1302 0.0091
145.14126100000001 -3.570871 0 0.985 nan nan nan nan nan nan nan nan
145.00556 -3.286199 0 0.988 nan nan nan nan nan nan nan nan
145.027006 -3.4883260000000003 16 0.982 18.6522 0.0109 17.9277 0.0088 17.3362 0.0165 17.1628 0.0305
144.99076499999998 -3.393877 15 0.983 18.2924 0.0394 17.3774 0.0139 16.1093 0.0045 15.6436 0.0098
145.414051 -3.325128 4 0.9540000000000001 nan nan nan nan 17.9901 0.0133 17.7316 0.0688
145.155197 -3.157923 8 0.955 20.1943 0.019 19.3329 0.012 18.487000000000002 0.0249 18.147000000000002 0.0089
145.29613700000002 -3.560463 22 0.983 15.6696 0.0141 15.3761 0.0062 15.216 0.0054 15.1705 0.0056
145.417066 -3.3960519999999996 18 0.987 15.3901 0.0067 15.0975 0.0075 14.9125 0.0053 14.8774 0.0055
145.13083799999998 -3.164176 13 0.968 19.2776 0.012 18.5765 0.0624 18.1613 0.015 17.9401 0.0099
145.122361 -3.56638 7 0.976 20.0039 0.0146 19.1079 0.0113 17.9864 0.0175 17.5304 0.0155
145.113875 -3.562928 16 0.985 17.9282 0.0086 17.0832 0.0081 16.377 0.0066 16.1286 0.0056
145.401562 -3.453871 9 0.97 nan nan 18.5796 0.0423 17.5368 0.0071 17.2613 0.0085
145.04966100000001 -3.5193480000000004 14 0.9790000000000001 19.6071 0.0107 18.6553 0.0105 17.649 0.0171 17.2765 0.0166
144.98828799999998 -3.334403 17 0.983 17.8376 0.0225 17.3558 0.01 17.0103 0.0106 16.8836 0.006999999999999999
145.400948 -3.460008 10 0.972 nan nan 17.9481 0.0304 17.4988 0.027000000000000003 17.3564 0.01
144.985041 -3.352314 9 0.9640000000000001 20.3297 0.0216 19.491 0.0117 18.194000000000003 0.0093 17.7383 0.0204
144.989583 -3.414227 31 0.9990000000000001 13.6659 0.0052 13.2174 0.0065 12.9258 0.0043 12.8127 0.0047
145.052458 -3.52601 6 0.972 19.5928 0.0118 18.891 0.0107 18.4263 0.0207 18.342 0.0275
145.244097 -3.150358 19 0.976 17.5748 0.0235 17.1026 0.0095 16.8796 0.023 16.7646 0.0192
145.416088 -3.3074790000000003 17 0.983 15.5443 0.0142 15.1769 0.016 14.9744 0.0058 14.9478 0.0055
145.416337 -3.4271220000000002 16 0.976 16.6596 0.0122 16.6161 0.0306 16.7083 0.0183 16.7756 0.0219
145.084568 -3.180656 34 1.0 13.0297 0.0045 12.5466 0.0053 12.2549 0.0043 12.1382 0.0048
145.318515 -3.177382 13 0.968 nan nan 18.3831 0.0253 17.4705 0.0195 17.0787 0.0239
145.099412 -3.5625690000000003 15 0.986 17.6421 0.0105 16.7187 0.0227 15.7164 0.006 15.3297 0.0069
145.29005700000002 -3.162561 18 0.981 17.2169 0.012 16.784000000000002 0.0121 16.4945 0.0056 16.4012 0.0083
145.132545 -3.156616 25 0.983 17.8302 0.0405 17.5237 0.0207 17.3804 0.0102 17.3359 0.0182
145.003466 -3.4635910000000005 17 0.983 18.3762 0.0099 17.6394 0.0197 17.1253 0.0133 16.8934 0.0134
144.997497 -3.450651 15 0.986 16.985 0.0242 15.9611 0.0066 14.5931 0.0053 14.0894 0.0086
145.14848700000002 -3.582621 18 0.982 18.9184 0.0151 18.0288 0.0146 17.1096 0.0092 16.7559 0.0051
145.30568799999998 -3.5653599999999996 17 0.982 16.2334 0.0191 15.7573 0.0067 15.4769 0.0053 15.3745 0.0087
145.176053 -3.588713 19 0.983 18.7625 0.012 17.965 0.0246 17.2622 0.0209 16.9854 0.0195
145.358395 -3.204527 21 0.982 16.1047 0.0065 15.9011 0.0133 15.7459 0.0077 15.7099 0.0054
145.18789099999998 -3.590503 35 0.998 13.2193 0.005 12.7266 0.0047 12.3992 0.005 12.2674 0.004
145.003514 -3.46895 5 0.978 19.8638 0.0139 19.2855 0.0155 18.8939 0.022000000000000002 18.7696 0.0179
145.17423 -3.144434 14 0.982 nan nan 17.8462 0.0559 16.2007 0.0061 15.6074 0.0082
145.283885 -3.156368 16 0.975 18.1729 0.0428 17.7056 0.0407 17.475 0.0195 17.38 0.0175
145.14824299999998 -3.147997 23 0.982 17.375999999999998 0.0144 16.9961 0.0148 16.7253 0.005 16.660999999999998 0.0057
145.429915 -3.374017 16 0.982 17.1683 0.0168 16.6223 0.0158 16.3685 0.012 16.2823 0.0174
144.998096 -3.4620910000000005 6 0.9570000000000001 20.4615 0.0215 19.6166 0.0162 18.7605 0.0312 18.3918 0.015
145.370183 -3.213232 24 0.983 16.0101 0.0087 15.6131 0.0094 15.3807 0.0054 15.3326 0.0049
145.03284 -3.216741 12 0.968 20.4491 0.0183 19.5246 0.0121 18.2025 0.0179 17.685 0.0293
145.08553600000002 -3.171877 33 1.0 12.720999999999998 0.0057 12.5024 0.0053 12.4242 0.004 12.4352 0.0046
144.997031 -3.4638139999999997 8 0.961 20.4875 0.0121 19.4894 0.0151 18.3525 0.0089 17.9034 0.0277
145.104373 -3.5726129999999996 7 0.977 19.2928 0.0125 18.7461 0.0115 18.472 0.0225 18.3114 0.0269
145.03527 -3.5216279999999998 12 0.981 20.0965 0.018000000000000002 19.0809 0.0105 17.5424 0.0107 16.941 0.0094
145.41112900000002 -3.4635269999999996 20 0.996 13.7129 0.0061 13.4141 0.0117 13.2734 0.0047 13.2543 0.0047
144.979632 -3.415582 15 0.983 18.8777 0.0105 17.9628 0.0286 17.0838 0.0063 16.729 0.0125
144.985655 -3.4380629999999996 21 0.998 13.7706 0.0055 13.5293 0.0061 13.3959 0.006999999999999999 13.3727 0.0047
144.97631 -3.397707 13 0.981 19.7704 0.0113 18.8166 0.0107 17.667 0.0074 17.194000000000003 0.0131
144.974267 -3.375885 23 0.981 18.0496 0.0255 17.5968 0.0223 17.4229 0.0084 17.3295 0.0202
145.171882 -3.594181 35 0.997 13.8141 0.0059 13.4751 0.0055 13.2584 0.0044 13.2003 0.0041
145.193775 -3.137351 23 0.9840000000000001 16.2807 0.006 15.7807 0.0108 15.4892 0.0045 15.3801 0.0091
145.10611200000002 -3.158634 30 0.9990000000000001 14.299000000000001 0.0331 13.8495 0.0415 13.5728 0.0313 13.4775 0.026000000000000002
145.20861399999998 -3.5967480000000003 30 0.9840000000000001 15.5126 0.0055 15.1933 0.0054 15.0394 0.0091 14.984000000000002 0.0054
144.97858 -3.316239 20 0.983 17.6483 0.0222 17.0172 0.0139 16.5897 0.0058 16.4322 0.0054
145.21071799999999 -3.597153 9 0.977 nan nan nan nan 17.6416 0.0282 17.2741 0.0097
144.973413 -3.3422059999999996 19 0.98 18.5333 0.0085 18.0439 0.0114 17.7383 0.0141 17.6189 0.0169
145.16651000000002 -3.138659 16 0.9790000000000001 18.3121 0.0383 17.8308 0.0108 17.4918 0.0155 17.3392 0.017
145.027024 -3.5169230000000002 18 0.982 17.8243 0.0147 17.4171 0.0233 17.1927 0.0071 17.0927 0.0074
144.993813 -3.466104 21 0.983 17.2394 0.0083 16.759 0.0197 16.5185 0.0211 16.4028 0.0085
145.018704 -3.507158 18 0.982 18.0962 0.0222 17.8622 0.0492 17.8075 0.0179 17.7376 0.0321
144.976861 -3.315461 10 0.977 19.090999999999998 0.0079 18.6362 0.0085 18.3142 0.0079 18.2283 0.0247
145.34976699999999 -3.547296 15 0.982 17.1609 0.0416 16.5513 0.019 16.0117 0.0069 15.8091 0.0091
145.403185 -3.4872769999999997 10 0.978 nan nan 17.7484 0.0753 17.3395 0.0086 17.1402 0.012
145.042459 -3.535221 9 0.9640000000000001 19.2577 0.0109 18.7158 0.0124 18.3208 0.0126 18.1483 0.0146
145.33129499999998 -3.561723 9 0.977 nan nan nan nan 17.4767 0.0334 16.930999999999997 0.017
145.394163 -3.232527 18 0.982 16.5895 0.0193 16.1052 0.0067 15.7997 0.0076 15.6959 0.0084
145.436421 -3.352329 17 0.978 17.6429 0.013999999999999999 17.31 0.0142 17.2728 0.0111 17.1898 0.0409
145.339934 -3.17768 13 0.972 nan nan 17.9947 0.015 17.0587 0.0129 16.7367 0.0112
145.050658 -3.190468 9 0.968 18.8184 0.0105 18.4245 0.0635 18.1542 0.0361 18.083 0.0113
145.05588799999998 -3.5484699999999996 11 0.9740000000000001 20.0747 0.0123 19.2881 0.0144 17.9646 0.0078 17.4835 0.0383
144.984472 -3.451715 15 0.985 16.3633 0.009000000000000001 15.8238 0.009000000000000001 15.5279 0.0055 15.4058 0.0054
145.08283500000002 -3.16482 32 0.986 16.0882 0.0071 15.8101 0.0109 15.6517 0.0056 15.6362 0.0054
145.03458799999999 -3.530851 4 0.956 19.5822 0.0131 19.3704 0.0151 19.2999 0.027999999999999997 nan nan
144.975294 -3.3076510000000003 36 0.993 14.0391 0.0052 13.7151 0.0048 13.5132 0.0043 13.4589 0.0052
145.053976 -3.184686 31 0.985 15.3978 0.0048 15.1344 0.0054 15.0074 0.0059 14.9562 0.005
145.050323 -3.5466879999999996 28 0.985 16.8491 0.0117 16.6325 0.0208 16.4668 0.0053 16.4301 0.0119
144.973523 -3.423511 36 0.986 15.3939 0.0092 15.1208 0.0073 14.9917 0.0077 14.9837 0.004
145.254823 -3.598033 11 0.978 nan nan nan nan 17.2803 0.0061 16.7101 0.0089
145.307547 -3.5796949999999996 27 0.9840000000000001 15.2841 0.0236 14.9689 0.0055 14.7869 0.0049 14.752 0.0048
144.990179 -3.470817 20 0.982 17.7006 0.0093 17.4024 0.0171 17.2641 0.0185 17.2219 0.0084
144.967579 -3.3395370000000004 15 0.976 19.6802 0.0085 18.8043 0.0103 17.9573 0.0094 17.6338 0.0126
145.367468 -3.5395529999999997 22 0.9890000000000001 14.7455 0.0061 14.1829 0.0091 13.843 0.0047 13.7174 0.0049
145.025301 -3.525571 23 0.9840000000000001 17.2097 0.0136 16.5515 0.01 16.1673 0.0086 16.0263 0.01
145.42758 -3.283119 25 0.998 13.0934 0.0053 12.7627 0.0061 12.5728 0.0047 12.5335 0.0057
145.441505 -3.337533 27 0.998 13.4387 0.0053 13.0171 0.0061 12.7849 0.0043 12.7174 0.0044
145.003411 -3.2337919999999998 14 0.982 19.1572 0.0141 18.2092 0.0147 17.3276 0.0075 16.9824 0.0131
145.276003 -3.595787 12 0.98 nan nan 18.2301 0.0714 17.0312 0.006999999999999999 16.6042 0.0133
145.439648 -3.414596 12 0.977 nan nan nan nan 17.7555 0.0298 16.8752 0.0275
145.22234699999998 -3.1264979999999998 20 0.993 16.21 0.0072 15.7287 0.0116 15.3918 0.0067 15.2508 0.0045
145.435827 -3.432836 16 0.982 17.7872 0.0237 16.9181 0.0077 16.2887 0.0053 16.0031 0.0074
145.255143 -3.603195 15 0.9790000000000001 18.2951 0.0521 17.4904 0.0247 16.7918 0.0085 16.5058 0.0074
144.964689 -3.407951 7 0.978 19.0856 0.0129 nan nan 18.4113 0.0135 18.3963 0.0161
145.21211499999998 -3.124562 11 0.98 nan nan nan nan 17.6172 0.0109 17.0888 0.0113
145.018574 -3.5245589999999996 34 0.9940000000000001 14.9933 0.0043 14.6292 0.005 14.4287 0.0051 14.3748 0.0061
144.960399 -3.358128 19 0.9790000000000001 18.3368 0.0159 17.963 0.0152 17.7402 0.0123 17.663 0.0294
145.00018 -3.5002660000000003 17 0.981 18.3724 0.0109 17.9523 0.0165 17.6828 0.0184 17.6032 0.0202
145.040085 -3.5473120000000002 10 0.978 18.6863 0.0105 18.288 0.0465 18.083 0.0117 17.993 0.0152
145.415089 -3.245922 8 0.97 nan nan 18.3698 0.0424 17.5527 0.0184 17.2629 0.0089
144.971808 -3.4424589999999995 10 0.981 18.5958 0.0077 18.3332 0.0076 18.1175 0.0476 18.1778 0.0148
145.308529 -3.586596 20 0.9790000000000001 16.9947 0.0378 16.7544 0.0132 16.5607 0.0054 16.5311 0.013000000000000001
145.289763 -3.138985 29 0.9840000000000001 14.9058 0.0054 14.7091 0.0062 14.6149 0.0044 14.6135 0.0044
145.319423 -3.581347 22 0.982 16.3966 0.006999999999999999 16.0565 0.006999999999999999 15.8597 0.005 15.7979 0.0103
144.959577 -3.355636 20 0.98 18.2948 0.036000000000000004 17.8685 0.0099 17.548 0.0162 17.4548 0.0277
145.111435 -3.140916 32 0.9990000000000001 13.8532 0.0054 13.5465 0.0053 13.4064 0.0043 13.3852 0.0043
145.011472 -3.5178239999999996 9 0.976 19.3871 0.0123 18.631 0.0105 18.0414 0.0197 17.7394 0.0377
145.44808500000002 -3.3650029999999997 12 0.982 nan nan 17.6444 0.0788 16.169 0.0071 15.6359 0.0119
145.314102 -3.584889 15 0.9790000000000001 18.2622 0.021 17.5649 0.0125 16.9892 0.0203 16.7775 0.0179
145.447258 -3.394257 12 0.971 17.8138 0.0843 17.2832 0.0312 16.9087 0.0147 16.7656 0.0107
145.348754 -3.564219 22 0.9840000000000001 15.2306 0.008 14.8641 0.0074 14.6128 0.0053 14.542 0.0085
145.323874 -3.153125 28 0.9840000000000001 15.7438 0.0076 15.4722 0.0145 15.3391 0.0072 15.3128 0.0061
144.96021499999998 -3.3312589999999997 33 0.988 14.6367 0.0054 14.3836 0.0053 14.2463 0.0045 14.2221 0.0043
144.96668200000002 -3.300061 11 0.963 20.2775 0.0241 19.2956 0.0087 18.4827 0.0083 18.1345 0.0304
145.442656 -3.4253730000000004 11 0.976 18.4326 0.0511 17.8465 0.0495 17.3864 0.0073 17.1604 0.0321
145.20166799999998 -3.612969 25 0.986 14.2311 0.0064 13.9438 0.0064 13.7818 0.0053 13.7587 0.0047
144.957349 -3.350806 23 0.983 17.4734 0.0064 16.8051 0.0083 16.4306 0.0058 16.255 0.0065
144.956702 -3.363961 18 0.983 19.0045 0.0099 18.0494 0.0076 17.0502 0.0132 16.684 0.0126
144.98126000000002 -3.475547 21 0.983 17.7001 0.0146 17.2176 0.0117 16.8979 0.0074 16.7469 0.0209
144.965702 -3.4369680000000002 22 0.9840000000000001 16.5435 0.0057 16.242 0.006999999999999999 16.0817 0.0052 16.0347 0.0083
144.956793 -3.3928190000000003 15 0.9790000000000001 20.0841 0.0247 19.1341 0.01 17.694000000000003 0.0116 17.1289 0.0073
144.95498700000002 -3.3879040000000002 28 0.9840000000000001 16.7828 0.0116 16.2169 0.008 15.8557 0.0041 15.7093 0.0047
145.294157 -3.134648 29 0.988 14.687999999999999 0.0058 14.3789 0.0063 14.2107 0.0049 14.1776 0.0045
144.98943400000002 -3.2387639999999998 15 0.983 18.6039 0.0105 17.7104 0.0091 16.9065 0.0062 16.6049 0.0159
145.16605800000002 -3.1203819999999998 4 0.953 19.3575 0.013999999999999999 19.1254 0.011000000000000001 19.0124 0.0514 nan nan
145.391231 -3.2008900000000002 18 0.981 16.5171 0.0116 16.1472 0.0081 15.9216 0.008 15.8704 0.0069
145.31066 -3.140355 18 0.98 17.1782 0.0093 16.7327 0.0123 16.483 0.006999999999999999 16.4086 0.0112
145.195527 -3.115821 18 0.981 18.0445 0.0331 17.8676 0.0152 17.5381 0.0067 17.4614 0.0156
145.092783 -3.1406240000000003 10 0.975 19.4645 0.0118 18.6449 0.0105 18.0261 0.0102 17.7418 0.0316
145.200051 -3.1150029999999997 20 0.985 16.6769 0.0186 15.9088 0.0067 15.350999999999999 0.0049 15.1359 0.0061
145.399904 -3.207389 15 0.983 17.4557 0.0471 16.4945 0.013000000000000001 15.0224 0.0066 14.4941 0.0047
145.183677 -3.114598 34 0.9840000000000001 15.415 0.0131 15.1967 0.0073 15.0862 0.0042 15.0895 0.0042
145.119227 -3.605457 7 0.96 20.3989 0.0866 19.3074 0.0188 18.4942 0.0117 18.195 0.0179
145.184813 -3.6192660000000005 8 0.9640000000000001 20.0074 0.0148 19.1672 0.0128 18.1343 0.0604 17.8004 0.043
145.376528 -3.5519870000000004 14 0.982 17.6166 0.0117 16.8334 0.0276 16.1856 0.0059 15.9334 0.0058
145.268573 -3.121569 18 0.982 17.6497 0.0176 16.8605 0.016 16.2554 0.0155 16.0066 0.006
145.020848 -3.543557 5 0.965 19.3742 0.0119 19.241 0.1873 19.2902 0.0119 nan nan
145.454486 -3.322393 17 0.981 16.6819 0.0084 16.487000000000002 0.0247 16.2985 0.0073 16.2771 0.0067
145.010629 -3.2 8 0.973 20.3192 0.017 19.4871 0.0146 18.1206 0.0147 17.5826 0.0089
145.006844 -3.203745 13 0.98 19.8039 0.0255 18.8791 0.0129 17.7515 0.0088 17.2833 0.0139
145.09808600000002 -3.133713 12 0.982 18.7905 0.0105 18.0 0.0105 17.4674 0.0075 17.2411 0.0116
145.165431 -3.62037 9 0.98 18.3631 0.0133 18.0076 0.01 17.7661 0.0139 17.6654 0.0204
145.110472 -3.127671 19 0.982 18.018 0.0321 17.3702 0.0307 16.9715 0.0166 16.7741 0.0174
145.11401899999998 -3.126153 13 0.982 18.6429 0.0105 17.781 0.0306 17.2596 0.0126 17.02 0.0135
145.320944 -3.138386 19 0.9790000000000001 17.7898 0.0154 17.2999 0.0182 17.0162 0.0158 16.9075 0.0217
145.093992 -3.134049 27 0.9890000000000001 15.9833 0.0046 15.2275 0.0096 14.7385 0.0056 14.552999999999999 0.0046
145.26023600000002 -3.115816 28 0.985 14.642000000000001 0.0054 14.3495 0.0063 14.2009 0.0043 14.1799 0.0046
145.350875 -3.578385 13 0.973 18.2808 0.0467 17.8711 0.0285 17.543 0.011000000000000001 17.3808 0.022000000000000002
145.038722 -3.566678 14 0.98 18.1569 0.0123 17.8615 0.01 17.6425 0.0148 17.6127 0.011000000000000001
145.387179 -3.5496519999999996 18 0.983 17.6327 0.0457 16.7118 0.0216 15.9568 0.0059 15.6645 0.0069
145.07365900000002 -3.5912919999999997 13 0.975 18.6929 0.0176 18.195999999999998 0.0344 18.0561 0.0124 17.9549 0.0216
145.27248 -3.1160080000000003 29 0.986 14.421 0.0053 14.0886 0.009000000000000001 13.904000000000002 0.0043 13.86 0.0047
144.95373700000002 -3.4406849999999998 20 0.983 17.3789 0.0077 17.1595 0.0089 17.0277 0.0088 17.0217 0.0184
145.168382 -3.109068 15 0.98 19.2087 0.0132 18.3826 0.0163 17.6483 0.01 17.3296 0.0127
144.965882 -3.473894 25 0.985 17.2052 0.012 16.2685 0.0064 15.1461 0.0043 14.7216 0.0072
145.206526 -3.627343 6 0.971 nan nan nan nan 18.13 0.0096 17.6061 0.0139
145.086183 -3.133952 6 0.965 19.0146 0.0126 18.7662 0.0108 18.7333 0.0498 18.7437 0.0171
144.95976299999998 -3.461182 38 0.99 15.2522 0.0048 15.0135 0.0052 14.912 0.0048 14.8927 0.0041
145.108202 -3.123742 22 0.982 16.9574 0.0205 17.0129 0.022000000000000002 17.2381 0.0108 17.322 0.0094
145.02284699999998 -3.555604 6 0.9740000000000001 19.0951 0.0116 18.8784 0.0113 18.7373 0.011000000000000001 18.6352 0.0475
145.30525 -3.125315 20 1.0 11.2607 0.0061 11.0862 0.0074 11.0196 0.0061 11.0395 0.0061
145.141269 -3.1118259999999998 16 0.98 19.3184 0.0149 18.4135 0.0133 17.5794 0.0101 17.2606 0.0071
145.466704 -3.3723940000000003 16 0.98 16.7637 0.0107 16.4488 0.0071 16.3232 0.0058 16.3147 0.0121
145.179114 -3.1052150000000003 14 0.981 nan nan 18.0508 0.0328 17.607 0.0099 17.4325 0.0109
145.461149 -3.4228870000000002 16 0.985 14.4798 0.0076 14.1924 0.0074 14.0444 0.0053 14.0204 0.0053
144.952827 -3.449264 14 0.983 18.5131 0.0121 17.6031 0.0086 16.4842 0.0167 16.0941 0.0066
145.081221 -3.133063 18 0.981 18.3497 0.0687 17.9558 0.0199 17.6608 0.0202 17.6118 0.0136
145.31374499999998 -3.6066059999999998 23 0.9840000000000001 15.7568 0.0212 15.218 0.0105 14.8171 0.0085 14.6595 0.0094
144.946421 -3.430461 15 0.982 19.4333 0.0164 18.5023 0.0078 17.5343 0.011000000000000001 17.1387 0.0252
145.453618 -3.279462 11 0.98 nan nan 17.8937 0.0619 17.3621 0.0082 17.1368 0.006999999999999999
145.058289 -3.588112 23 0.983 16.785999999999998 0.0112 16.4313 0.0114 16.2202 0.0054 16.1657 0.0076
145.16917800000002 -3.62917 20 0.9840000000000001 16.9847 0.0245 16.645 0.0109 16.4065 0.0163 16.3558 0.0077
145.013272 -3.18254 10 0.978 19.506 0.0147 18.6606 0.0117 17.896 0.0096 17.5492 0.0132
145.463641 -3.418566 13 0.9790000000000001 17.9646 0.0706 17.2983 0.0102 16.9746 0.0196 16.8163 0.0254
145.155235 -3.6273400000000002 21 0.982 17.916 0.0207 17.6287 0.0114 17.4711 0.0063 17.479 0.0076
145.400024 -3.545225 18 0.982 16.2904 0.009000000000000001 16.0699 0.0166 15.9721 0.0148 15.9915 0.0127
144.947902 -3.438915 15 0.982 18.3342 0.0157 17.8134 0.0076 17.4942 0.0112 17.3758 0.008
145.382627 -3.170048 11 0.976 nan nan 18.0983 0.0212 17.3755 0.0069 17.0779 0.0074
145.009017 -3.184777 32 0.996 13.3244 0.0047 13.1387 0.0054 13.0501 0.0043 13.0604 0.0043
144.981456 -3.219305 31 1.0 13.7238 0.0119 13.0983 0.0151 12.632 0.0082 12.4382 0.0052
144.94873700000002 -3.446142 29 0.986 15.2767 0.005 14.9802 0.0077 14.8296 0.0066 14.8009 0.0056
144.991801 -3.5299110000000002 29 0.987 16.339000000000002 0.0153 16.038 0.0124 15.8463 0.005 15.7958 0.0051
145.078835 -3.130585 15 0.98 19.105 0.0105 18.3244 0.0108 17.7313 0.0122 17.4731 0.0254
145.433783 -3.230811 10 0.981 nan nan 18.308 0.05 16.8871 0.0279 16.3712 0.0086
144.93560300000001 -3.356869 25 0.981 17.5527 0.0174 17.3673 0.006 17.2609 0.0093 17.2762 0.013000000000000001
145.141355 -3.627267 22 0.982 17.927 0.0254 17.5483 0.0072 17.323 0.0187 17.2717 0.0083
145.04898500000002 -3.58607 24 0.983 16.915 0.013999999999999999 16.6815 0.0185 16.5551 0.0083 16.5279 0.0063
144.974168 -3.5068230000000002 29 0.987 16.0832 0.005 15.6109 0.0101 15.3718 0.0067 15.2735 0.0075
145.464145 -3.4330339999999997 9 0.963 nan nan nan nan 17.8966 0.0113 17.4608 0.0337
144.993075 -3.1994759999999998 18 0.9840000000000001 18.2382 0.0336 17.3392 0.0189 16.1255 0.0077 15.6944 0.0061
145.410274 -3.5389 17 0.981 16.5781 0.0109 16.5469 0.0079 16.5551 0.006 16.6103 0.0062
145.378073 -3.161858 25 0.985 15.1871 0.0061 14.8518 0.0071 14.6556 0.0045 14.6041 0.0045
144.949756 -3.4573769999999997 21 0.983 17.7454 0.0104 16.8986 0.0132 16.1462 0.005 15.859000000000002 0.0066
145.13389899999999 -3.626899 4 0.9620000000000001 19.9187 0.0133 19.3515 0.0166 19.1078 0.023 18.9222 0.032
145.29574399999998 -3.619829 9 0.981 nan nan 17.9795 0.0371 16.8332 0.009000000000000001 16.4103 0.0097
144.953829 -3.469058 10 0.966 20.1389 0.0115 19.3146 0.0084 18.6953 0.0178 18.441 0.0532
144.939344 -3.422562 8 0.977 18.9894 0.0081 18.7002 0.0077 18.545 0.0348 18.5248 0.0163
144.97163500000002 -3.2275080000000003 26 0.9890000000000001 16.432000000000002 0.0114 15.6721 0.0058 15.1159 0.004 14.8946 0.0052
145.187018 -3.096278 17 0.9840000000000001 nan nan 17.7584 0.0148 16.2242 0.0127 15.6676 0.0107
145.47209099999998 -3.414982 13 0.981 17.7136 0.0206 17.271 0.0118 16.8857 0.0079 16.7508 0.0082
145.17613500000002 -3.6377980000000005 16 0.983 19.0724 0.0105 18.1328 0.0612 16.8599 0.0104 16.3825 0.0066
144.97340400000002 -3.2203180000000002 28 0.983 16.94 0.0096 16.6651 0.0069 16.49 0.0126 16.4771 0.008
145.217668 -3.0926869999999997 13 0.982 nan nan 17.7743 0.0522 17.2828 0.0111 17.0731 0.0066
145.392024 -3.567168 14 0.988 16.5722 0.0087 15.6222 0.0212 14.4764 0.0069 14.0496 0.0061
145.425258 -3.202801 10 0.9570000000000001 nan nan 18.2215 0.015 17.4297 0.0087 17.144000000000002 0.0277
145.125901 -3.6312879999999996 6 0.977 18.9641 0.0139 18.7474 0.0117 18.6745 0.0352 18.8069 0.0179
144.936721 -3.2945 8 0.9540000000000001 20.0594 0.0106 19.534000000000002 0.0484 19.1248 0.0181 18.9962 0.0189
145.328918 -3.120307 26 0.988 15.3465 0.0115 15.0284 0.0071 14.833 0.0043 14.793 0.0058
144.932199 -3.310178 33 0.9990000000000001 12.982999999999999 0.0066 12.7481 0.0063 12.6579 0.005 12.6553 0.0043
144.980991 -3.201104 29 0.991 15.0563 0.0074 14.397 0.0053 13.9877 0.0043 13.8374 0.0043
145.03014 -3.5833720000000002 13 0.981 19.2973 0.0118 18.4218 0.0212 17.4103 0.0138 17.0509 0.0086
144.984554 -3.195292 31 0.995 14.5756 0.0048 14.1715 0.0053 13.9726 0.0043 13.9097 0.0043
145.44598100000002 -3.230108 21 0.985 14.7454 0.0061 14.5753 0.0094 14.4892 0.0047 14.5023 0.0048
145.097503 -3.6239660000000002 19 0.983 17.2642 0.006999999999999999 16.9016 0.0264 16.6907 0.008 16.6318 0.0238
145.151216 -3.6406709999999998 34 0.9840000000000001 15.7812 0.0065 15.5236 0.0049 15.3844 0.005 15.3664 0.0067
145.21498200000002 -3.0881220000000003 21 0.983 16.7944 0.0072 16.4295 0.0105 16.2294 0.0047 16.1712 0.0061
145.36734099999998 -3.5935089999999996 24 1.0 12.8833 0.0067 12.5609 0.0061 12.3782 0.0047 12.3373 0.0047
145.48276299999998 -3.3911800000000003 15 0.98 18.1633 0.0496 17.34 0.0326 16.4969 0.0103 16.1315 0.0199
145.088786 -3.622068 28 0.997 13.3026 0.0051 13.0292 0.0087 12.8887 0.0068 12.8808 0.0051
145.154435 -3.091063 32 0.9990000000000001 11.600999999999999 0.0053 11.3899 0.0053 11.3052 0.0057 11.3345 0.0055
145.3415 -3.610775 13 0.982 16.5665 0.0079 16.1316 0.0067 15.8399 0.0127 15.7672 0.0098
145.08205700000002 -3.6193910000000002 17 0.983 17.35 0.0068 16.6935 0.0148 16.2487 0.0081 16.0869 0.0153
144.938785 -3.4612160000000003 6 0.951 19.7701 0.0097 19.4896 0.0076 19.2769 0.0104 nan nan
145.239845 -3.08822 19 0.977 17.4335 0.0101 16.8884 0.0406 16.5529 0.0172 16.4007 0.0115
144.921997 -3.378421 10 0.972 19.4775 0.0247 18.7574 0.0109 18.2641 0.009000000000000001 18.0576 0.0109
145.013574 -3.575114 32 0.986 15.0701 0.005 14.7955 0.0048 14.6514 0.0068 14.6276 0.0048
145.12116699999999 -3.096521 17 0.9790000000000001 18.425 0.0415 17.9688 0.0219 17.6633 0.0437 17.546 0.0392
145.009604 -3.5726620000000002 6 0.973 19.0867 0.0115 18.9058 0.0105 18.797 0.0122 18.7756 0.0165
145.485884 -3.346195 8 0.958 nan nan nan nan 17.7967 0.0172 17.237000000000002 0.0136
144.920467 -3.384091 24 0.983 17.3486 0.0103 17.0776 0.0124 16.963 0.0088 16.9565 0.0061
145.196586 -3.083252 18 0.9640000000000001 nan nan 17.7998 0.0375 16.2135 0.0223 15.6315 0.0234
144.92107099999998 -3.328499 17 0.981 18.3349 0.0078 17.9252 0.0088 17.6349 0.0075 17.5452 0.0268
145.28743 -3.094382 15 0.976 nan nan 17.8411 0.0588 17.1696 0.0255 16.8118 0.0158
145.151283 -3.6475519999999997 6 0.97 19.1887 0.0126 18.9682 0.0139 18.8723 0.0084 18.7704 0.0132
145.061817 -3.615078 16 0.985 16.9146 0.0105 16.0863 0.0109 15.536 0.0053 15.3209 0.0059
145.059766 -3.119749 13 0.981 19.8003 0.0125 18.9275 0.0116 17.6105 0.0128 17.1439 0.0125
144.946186 -3.241565 10 0.956 nan nan 20.7243 0.0282 18.5193 0.009000000000000001 17.5385 0.0134
145.145815 -3.646927 18 0.98 18.3763 0.0115 17.934 0.0083 17.6945 0.0107 17.5409 0.028999999999999998
144.97086399999998 -3.19963 32 0.987 16.0611 0.0061 15.5379 0.0056 15.2118 0.0043 15.0911 0.0072
144.923946 -3.432094 19 0.982 17.7178 0.0397 17.4201 0.008 17.2466 0.0162 17.2118 0.0105
145.063518 -3.116273 32 0.9890000000000001 14.6106 0.0053 14.343 0.0061 14.214 0.0043 14.2094 0.0044
145.142185 -3.0863959999999997 14 0.975 20.1241 0.0121 19.2384 0.0164 17.8923 0.0148 17.3826 0.01
145.058191 -3.1179490000000003 13 0.981 19.5652 0.0156 18.5896 0.0222 17.3498 0.0152 16.8902 0.0114
144.92418 -3.4423489999999997 10 0.978 20.7417 0.0232 19.6783 0.0101 18.274 0.0725 17.8618 0.0124
145.493044 -3.3651169999999997 11 0.955 18.2982 0.0729 17.9322 0.0371 17.8436 0.0071 17.7879 0.0116
145.491728 -3.337016 21 0.983 16.127 0.0133 15.7633 0.0087 15.5786 0.0059 15.5215 0.0059
144.96601299999998 -3.5324739999999997 12 0.963 20.4889 0.039 19.6156 0.0088 18.5636 0.0125 18.1143 0.0249
145.152581 -3.651918 40 0.988 15.1844 0.0048 14.9265 0.0051 14.7984 0.0041 14.7875 0.0037
144.91326 -3.366014 20 0.983 17.2481 0.0117 16.3873 0.0092 15.7328 0.0048 15.4879 0.0084
145.00233500000002 -3.1578630000000003 21 0.983 17.1512 0.0111 16.8857 0.009000000000000001 16.7859 0.0105 16.7664 0.009000000000000001
145.461892 -3.2333849999999997 12 0.982 17.2664 0.0169 16.7741 0.0133 16.5528 0.0174 16.4388 0.0152
145.01820700000002 -3.142991 10 0.9690000000000001 19.3513 0.0114 18.5948 0.0184 18.0957 0.024 17.8797 0.01
144.973414 -3.544536 18 0.981 18.6375 0.0114 17.9859 0.0071 17.488 0.006 17.302 0.0135
145.429379 -3.181121 15 0.97 17.9664 0.0887 17.5329 0.0591 17.2158 0.0116 17.0152 0.0299
144.921844 -3.287325 27 0.9840000000000001 16.9573 0.0184 16.6243 0.022000000000000002 16.4398 0.0104 16.3965 0.0185
144.916074 -3.4223800000000004 8 0.9570000000000001 19.7224 0.0229 19.5396 0.0201 19.4471 0.0163 19.4544 0.038
144.968501 -3.1922900000000003 25 0.983 17.9656 0.0205 17.6297 0.0162 17.3727 0.0076 17.2619 0.0177
144.93907 -3.4927099999999998 15 0.981 18.8899 0.008 18.175 0.0339 17.6578 0.0105 17.4404 0.0062
145.093417 -3.0947259999999996 16 0.981 19.3484 0.0129 18.4065 0.0169 17.6589 0.024 17.3841 0.0184
145.418073 -3.165739 11 0.978 17.5555 0.0128 17.0661 0.0683 16.8666 0.0139 16.7743 0.0073
144.959375 -3.5313190000000003 29 0.988 17.271 0.0087 16.8808 0.0141 16.6798 0.0048 16.6192 0.0117
145.177813 -3.072822 19 0.98 18.0145 0.0305 17.7324 0.0551 17.5923 0.0157 17.5842 0.0117
145.367605 -3.121233 28 0.987 13.8098 0.0053 13.6147 0.0061 13.5166 0.0044 13.5323 0.0043
145.056059 -3.110887 23 0.985 16.234 0.0105 15.6874 0.0053 15.3627 0.0052 15.2311 0.0065
145.222028 -3.662446 14 0.983 nan nan 17.8578 0.0244 16.6065 0.0113 16.1129 0.013000000000000001
145.50005 -3.345827 15 0.978 18.1274 0.0292 17.5167 0.0113 16.9925 0.0083 16.7669 0.0074
144.94553200000001 -3.219464 27 0.983 15.9548 0.0263 15.4884 0.0286 15.2093 0.0273 15.1128 0.0249
144.91061299999998 -3.316332 32 0.9940000000000001 14.9188 0.0049 14.5875 0.0053 14.4171 0.0043 14.3704 0.0044
145.274785 -3.0784569999999998 28 0.983 15.4702 0.0098 15.1091 0.0067 14.9201 0.0043 14.8662 0.0052
145.065108 -3.6297610000000002 6 0.958 20.282 0.0236 19.3466 0.0156 18.3594 0.0111 18.0062 0.0147
144.978591 -3.561497 26 0.988 15.0689 0.0062 14.6582 0.0055 14.3841 0.0054 14.2883 0.0079
144.937983 -3.501564 11 0.961 18.8923 0.0174 18.5835 0.0143 18.2458 0.0354 18.0373 0.0344
144.905606 -3.365995 25 0.9840000000000001 16.7155 0.012 16.4163 0.0086 16.2445 0.0093 16.2138 0.0059
144.95504 -3.5312550000000003 39 0.991 14.2509 0.0069 13.9537 0.0047 13.8048 0.0043 13.7788 0.0056
144.916337 -3.286489 26 0.998 13.0717 0.006999999999999999 12.6735 0.0161 12.4818 0.0053 12.4296 0.0043
145.093702 -3.643714 37 0.987 15.42 0.0051 15.0315 0.0044 14.81 0.0096 14.7488 0.006
144.94222299999998 -3.510664 11 0.98 20.1221 0.0522 19.1787 0.0288 17.8562 0.0226 17.4335 0.0124
145.146725 -3.659771 13 0.981 19.7513 0.0137 18.7922 0.0105 17.4717 0.0251 16.9708 0.0146
145.473807 -3.494679 19 0.9990000000000001 12.2082 0.0108 11.853 0.0079 11.6099 0.0086 11.5288 0.0078
145.501038 -3.4001019999999995 14 0.97 18.2695 0.0292 17.6989 0.039 17.3751 0.0095 17.2395 0.0111
145.393009 -3.598531 8 0.961 nan nan nan nan 17.9929 0.0171 17.3301 0.01
145.26656200000002 -3.074267 15 0.98 17.0189 0.0116 16.485 0.0079 16.1074 0.0079 15.9722 0.0095
145.503936 -3.3643379999999996 22 0.983 16.1776 0.0068 15.8699 0.0064 15.6479 0.0045 15.5981 0.0112
144.925779 -3.481092 7 0.9540000000000001 20.8559 0.0251 19.8608 0.0227 18.7282 0.0094 18.2541 0.0115
145.065377 -3.100171 32 0.988 15.1086 0.0063 14.812999999999999 0.0061 14.6642 0.0044 14.65 0.0045
145.062686 -3.6321470000000002 6 0.9740000000000001 19.9192 0.0109 19.1833 0.016 18.5783 0.0308 18.320999999999998 0.0196
144.907961 -3.42296 13 0.981 18.0476 0.0664 17.6372 0.0182 17.5189 0.0086 17.4623 0.0121
145.479289 -3.4876 13 0.9790000000000001 17.9992 0.0171 17.0463 0.038 16.437 0.0085 16.1633 0.0179
145.361557 -3.623126 4 0.951 nan nan nan nan 17.9356 0.0206 17.451 0.0158
144.941994 -3.516697 14 0.98 20.0002 0.045 19.0689 0.0144 17.8788 0.0103 17.4295 0.0107
145.502626 -3.4060010000000003 26 0.9840000000000001 15.913 0.0148 15.6161 0.0063 15.4748 0.0047 15.4285 0.0108
145.142152 -3.071606 27 0.988 16.4149 0.0055 15.6621 0.0077 15.1517 0.0052 14.9596 0.0063
144.945492 -3.5236440000000004 18 0.981 18.8221 0.0076 18.0613 0.0192 17.5001 0.0081 17.309 0.0197
145.46903400000002 -3.22281 7 0.956 nan nan nan nan 17.8576 0.0088 17.4815 0.0198
145.30666200000002 -3.082732 17 0.975 17.8815 0.0122 17.5797 0.018000000000000002 17.4943 0.0246 17.4959 0.0183
145.28894499999998 -3.076537 18 0.98 17.6136 0.0298 17.3022 0.0287 17.0197 0.0095 16.9556 0.0206
144.905497 -3.4234660000000003 15 0.983 18.9974 0.0109 18.0628 0.0176 17.0056 0.0055 16.6057 0.0136
145.506248 -3.341456 25 0.988 14.2655 0.0054 13.5853 0.0061 13.1443 0.0043 12.9806 0.0043
145.506359 -3.3348980000000004 15 0.9790000000000001 18.1158 0.0173 17.5051 0.0145 17.0315 0.0134 16.8812 0.0098
144.901466 -3.4064690000000004 7 0.9690000000000001 19.279 0.0109 19.0667 0.0106 18.8441 0.01 18.8718 0.0516
144.898989 -3.3759059999999996 28 0.986 15.5012 0.0124 15.2015 0.0062 15.0421 0.0044 15.0107 0.0059
145.01912 -3.124614 9 0.9670000000000001 nan nan 19.9667 0.0138 18.2124 0.0279 17.6356 0.0367
144.93231 -3.227801 8 0.955 21.0363 0.021 20.0106 0.036000000000000004 18.7206 0.0383 18.1885 0.0112
145.492954 -3.46285 20 0.9690000000000001 17.1505 0.0485 16.8486 0.0149 16.7181 0.0118 16.6515 0.0217
145.030792 -3.617837 9 0.982 19.2513 0.0113 18.2915 0.0167 17.1915 0.0094 16.7978 0.0126
145.063848 -3.6376440000000003 19 0.9840000000000001 17.0512 0.0111 16.6127 0.0136 16.3652 0.0117 16.268 0.0075
145.406871 -3.139677 10 0.955 nan nan 18.3003 0.0205 17.8989 0.022000000000000002 17.6988 0.0211
144.913829 -3.270038 32 0.996 13.5458 0.0069 13.3739 0.0053 13.3173 0.0043 13.3394 0.0043
145.43701299999998 -3.169355 17 0.9620000000000001 17.8856 0.0193 17.6945 0.0306 17.5809 0.0122 17.5948 0.0429
144.985695 -3.152332 11 0.9740000000000001 19.3941 0.0113 18.6647 0.0119 18.0238 0.0316 17.8275 0.0259
145.012467 -3.1281470000000002 8 0.953 nan nan 19.9164 0.0113 18.4143 0.0131 17.834 0.0256
144.946703 -3.533497 14 0.981 18.7887 0.0129 18.0371 0.0095 17.4653 0.0195 17.2466 0.0078
145.439993 -3.172359 12 0.976 nan nan 18.1596 0.0507 17.3418 0.0217 17.0066 0.0171
145.072216 -3.643163 13 0.982 19.2414 0.0164 18.3642 0.0433 17.3677 0.0063 17.0242 0.0121
145.005415 -3.132708 12 0.9790000000000001 18.6465 0.1518 18.2018 0.0118 17.866 0.017 17.7525 0.0258
145.06126 -3.09485 27 0.9940000000000001 14.1132 0.0051 13.7565 0.0061 13.5623 0.0052 13.5167 0.0047
145.19116599999998 -3.0600669999999996 33 0.9990000000000001 12.5507 0.0055 12.0249 0.0058 11.6896 0.0051 11.5669 0.0043
145.106351 -3.658689 31 0.996 14.1264 0.0048 13.880999999999998 0.0047 13.7693 0.0047 13.7635 0.0043
144.918592 -3.2486759999999997 12 0.976 19.8911 0.0297 18.9892 0.0117 17.9955 0.0061 17.62 0.0173
144.91099499999999 -3.4648589999999997 8 0.955 20.8303 0.0173 19.8829 0.0186 18.8051 0.032 18.4041 0.0201
144.93050300000002 -3.5118120000000004 8 0.97 19.6161 0.0345 19.1579 0.0177 18.8845 0.0146 18.7655 0.0153
145.176603 -3.05893 5 0.963 nan nan nan nan 18.2874 0.0135 17.9812 0.0238
144.997406 -3.1361060000000003 31 0.995 14.609000000000002 0.0048 14.2973 0.0053 14.1178 0.0049 14.0743 0.0044
145.31169 -3.6567839999999996 27 0.985 14.6515 0.0062 14.3829 0.0053 14.2222 0.0047 14.1971 0.0046
145.320801 -3.653457 18 0.981 16.9639 0.0148 16.4122 0.0289 16.0953 0.0059 15.9595 0.0054
144.915902 -3.482873 22 0.983 17.6867 0.0116 17.3669 0.0122 17.2048 0.0108 17.1453 0.0082
145.396592 -3.124346 21 0.9990000000000001 11.38 0.0053 10.8629 0.0061 10.547 0.0053 10.4047 0.0074
145.009614 -3.1249830000000003 8 0.9520000000000001 19.397000000000002 0.0109 18.8772 0.0124 18.4464 0.013999999999999999 18.2826 0.0134
145.11127 -3.071001 13 0.9790000000000001 18.6949 0.0105 18.0978 0.0119 17.7226 0.0129 17.6 0.0082
145.023779 -3.6199169999999996 23 0.986 15.355 0.0088 15.1136 0.0054 14.9732 0.0061 14.9625 0.0054
145.00858200000002 -3.6094269999999997 13 0.9790000000000001 19.8071 0.0111 18.8942 0.0116 17.6593 0.0145 17.2241 0.0172
145.43168799999998 -3.153922 16 0.983 15.902000000000001 0.0098 15.4499 0.0074 15.1688 0.0062 15.0753 0.0066
145.319233 -3.656703 15 0.975 18.1425 0.0901 17.6803 0.013000000000000001 17.3172 0.0227 17.1684 0.0173
145.506108 -3.44541 18 0.988 13.9904 0.0062 13.6876 0.0074 13.5507 0.0062 13.5182 0.0074
145.134348 -3.6712860000000003 29 0.992 16.4243 0.0079 16.0659 0.0048 15.8849 0.0059 15.8325 0.0045
145.392457 -3.117987 26 0.9890000000000001 15.0951 0.0056 14.7587 0.0153 14.552 0.0045 14.4994 0.0043
145.516436 -3.3802470000000002 18 0.983 16.5793 0.0069 15.9733 0.0079 15.6705 0.0046 15.5362 0.0055
145.080883 -3.0785869999999997 20 0.9840000000000001 16.9391 0.0149 16.3188 0.0073 15.9067 0.005 15.7606 0.0071
144.897538 -3.296587 8 0.978 19.7244 0.0158 19.0118 0.0118 18.4426 0.0161 18.257 0.0176
145.387814 -3.6206980000000004 10 0.968 17.944000000000003 0.0152 17.3538 0.0115 16.9636 0.0083 16.8464 0.0105
145.412238 -3.131752 14 0.985 15.7874 0.0078 15.3708 0.0081 15.1569 0.0056 15.0854 0.0055
144.889471 -3.3461809999999996 14 0.982 19.3182 0.0105 18.3855 0.027000000000000003 16.9606 0.0062 16.4159 0.0066
145.48980600000002 -3.497719 12 0.978 nan nan 17.9103 0.0365 17.4979 0.017 17.2704 0.0164
144.888992 -3.352315 6 0.978 19.0131 0.0123 18.7677 0.0113 18.6745 0.0235 18.476 0.0545
145.46874 -3.5365230000000003 26 0.9840000000000001 14.7116 0.0054 14.4248 0.0061 14.27 0.0047 14.2427 0.0047
145.103001 -3.0686880000000003 7 0.9570000000000001 20.3547 0.0152 19.4493 0.0167 18.4434 0.0097 18.0841 0.0242
144.91054499999998 -3.251057 11 0.972 18.9126 0.0206 18.7964 0.0085 18.9417 0.0715 18.8982 0.013999999999999999
145.15630900000002 -3.055771 20 0.985 16.5296 0.0239 16.1516 0.0327 15.9602 0.0044 15.9091 0.0054
145.422623 -3.593746 12 0.96 nan nan 18.1307 0.0377 17.7531 0.0272 17.5561 0.0236
144.99602099999998 -3.12937 16 0.983 19.0921 0.0126 18.0598 0.1007 16.5777 0.0094 15.9876 0.0063
144.88886499999998 -3.3920690000000002 7 0.955 20.2684 0.0146 19.5574 0.013000000000000001 19.0745 0.0097 18.8779 0.0296
145.053975 -3.089252 9 0.9690000000000001 nan nan 19.805 0.0178 18.3775 0.0125 17.7846 0.0291
144.940999 -3.191576 13 0.9790000000000001 20.6965 0.0187 19.6483 0.0108 17.9365 0.006999999999999999 17.2505 0.0209
145.061012 -3.6485550000000004 26 0.9990000000000001 13.2805 0.0089 12.7809 0.01 12.4635 0.0047 12.3435 0.0047
144.88748999999999 -3.3854480000000002 7 0.955 20.2233 0.0709 19.3844 0.0108 18.6214 0.0075 18.4327 0.0253
145.120756 -3.6719199999999996 29 0.992 14.6202 0.0066 14.2797 0.0101 14.0817 0.0049 14.0404 0.0047
145.485834 -3.2234979999999998 14 0.977 17.4159 0.0165 17.2031 0.0108 17.1802 0.013999999999999999 17.1833 0.0148
144.96106899999998 -3.5709459999999997 17 0.9790000000000001 19.922 0.0105 18.9466 0.0153 17.8542 0.0136 17.3971 0.0225
145.368483 -3.0963700000000003 12 0.975 nan nan 18.1694 0.0275 17.6708 0.012 17.5365 0.0256
145.505499 -3.4642190000000004 18 0.981 17.3273 0.0134 16.5592 0.0094 16.0454 0.0056 15.8187 0.0057
145.066468 -3.652849 6 0.9590000000000001 20.5319 0.0152 19.5665 0.0131 18.4293 0.0379 17.9624 0.0316
145.513081 -3.29543 11 0.972 nan nan nan nan 17.6137 0.0145 17.0683 0.0138
145.516796 -3.3136099999999997 23 0.983 15.8274 0.008 15.3856 0.0085 15.1272 0.0044 15.0359 0.0045
145.372652 -3.0977919999999997 13 0.9690000000000001 18.2574 0.0284 18.1503 0.0386 17.8485 0.0077 17.8274 0.031
145.099547 -3.6670760000000002 21 0.983 17.4931 0.0299 17.1201 0.0156 16.9151 0.0076 16.8382 0.0064
144.89301899999998 -3.295957 23 0.9840000000000001 16.8792 0.0124 16.3934 0.0123 16.1288 0.0048 16.0326 0.0066
144.89091299999998 -3.304956 33 0.988 15.5432 0.0098 15.2854 0.0069 15.1639 0.0042 15.1486 0.0066
145.237612 -3.0501009999999997 14 0.981 16.9294 0.0267 16.4364 0.008 16.0653 0.0107 15.9413 0.0062
144.954351 -3.167842 7 0.9540000000000001 nan nan 20.3688 0.0443 18.8026 0.0109 18.2726 0.0164
144.983014 -3.1364080000000003 29 0.992 14.9462 0.0114 14.4652 0.0053 14.1779 0.0043 14.0811 0.0043
144.911292 -3.4954300000000003 6 0.961 21.0687 0.0292 20.0702 0.0297 18.6888 0.0089 18.2912 0.0094
145.269348 -3.054814 17 0.98 16.8736 0.0187 16.6119 0.0125 16.539 0.0062 16.55 0.0092
145.506813 -3.467455 24 0.99 15.7716 0.0136 15.4435 0.0061 15.2662 0.0075 15.2358 0.0104
145.032171 -3.097456 29 0.9990000000000001 12.552 0.006 12.366 0.0061 12.3044 0.0046 12.3184 0.0047
144.963126 -3.577782 11 0.978 18.9464 0.0074 18.724 0.0091 18.602 0.0213 18.5894 0.0537
145.46545700000001 -3.182768 12 0.978 nan nan 17.9973 0.0189 17.3786 0.0189 17.1467 0.0222
145.119903 -3.058118 11 0.9790000000000001 18.9457 0.0132 18.2485 0.0617 17.8649 0.0151 17.6781 0.0157
145.523947 -3.365844 25 0.9840000000000001 15.4717 0.0057 15.1792 0.0064 15.0054 0.0045 14.9597 0.005
145.0203 -3.629286 4 0.985 nan nan nan nan 15.5549 0.0109 15.5988 0.008
145.131674 -3.054725 17 0.98 18.2976 0.0283 17.8266 0.0114 17.5246 0.0111 17.4289 0.0371
144.901941 -3.4767010000000003 14 0.981 19.1872 0.011000000000000001 18.3891 0.0097 17.6767 0.0093 17.3972 0.0165
144.907327 -3.490714 13 0.982 19.5405 0.0117 18.5509 0.0169 17.3175 0.0055 16.8474 0.0056
145.151806 -3.6840620000000004 41 0.9990000000000001 13.3527 0.0075 13.1046 0.0051 12.9789 0.0051 12.9704 0.0054
145.31128999999999 -3.6705120000000004 18 0.983 17.3052 0.0101 16.6601 0.012 16.1874 0.0089 16.0213 0.0058
145.06794399999998 -3.6592279999999997 21 0.983 18.0463 0.0185 17.3457 0.0149 16.801 0.0124 16.63 0.0145
145.034323 -3.092346 27 0.987 16.0146 0.0182 15.7173 0.0092 15.565999999999999 0.009000000000000001 15.5391 0.0068
145.158096 -3.686087 18 0.982 19.1952 0.0116 18.248 0.0193 16.9354 0.0162 16.4637 0.0122
145.495976 -3.2292650000000003 7 0.9620000000000001 nan nan nan nan 18.0357 0.0122 17.2326 0.0071
144.8871 -3.2993580000000002 12 0.976 20.3456 0.0183 19.2485 0.0126 17.7791 0.0269 17.1991 0.0105
144.89953 -3.4780699999999998 24 0.986 16.8935 0.0075 16.3248 0.008 16.057000000000002 0.0047 15.9562 0.0051
145.40056299999998 -3.1099959999999998 17 0.985 15.774000000000001 0.0079 15.2232 0.0077 14.8666 0.0048 14.7386 0.0048
145.096839 -3.0610720000000002 32 0.996 13.5059 0.0053 13.2319 0.006 13.0968 0.0049 13.0754 0.0043
144.885398 -3.3016940000000004 12 0.981 19.5332 0.0109 18.5403 0.0107 17.5406 0.0196 17.156 0.0092
145.07636499999998 -3.068416 6 0.965 20.0084 0.0126 19.1568 0.0139 18.2123 0.0113 17.8715 0.0143
144.99686200000002 -3.1165990000000003 19 0.981 17.9659 0.0514 17.7568 0.0339 17.5954 0.0115 17.585 0.0151
144.907308 -3.233045 16 0.983 19.105999999999998 0.0218 18.1399 0.0328 16.8732 0.0064 16.3855 0.006999999999999999
145.133728 -3.049471 17 0.982 17.7712 0.0082 17.3846 0.0243 17.105999999999998 0.0077 17.0473 0.0204
144.94613 -3.5666620000000004 25 0.983 16.7838 0.0104 16.5208 0.0056 16.3321 0.0063 16.2816 0.0103
144.89160900000002 -3.270753 15 0.9790000000000001 19.1317 0.0113 18.4109 0.044000000000000004 17.8754 0.0121 17.6601 0.0261
145.5197 -3.2852639999999997 19 0.981 17.1225 0.0133 16.4975 0.0106 16.0221 0.0094 15.8216 0.0109
145.148605 -3.688476 20 0.983 17.7527 0.0084 17.1684 0.0204 16.8031 0.0133 16.6391 0.0053
145.131399 -3.048553 13 0.982 18.74 0.0105 17.9011 0.0132 17.2398 0.0075 17.0634 0.0256
145.518536 -3.2775870000000005 13 0.96 18.1448 0.0149 17.8625 0.015 17.7752 0.0115 17.8281 0.0147
144.910227 -3.219593 28 0.985 16.2344 0.016 15.8661 0.0066 15.6339 0.0044 15.5765 0.0053
144.930491 -3.184588 10 0.95 19.9523 0.0101 19.145 0.0174 18.5558 0.0164 18.349 0.0205
145.042703 -3.653179 13 0.983 19.1773 0.0107 18.2501 0.0263 16.7584 0.0066 16.232 0.0065
145.328239 -3.063027 11 0.98 nan nan 18.3064 0.0187 17.296 0.0132 16.9781 0.0144
145.531785 -3.3459589999999997 23 0.998 11.9326 0.0054 11.6537 0.0061 11.5141 0.0061 11.5031 0.0044
145.529969 -3.409469 18 0.987 16.8209 0.0082 16.5035 0.0105 16.2729 0.0081 16.201 0.0151
145.418956 -3.118259 13 0.982 17.1281 0.0443 16.6375 0.0104 16.3122 0.006999999999999999 16.2201 0.0079
144.95781399999998 -3.5856440000000003 11 0.96 20.6093 0.0429 19.7171 0.011000000000000001 18.909000000000002 0.0134 18.5274 0.1118
145.094552 -3.6772370000000003 35 0.987 15.5462 0.009000000000000001 15.0723 0.0048 14.7738 0.0098 14.6628 0.0041
145.53288799999999 -3.3786370000000003 8 0.975 nan nan nan nan 17.5514 0.0071 17.2384 0.0097
144.883162 -3.2891220000000003 20 0.982 17.7262 0.019 17.3798 0.0123 17.1358 0.0063 17.072 0.0133
144.973183 -3.602564 13 0.978 20.7013 0.0125 19.8029 0.0122 18.3805 0.0185 17.8509 0.0202
144.921777 -3.5384599999999997 11 0.972 20.7426 0.015 19.8594 0.0166 18.4801 0.0091 17.9355 0.0113
144.8735 -3.382305 13 0.981 18.239 0.0124 17.7169 0.0125 17.3464 0.0217 17.128 0.0477
145.534032 -3.370231 16 0.9790000000000001 18.0048 0.0161 17.5256 0.0717 17.2041 0.013999999999999999 17.0754 0.02
145.088824 -3.05734 10 0.97 20.7039 0.0481 19.6569 0.0105 18.1391 0.0092 17.5024 0.0419
144.875365 -3.326998 21 0.9940000000000001 15.8234 0.0066 14.89 0.0053 13.417 0.0056 12.8627 0.0053
144.876598 -3.4174059999999997 19 0.998 12.3742 0.0074 11.8331 0.0074 11.5198 0.0074 11.3899 0.0076
145.270633 -3.043112 13 0.96 17.7459 0.0232 17.4921 0.0174 17.2887 0.0191 17.1676 0.0161
145.16398600000002 -3.695149 8 0.965 19.8458 0.0143 19.291 0.011000000000000001 18.8938 0.0084 18.7393 0.015
145.385675 -3.090419 20 0.9890000000000001 15.9798 0.006999999999999999 15.546 0.0074 15.3226 0.0081 15.2499 0.0047
145.318524 -3.6773589999999996 10 0.9670000000000001 nan nan 18.4346 0.0268 17.8529 0.0089 17.5331 0.0083
144.94813 -3.5784839999999996 25 0.985 17.5869 0.025 16.7262 0.0149 16.1711 0.006 15.9553 0.0042
144.872127 -3.3484879999999997 22 0.983 16.4709 0.0055 16.0512 0.0102 15.8175 0.0057 15.7309 0.0095
145.51134199999998 -3.4916660000000004 25 0.985 14.5349 0.0053 14.0409 0.0061 13.7707 0.0051 13.6692 0.0052
144.953104 -3.5852199999999996 15 0.981 19.3827 0.0171 18.5432 0.0076 17.8682 0.0149 17.6302 0.0072
145.52981 -3.432086 20 0.981 16.3982 0.0077 16.1566 0.0109 15.9803 0.0082 15.915999999999999 0.0087
145.535998 -3.3530089999999997 18 0.981 17.0196 0.0095 16.8155 0.0101 16.6614 0.0057 16.6303 0.0174
145.360307 -3.073825 22 0.991 13.8543 0.0061 13.4483 0.0077 13.1682 0.0047 13.0771 0.0047
145.37182099999998 -3.6534199999999997 13 0.981 nan nan 17.5648 0.0353 16.3509 0.0049 15.8691 0.0057
144.881752 -3.281118 13 0.983 18.6725 0.0149 17.7583 0.0185 16.7532 0.0152 16.3693 0.006999999999999999
145.24018 -3.036184 10 0.98 nan nan 17.9446 0.0349 16.8806 0.0096 16.5075 0.0239
145.306017 -3.0501270000000003 12 0.98 17.8099 0.0146 17.1851 0.0104 16.7346 0.0276 16.6064 0.0133
145.406261 -3.632282 5 1.0 nan nan nan nan nan nan 10.0057 0.0105
144.90764199999998 -3.523429 21 0.9890000000000001 17.631 0.0081 16.711 0.0067 15.4766 0.0057 15.0119 0.0047
144.876278 -3.437922 22 0.996 13.3373 0.0059 13.02 0.0074 12.8715 0.0053 12.8447 0.0053
144.93136 -3.171105 15 0.98 20.2137 0.0111 19.2699 0.0364 17.7716 0.0086 17.2052 0.027000000000000003
144.92441499999998 -3.1808330000000002 9 0.97 19.6678 0.0151 19.0856 0.0124 18.6222 0.0182 18.4201 0.0124
145.104319 -3.68695 16 0.98 18.7235 0.0108 18.0222 0.0171 17.5728 0.0115 17.3789 0.0167
145.529461 -3.284378 17 0.98 17.9326 0.0417 17.3949 0.0142 17.082 0.0094 16.9635 0.0212
145.53858 -3.3967129999999996 14 0.981 17.3208 0.0224 17.1819 0.0138 16.9984 0.0201 16.947 0.0111
145.211322 -3.7029080000000003 13 0.981 nan nan 18.2381 0.0448 17.5674 0.0072 17.2719 0.013000000000000001
145.04476100000002 -3.070318 10 0.9640000000000001 20.1574 0.0247 19.3078 0.0116 18.2231 0.0142 17.7402 0.0407
144.915594 -3.191923 8 0.9540000000000001 nan nan 20.1943 0.0169 18.7131 0.0325 18.2604 0.0367
144.94623 -3.5843760000000002 35 0.985 15.7052 0.0084 15.368 0.0084 15.167 0.0049 15.1385 0.0047
145.087407 -3.050732 25 0.986 16.1233 0.0082 15.7627 0.0067 15.5542 0.0065 15.4686 0.0109
144.867524 -3.337513 22 0.987 16.7233 0.0071 16.429000000000002 0.0196 16.2666 0.0071 16.225 0.0082
144.89461699999998 -3.5026349999999997 32 0.988 15.3032 0.0057 14.8952 0.0072 14.7037 0.004 14.6437 0.0048
145.11372 -3.6919589999999998 15 0.982 nan nan 17.7595 0.031 16.8636 0.0095 16.5006 0.0253
144.928228 -3.563303 11 0.982 19.1057 0.0115 18.1441 0.0328 17.145 0.0223 16.8016 0.0194
144.907717 -3.5321860000000003 12 0.973 19.5632 0.0118 18.6782 0.0155 17.7187 0.0143 17.2998 0.0223
145.23908500000002 -3.03018 11 0.977 17.9963 0.092 17.5583 0.0373 17.1738 0.0254 16.9941 0.0302
145.110572 -3.692678 33 0.998 13.3529 0.0052 13.1374 0.005 13.0434 0.0049 13.0414 0.0052
145.143254 -3.033169 21 0.988 16.3944 0.01 15.5459 0.0058 14.8368 0.0044 14.574000000000002 0.0048
145.54247 -3.391468 23 0.983 15.8177 0.0061 15.4894 0.0083 15.311 0.0044 15.2661 0.0049
145.358953 -3.0649490000000004 16 0.9840000000000001 16.3472 0.0392 15.8704 0.0082 15.635 0.0077 15.5185 0.0117
144.87409399999999 -3.2823629999999997 12 0.981 19.5398 0.0139 18.5746 0.0159 17.2971 0.0068 16.794 0.0088
145.003031 -3.641174 26 0.988 16.5754 0.0121 16.2724 0.0079 16.0335 0.0063 15.9864 0.0061
144.871301 -3.440663 17 0.983 17.2476 0.0112 16.706 0.0159 16.3986 0.0133 16.2976 0.0114
145.53419499999998 -3.448197 18 0.9990000000000001 12.7384 0.0067 12.2872 0.0074 12.0038 0.0053 11.8934 0.0069
145.151708 -3.030605 17 0.981 17.9741 0.0309 17.598 0.0299 17.3385 0.0183 17.2901 0.0249
145.51403100000002 -3.226557 21 0.983 15.7152 0.0177 15.1527 0.0243 14.7785 0.013000000000000001 14.6542 0.0154
145.215868 -3.0266450000000003 16 0.996 11.9468 0.0094 11.7165 0.0074 11.589 0.0061 11.5815 0.0053
145.397904 -3.087067 10 0.973 nan nan 18.3995 0.0249 17.8613 0.0501 17.6761 0.0393
145.183768 -3.7067360000000003 10 0.9790000000000001 20.1198 0.0124 19.244 0.0135 17.8569 0.0086 17.3837 0.0077
144.87635 -3.463736 22 0.9840000000000001 15.642999999999999 0.0061 15.1567 0.0054 14.8803 0.0055 14.7763 0.0059
144.95826200000002 -3.1299080000000004 29 0.985 16.7867 0.0062 16.3059 0.0143 16.0641 0.0057 15.9682 0.0065
145.467391 -3.150274 15 0.982 17.3162 0.0256 16.7832 0.0326 16.413 0.0071 16.254 0.0117
145.086207 -3.687157 18 0.983 18.9874 0.0149 18.0677 0.021 16.6216 0.0083 16.0944 0.0107
145.202985 -3.7079129999999996 9 0.965 nan nan nan nan 18.2548 0.0311 17.6697 0.0101
144.916314 -3.182059 15 0.963 19.9739 0.0301 19.0449 0.0259 17.9163 0.0187 17.3532 0.0171
145.205049 -3.0255490000000003 18 0.986 14.4143 0.0082 14.190999999999999 0.0074 14.0802 0.0053 14.0752 0.0053
144.905952 -3.198687 14 1.0 10.0566 0.011000000000000001 nan nan nan nan 9.9112 0.0074
145.406952 -3.6419900000000003 13 0.983 16.8309 0.0119 16.4762 0.0286 16.3039 0.0068 16.2544 0.0058
144.99991799999998 -3.641863 22 0.9840000000000001 16.8669 0.0073 16.537 0.0222 16.3437 0.0065 16.3036 0.0062
145.040309 -3.6675129999999996 9 0.972 20.2966 0.0328 19.2964 0.0111 18.162 0.0121 17.8175 0.0152
145.07036200000002 -3.051574 23 0.983 17.0778 0.0238 16.711 0.0135 16.5549 0.0133 16.4837 0.0071
144.928571 -3.5713779999999997 34 0.9990000000000001 14.5317 0.0044 13.7825 0.0066 13.2767 0.0072 13.0936 0.0047
145.327109 -3.047473 6 0.9520000000000001 nan nan 18.2819 0.0274 17.8966 0.0099 17.7735 0.0175
145.05746000000002 -3.056813 26 0.991 15.1625 0.0081 14.8428 0.0067 14.6872 0.0075 14.6453 0.0049
145.061155 -3.678572 22 0.988 16.3653 0.0093 15.863 0.0072 15.5671 0.0059 15.4604 0.0073
145.53073500000002 -3.2626470000000003 25 0.998 12.424000000000001 0.0061 12.15 0.0074 12.0143 0.0043 12.0023 0.0043
145.272809 -3.7026339999999998 16 0.982 18.160999999999998 0.0167 17.3562 0.0208 16.2867 0.0066 15.8834 0.0055
144.863661 -3.4171150000000003 15 0.982 18.4041 0.0104 17.7426 0.0183 17.3257 0.0285 17.1489 0.0112
145.459657 -3.137995 16 0.982 16.2188 0.0156 15.8873 0.0087 15.6456 0.0091 15.5786 0.0055
145.450316 -3.6062519999999996 15 0.972 17.8487 0.0145 17.632 0.0538 17.4545 0.02 17.4925 0.0137
144.870212 -3.452988 21 0.983 17.4772 0.0109 17.1514 0.0063 16.9668 0.0097 16.9325 0.0167
145.547949 -3.347516 14 0.981 17.1507 0.0072 16.5555 0.0089 16.1608 0.0057 15.9774 0.0067
144.885024 -3.4990930000000002 29 0.9890000000000001 14.7682 0.0058 14.4903 0.0092 14.3761 0.0047 14.3569 0.0049
145.177702 -3.710407 14 0.9790000000000001 19.6122 0.0256 18.7639 0.0105 17.9776 0.0206 17.6941 0.0142
145.521758 -3.232861 9 0.9570000000000001 nan nan nan nan 18.0936 0.0128 17.5866 0.0231
