ra dec ngood class_star g_psf e_g_psf r_psf e_r_psf i_psf e_i_psf z_psf e_z_psf
273.623693 -85.19641800000001 18 0.983 17.8334 0.0087 17.3471 0.0091 16.958 0.0105 16.7846 0.0278
273.790683 -85.193212 17 0.982 17.615 0.0084 17.279 0.0234 17.0113 0.0113 16.9371 0.0063
273.58547400000003 -85.205781 13 0.982 17.9791 0.0076 17.5775 0.0127 17.2598 0.0184 17.0885 0.012
273.789532 -85.185519 12 0.973 18.8087 0.0074 18.4362 0.0064 18.209 0.0124 18.0985 0.0147
273.761066 -85.213585 12 0.9740000000000001 18.8086 0.0122 18.351 0.0067 18.0086 0.0147 17.9315 0.0159
273.484172 -85.209383 26 0.982 15.4197 0.0107 15.0558 0.0121 14.7816 0.0119 14.6996 0.0154
273.79944 -85.21994699999999 32 0.983 16.4297 0.0085 15.9621 0.0108 15.624 0.0048 15.4716 0.0055
273.630883 -85.221273 13 0.982 18.0683 0.0132 17.7511 0.0149 17.5365 0.0253 17.4102 0.0322
273.99776099999997 -85.19689 22 0.983 17.413 0.0066 16.8728 0.0056 16.493 0.0066 16.3509 0.0155
273.72886800000003 -85.223192 16 0.982 18.316 0.008 17.7325 0.0074 17.3474 0.0186 17.1244 0.0122
273.920863 -85.215162 10 0.9790000000000001 18.4764 0.0087 18.0833 0.0202 17.8832 0.0272 17.8055 0.0109
273.549265 -85.175263 21 0.983 16.6681 0.0229 16.3703 0.0211 16.0894 0.0107 15.9947 0.0103
273.9734 -85.213084 19 0.982 18.2092 0.0068 17.4826 0.0081 16.8465 0.0088 16.546 0.0069
273.794409 -85.17124 24 0.9840000000000001 17.1614 0.009000000000000001 16.2354 0.0051 15.3665 0.0104 15.0253 0.0067
274.032134 -85.201924 16 0.977 19.4222 0.0091 18.4182 0.0105 17.3066 0.009000000000000001 16.8661 0.0234
273.38218 -85.20845899999999 8 0.975 18.5783 0.0128 18.1152 0.0191 17.7787 0.0084 17.671 0.0184
273.63522400000005 -85.22609200000001 13 0.982 17.9552 0.0075 17.6189 0.0185 17.4033 0.0138 17.2935 0.0252
274.011439 -85.183675 23 0.983 17.278 0.006 16.7725 0.0067 16.4336 0.0104 16.3285 0.0128
273.96238 -85.1779 12 0.977 18.586 0.0137 18.1906 0.0082 17.9211 0.0113 17.7991 0.0189
273.33942 -85.195622 33 0.9840000000000001 14.7373 0.0131 14.337 0.0136 14.1119 0.0162 14.0044 0.0122
273.89243999999997 -85.171521 31 0.9840000000000001 16.0613 0.0086 15.6759 0.0047 15.4091 0.0082 15.3055 0.0053
273.904969 -85.226086 32 0.983 17.1236 0.0065 16.6712 0.0152 16.365 0.0104 16.2711 0.006999999999999999
273.415022 -85.174251 9 0.963 19.4351 0.042 18.5312 0.0085 17.708 0.0185 17.3233 0.0383
273.860352 -85.229448 32 0.983 17.1245 0.013000000000000001 16.7359 0.0134 16.4827 0.0084 16.389 0.0077
274.10841 -85.206019 11 0.972 19.1602 0.0082 18.5197 0.0083 18.0653 0.0145 17.851 0.0188
273.270176 -85.200263 11 0.973 18.9236 0.0095 18.4913 0.0084 18.1978 0.0333 18.109 0.0312
273.812192 -85.233395 18 0.982 18.1914 0.01 17.6419 0.0063 17.2174 0.0116 17.0555 0.0123
273.277063 -85.18804300000001 12 0.981 18.5951 0.0245 17.9479 0.0082 17.5465 0.0076 17.3816 0.0136
273.866952 -85.162586 13 0.9670000000000001 20.2195 0.0564 19.1913 0.0129 17.7577 0.0146 17.1934 0.0162
273.932848 -85.23133 23 0.983 17.461 0.0063 16.972 0.0086 16.6664 0.0084 16.5118 0.0117
273.714504 -85.158838 30 0.983 16.8004 0.0168 16.4668 0.0051 16.2014 0.0062 16.1188 0.013000000000000001
273.434108 -85.232117 8 0.978 18.7269 0.0363 18.2143 0.0089 17.838 0.0081 17.6109 0.0292
273.514587 -85.159842 8 0.978 18.4563 0.0107 17.9158 0.0165 17.5317 0.0079 17.379 0.0444
273.250071 -85.177356 14 0.983 17.8205 0.0076 17.416 0.0065 17.1105 0.0076 17.0496 0.0076
273.18773799999997 -85.19131999999999 30 0.983 16.4925 0.0072 15.9657 0.0071 15.5593 0.0047 15.4 0.0133
273.18979900000005 -85.209856 16 0.981 17.7106 0.0258 17.096 0.0085 16.6429 0.008 16.4666 0.0156
274.234628 -85.196706 37 0.986 14.714 0.0051 14.3739 0.0081 14.1109 0.005 14.0345 0.0069
274.11019 -85.227404 12 0.9740000000000001 18.7022 0.0103 18.369 0.0078 18.1342 0.022000000000000002 18.0552 0.0506
274.213503 -85.213278 14 0.98 18.4067 0.0076 17.9493 0.0061 17.6149 0.0093 17.4912 0.023
273.733021 -85.243872 30 0.9840000000000001 16.8398 0.0049 16.5113 0.0052 16.2871 0.0052 16.1868 0.008
273.948014 -85.238998 11 0.9790000000000001 18.5371 0.0069 18.229 0.0078 17.9607 0.0122 17.9168 0.0124
273.294956 -85.231844 14 0.982 18.0361 0.0108 17.6387 0.0122 17.3007 0.0065 17.2307 0.026000000000000002
273.151251 -85.211946 34 0.998 13.3067 0.0047 12.8018 0.0048 12.4903 0.0043 12.3769 0.0044
273.47835 -85.15315600000001 21 0.9840000000000001 15.9159 0.0063 15.1003 0.0083 14.5334 0.0047 14.2834 0.0046
274.25417000000004 -85.184427 11 0.963 19.0055 0.0158 18.6741 0.0091 18.4371 0.0165 18.3402 0.0106
273.916541 -85.152917 12 0.9590000000000001 20.0488 0.0284 19.1291 0.0101 17.8684 0.0141 17.3877 0.0172
274.168875 -85.228716 18 0.982 18.0293 0.0079 17.4402 0.0113 16.9975 0.0096 16.8257 0.0169
273.79322 -85.247804 16 0.9740000000000001 19.3235 0.0257 18.3436 0.01 17.4601 0.0068 17.1499 0.0111
273.765333 -85.147209 39 0.988 14.8396 0.0047 14.5139 0.0066 14.2769 0.006 14.1908 0.0046
274.238901 -85.173861 10 0.955 18.9967 0.0251 18.7198 0.0123 18.4839 0.0243 18.4627 0.0159
274.06170299999997 -85.15645400000001 13 0.968 19.0993 0.0102 18.5269 0.0164 18.1409 0.0106 17.9799 0.0525
273.215727 -85.16296899999999 11 0.965 19.4181 0.0238 18.6082 0.0181 18.0189 0.0621 17.7597 0.0301
273.89941400000004 -85.147178 13 0.975 18.697 0.0106 18.2892 0.0301 18.0063 0.0161 17.9253 0.0255
273.251806 -85.238585 0 1.0 nan nan nan nan nan nan nan nan
273.270974 -85.240241 12 0.97 18.9504 0.031 18.5438 0.0073 18.2364 0.0226 18.132 0.0165
273.166182 -85.16508 16 0.983 17.6567 0.0062 17.2395 0.0097 16.9543 0.0064 16.8559 0.0104
273.800733 -85.143077 10 0.9570000000000001 19.0467 0.011000000000000001 18.699 0.01 18.4111 0.0107 18.3343 0.0933
273.137987 -85.228486 10 0.96 19.1361 0.0251 18.714000000000002 0.0167 18.3211 0.0126 18.1722 0.0455
273.028089 -85.19431999999999 6 0.97 18.3779 0.0296 18.0365 0.0272 17.6915 0.0395 17.6523 0.0395
273.60885299999995 -85.14142199999999 19 0.983 17.9858 0.0077 17.0094 0.0099 15.7073 0.0049 15.1901 0.0067
273.350341 -85.247979 26 0.983 15.5278 0.0111 15.19 0.0049 14.9794 0.0051 14.9086 0.0042
273.93534700000004 -85.143843 36 0.9840000000000001 15.6096 0.005 15.1871 0.0044 14.8979 0.0046 14.7875 0.006
273.222231 -85.15611 11 0.96 19.0462 0.0077 18.6559 0.0352 18.3409 0.0114 18.2112 0.0528
273.119998 -85.164742 17 0.983 17.863 0.0085 17.308 0.0148 16.9134 0.011000000000000001 16.7498 0.0153
274.261354 -85.16294599999999 25 0.983 17.113 0.0098 16.6557 0.0092 16.3477 0.0101 16.2448 0.0104
273.41400600000003 -85.25241199999999 12 0.982 17.971 0.0108 17.4295 0.0132 17.1649 0.0179 16.9805 0.0096
273.032651 -85.175623 25 0.983 17.0712 0.0059 16.6686 0.015 16.391 0.009000000000000001 16.2654 0.0135
273.06248999999997 -85.170225 22 0.983 17.112000000000002 0.0085 16.723 0.0086 16.4356 0.0056 16.3606 0.0093
274.020971 -85.25188299999999 14 0.982 17.9969 0.0083 17.632 0.0196 17.3494 0.0065 17.2483 0.0085
273.16707599999995 -85.15738 8 0.96 19.1801 0.0156 18.927 0.0148 18.6496 0.0478 nan nan
274.31778399999996 -85.229748 34 0.985 15.0648 0.0165 14.5909 0.0043 14.2597 0.0063 14.14 0.0037
273.1328 -85.238659 10 0.981 18.2838 0.0124 17.938 0.0064 17.7359 0.0076 17.6631 0.0167
273.424328 -85.25600899999999 24 0.983 17.1126 0.0114 16.5977 0.0079 16.1604 0.006 15.9843 0.0137
274.224228 -85.153901 12 0.95 19.2171 0.0096 18.6802 0.0093 18.2942 0.0155 18.0949 0.0587
272.962319 -85.20971 32 0.9840000000000001 15.8695 0.0063 15.3258 0.0055 14.9315 0.0075 14.7622 0.005
273.319158 -85.143975 18 0.983 17.6256 0.0093 17.1876 0.0112 16.8437 0.0105 16.7106 0.0152
274.41625600000003 -85.216359 13 0.965 19.0423 0.0281 18.5199 0.01 18.0708 0.0307 17.8632 0.0308
274.365472 -85.169626 11 0.976 18.5452 0.0117 18.3131 0.0062 18.1862 0.0131 18.1537 0.0159
273.337315 -85.142854 8 0.9640000000000001 18.6161 0.008 18.2686 0.0496 18.0282 0.0149 17.8763 0.0348
273.07636 -85.162081 12 0.9620000000000001 19.2779 0.0097 18.7131 0.0104 18.3432 0.0292 18.1948 0.0337
273.286156 -85.14484300000001 10 0.9540000000000001 19.1224 0.0088 18.7224 0.0207 18.3715 0.0238 18.2939 0.015
273.018151 -85.16923299999999 25 0.983 17.2253 0.0057 16.847 0.0058 16.5867 0.0124 16.4718 0.0125
274.054753 -85.141662 31 0.9840000000000001 15.5126 0.0046 15.2445 0.0082 15.0631 0.0041 15.0176 0.0058
273.998395 -85.25738100000001 31 0.9840000000000001 16.2796 0.0061 15.8541 0.01 15.6035 0.0045 15.5017 0.004
273.992183 -85.137298 33 0.99 12.652000000000001 0.0074 12.0556 0.0091 11.6266 0.0056 11.431 0.0047
274.359885 -85.16309 16 0.9740000000000001 19.6843 0.0135 18.6855 0.0095 17.452 0.0125 17.0217 0.0096
272.997315 -85.228272 11 0.981 18.42 0.0089 18.1083 0.0061 17.8077 0.0078 17.7252 0.0134
274.43097 -85.223111 37 0.9840000000000001 16.1029 0.0082 15.7258 0.0086 15.3985 0.0085 15.3101 0.0084
274.378097 -85.163619 11 0.9640000000000001 19.5109 0.0099 18.6062 0.0091 17.881 0.0067 17.5287 0.0238
272.962902 -85.224721 10 0.965 19.0161 0.0102 18.6888 0.0194 18.3788 0.0551 18.4124 0.1144
274.397642 -85.166193 23 0.983 17.6925 0.0115 16.9448 0.0213 16.464000000000002 0.011000000000000001 16.2079 0.0107
274.298648 -85.152284 13 0.9670000000000001 18.8411 0.0159 18.4176 0.0137 18.0666 0.0285 17.9384 0.011000000000000001
274.248901 -85.14669599999999 21 0.983 17.8107 0.0063 17.1119 0.0061 16.5741 0.0107 16.3367 0.0098
274.207346 -85.14253599999999 29 0.9840000000000001 16.3663 0.0083 16.0325 0.01 15.7661 0.0043 15.6699 0.005
273.64752799999997 -85.127669 13 0.981 18.1314 0.0277 17.645 0.0081 17.2685 0.008 17.1408 0.0209
273.52108 -85.129018 5 0.955 19.131 0.0172 18.8411 0.0325 18.5894 0.0142 nan nan
272.844263 -85.19139100000001 30 0.983 16.5075 0.0166 16.1422 0.0068 15.8556 0.0049 15.7607 0.0102
273.673325 -85.270478 15 0.982 18.1906 0.0088 17.6186 0.0061 17.230999999999998 0.0061 17.0583 0.0126
272.859267 -85.21703199999999 31 0.9840000000000001 15.7332 0.005 15.200999999999999 0.0068 14.7898 0.0068 14.6023 0.0043
273.31446800000003 -85.263264 15 0.982 18.2943 0.0079 17.5523 0.0145 16.926 0.0151 16.6488 0.0096
273.023576 -85.247029 13 0.982 17.9947 0.022000000000000002 17.6373 0.0092 17.3718 0.0058 17.2798 0.0184
274.587316 -85.19751099999999 36 0.988 12.6147 0.0106 11.9216 0.0049 11.4393 0.0075 11.1975 0.0043
273.513229 -85.123772 24 0.992 13.1335 0.0061 12.5983 0.0127 12.2697 0.0055 12.145 0.0046
274.072066 -85.12903399999999 14 0.981 18.6542 0.0097 17.8044 0.0274 17.1083 0.0094 16.8199 0.0071
273.901615 -85.123642 12 0.971 19.0369 0.0242 18.4024 0.0236 17.9885 0.0186 17.8056 0.0134
273.740391 -85.12145 9 0.966 19.0017 0.0087 18.6086 0.011000000000000001 18.2403 0.0082 18.2149 0.0815
273.423295 -85.12468299999999 7 0.961 18.6398 0.0252 17.9094 0.011000000000000001 17.4879 0.008 17.2958 0.0174
272.789841 -85.211214 10 0.972 18.7134 0.013000000000000001 18.4523 0.0096 18.178 0.0095 18.1375 0.0129
274.40656 -85.247687 13 0.98 18.3731 0.0067 17.9891 0.0078 17.7296 0.021 17.6265 0.0095
274.568929 -85.172775 19 0.981 19.4628 0.0121 18.4837 0.0174 16.9007 0.0228 16.3196 0.0057
274.621568 -85.201936 38 0.988 14.1935 0.0048 13.8016 0.0049 13.5447 0.0038 13.4566 0.004
273.27981600000004 -85.26758000000001 12 0.9690000000000001 18.8806 0.0084 18.4597 0.0103 18.1673 0.0226 18.0571 0.0113
272.971608 -85.14999300000001 12 0.973 19.6408 0.0217 18.656 0.0191 17.4589 0.0083 16.9522 0.006999999999999999
272.792217 -85.217687 11 0.951 19.6122 0.0462 18.8308 0.0619 17.9332 0.0676 17.6241 0.0862
272.764032 -85.199279 24 0.983 16.9387 0.0122 16.5265 0.0078 16.2296 0.0078 16.1251 0.0051
272.945142 -85.245866 16 0.981 18.8505 0.0087 17.9277 0.0062 17.0789 0.0125 16.753 0.0178
274.106715 -85.26965200000001 12 0.976 18.8747 0.0594 18.4132 0.0281 18.1236 0.0161 17.9506 0.016
272.751037 -85.192584 23 0.983 17.0583 0.0254 16.4016 0.0167 15.907 0.0159 15.6626 0.0052
274.568171 -85.166779 17 0.983 17.5316 0.0061 17.154 0.0061 16.9191 0.0086 16.8028 0.0075
274.06461 -85.27154 14 0.9620000000000001 19.4584 0.0139 18.7498 0.0182 18.0717 0.0214 17.7715 0.0121
272.776795 -85.176808 34 0.9840000000000001 15.9692 0.0052 15.4967 0.0062 15.1485 0.0061 15.0175 0.008
274.47900000000004 -85.152045 12 0.9790000000000001 18.5893 0.0072 18.0891 0.0074 17.7448 0.0074 17.6095 0.0151
273.635608 -85.27843399999999 11 0.95 19.3113 0.0075 18.8176 0.0102 18.4881 0.0523 18.259 0.0151
274.60247400000003 -85.226517 12 0.977 18.7935 0.0103 18.153 0.0093 17.6975 0.0153 17.5699 0.0228
274.493506 -85.244341 10 0.956 19.1905 0.0187 18.849 0.0434 18.6188 0.0113 18.4328 0.021
274.674095 -85.187837 11 0.976 18.5407 0.011000000000000001 18.2192 0.016 17.9942 0.0082 17.9726 0.0972
273.46385499999997 -85.278305 31 0.9840000000000001 15.4972 0.0095 15.1178 0.0074 14.8902 0.0054 14.8059 0.0049
273.02634900000004 -85.137612 14 0.976 19.1864 0.0065 18.258 0.0112 17.3704 0.0078 17.0177 0.0181
274.618726 -85.22885500000001 11 0.951 19.1559 0.0116 18.777 0.0218 18.4958 0.0303 18.1975 0.0117
273.786102 -85.115047 9 0.96 18.9649 0.008 18.625 0.0206 18.3413 0.0363 18.2293 0.077
272.729607 -85.175781 20 0.983 17.6189 0.0109 17.1001 0.0082 16.7369 0.0088 16.6301 0.0144
274.273745 -85.12735 26 0.983 17.3796 0.008 16.9025 0.0093 16.5348 0.0082 16.3819 0.0153
273.081746 -85.26704000000001 12 0.9790000000000001 18.3946 0.0173 18.0646 0.0063 17.7863 0.0094 17.7565 0.0224
274.722711 -85.190938 11 0.981 18.2737 0.0125 17.9268 0.0162 17.6528 0.0112 17.5491 0.0123
274.065471 -85.117346 18 0.983 17.1776 0.0172 16.3367 0.0159 15.699000000000002 0.0044 15.4349 0.0085
274.722631 -85.21025300000001 9 0.981 18.5417 0.0079 17.9078 0.0081 17.4476 0.0128 17.3164 0.0087
273.393486 -85.281396 26 0.9840000000000001 15.8439 0.0054 15.4478 0.0057 15.1641 0.0109 15.0345 0.0094
272.799914 -85.15437299999999 12 0.981 18.4341 0.0171 17.956 0.0095 17.657 0.0116 17.5714 0.0088
272.833413 -85.14889000000001 12 0.97 18.7411 0.0115 18.4204 0.0177 18.137999999999998 0.0483 18.0993 0.0478
272.65616800000004 -85.21155 36 0.993 13.5634 0.006 13.2081 0.0043 12.9644 0.0045 12.8831 0.0041
273.437407 -85.28443100000001 30 0.983 16.5248 0.0103 16.211 0.0198 15.9969 0.0141 15.9291 0.0112
272.96839700000004 -85.26365600000001 23 0.983 17.334 0.0061 16.9504 0.008 16.6134 0.0166 16.5042 0.0061
273.61233500000003 -85.10889499999999 9 0.9790000000000001 18.6872 0.0088 18.2208 0.0063 17.9337 0.0114 17.822 0.0122
272.629169 -85.207585 11 0.9790000000000001 18.3165 0.0069 17.9881 0.0081 17.6978 0.0082 17.6603 0.0146
273.031096 -85.26881800000001 10 0.965 19.3646 0.0109 18.7584 0.0179 18.3522 0.0537 18.1877 0.0562
272.854657 -85.254697 13 0.982 17.9387 0.0138 17.6843 0.0112 17.477 0.0196 17.4654 0.0398
272.9964 -85.26715 26 0.983 17.0364 0.0094 16.5627 0.005 16.2196 0.0068 16.1327 0.0146
274.605803 -85.14893599999999 11 0.96 20.1754 0.0152 19.2616 0.0184 17.9484 0.0088 17.4827 0.0149
274.386579 -85.268633 13 0.98 18.4829 0.0078 18.0813 0.0109 17.7323 0.0097 17.6886 0.0184
274.44647799999996 -85.132633 46 0.987 14.5413 0.0053 14.105 0.0041 13.8072 0.0051 13.6835 0.0035
274.176657 -85.116123 25 0.986 14.751 0.0081 14.359000000000002 0.0048 14.0884 0.0047 13.992 0.0066
274.594005 -85.14621899999999 13 0.973 19.6071 0.0157 18.6775 0.016 17.7451 0.0056 17.3109 0.0219
273.737412 -85.289898 15 0.982 18.0641 0.0117 17.7408 0.0133 17.468 0.0175 17.359 0.0278
272.599725 -85.203739 10 0.976 18.6765 0.0084 18.2016 0.0079 17.7852 0.01 17.5778 0.0091
273.983497 -85.287725 21 0.983 17.5274 0.0118 16.9596 0.0054 16.539 0.0062 16.3373 0.0052
274.566343 -85.141014 20 0.983 17.7313 0.0065 17.3258 0.0136 17.0514 0.0102 16.9642 0.0083
274.12624 -85.283781 12 0.98 18.4617 0.0228 18.0313 0.0151 17.6687 0.0145 17.5451 0.0214
274.007028 -85.108852 33 0.99 14.4481 0.0042 14.1257 0.0059 13.9095 0.0047 13.8485 0.0082
272.786175 -85.145258 18 0.98 18.9003 0.0099 17.9599 0.0191 17.0743 0.0095 16.7459 0.021
274.603388 -85.253702 37 0.985 14.9227 0.0056 14.5118 0.0042 14.2533 0.0044 14.1622 0.0037
272.793921 -85.25484499999999 25 0.9840000000000001 17.1006 0.0112 16.3172 0.0063 15.7371 0.0052 15.5058 0.0146
274.825579 -85.20005 7 0.958 19.0067 0.0122 18.7475 0.0166 18.4949 0.0452 nan nan
274.50540099999995 -85.131956 34 0.9840000000000001 16.0803 0.0076 15.6237 0.0063 15.3284 0.0098 15.1877 0.0062
272.9997 -85.123499 11 0.976 18.7081 0.0095 18.2314 0.01 17.898 0.0127 17.8155 0.0131
272.668496 -85.158144 11 0.975 18.4661 0.0076 17.9061 0.022000000000000002 17.5433 0.0388 17.3771 0.0194
274.819861 -85.21606899999999 8 0.966 18.9751 0.0076 18.6422 0.0133 18.2687 0.0519 18.2231 0.063
274.833039 -85.209147 10 0.9790000000000001 18.5275 0.0082 18.1781 0.013999999999999999 17.9377 0.0111 17.8353 0.012
274.847002 -85.20259300000001 15 0.983 17.4707 0.0077 17.1364 0.0307 16.8201 0.0265 16.7941 0.0071
274.775804 -85.23278499999999 10 0.98 18.3312 0.0075 17.997 0.0136 17.7526 0.0104 17.639 0.009000000000000001
272.632388 -85.23558100000001 11 0.971 19.340999999999998 0.0238 18.535 0.0101 17.9487 0.0488 17.7225 0.0119
274.468823 -85.270108 34 0.9840000000000001 16.8737 0.0144 16.4784 0.0102 16.1993 0.0053 16.0824 0.0085
272.566944 -85.21920899999999 23 0.983 17.1577 0.015 16.5518 0.0092 16.0209 0.0081 15.7691 0.0155
273.516711 -85.10159200000001 12 0.983 17.457 0.0078 17.0517 0.006999999999999999 16.7474 0.017 16.6243 0.0135
272.860695 -85.26673100000001 11 0.9690000000000001 19.9992 0.0664 19.0607 0.0088 17.7067 0.028999999999999998 17.162 0.0075
274.751533 -85.1568 32 0.986 14.9873 0.0099 14.6106 0.0084 14.3732 0.0042 14.2881 0.0056
272.664133 -85.24468399999999 11 0.98 18.3418 0.0061 17.9624 0.0075 17.7235 0.0076 17.6338 0.0078
274.46106000000003 -85.272692 11 0.9690000000000001 18.9193 0.008 18.483 0.0099 18.1027 0.0327 18.0331 0.0112
274.10989700000005 -85.290032 29 0.983 16.255 0.0046 15.9302 0.0083 15.6499 0.0061 15.5766 0.0074
272.938412 -85.123665 9 0.976 18.902 0.0206 18.5399 0.009000000000000001 18.3056 0.0094 18.2852 0.0126
272.763281 -85.258486 20 0.983 17.3035 0.0144 16.9563 0.0072 16.6885 0.0065 16.6343 0.0064
274.734358 -85.15181899999999 33 0.993 14.5842 0.0051 14.1971 0.0048 13.9652 0.0053 13.8867 0.004
274.677989 -85.14368499999999 19 0.982 18.5741 0.0122 17.6591 0.0089 16.8079 0.0157 16.4777 0.0072
274.546163 -85.267494 37 0.985 15.1727 0.0452 14.6025 0.0317 14.1683 0.0197 13.8713 0.0293
274.22097599999995 -85.10945500000001 24 0.983 16.3034 0.0073 15.9033 0.0052 15.5542 0.0096 15.4375 0.0172
273.299405 -85.104484 17 0.983 17.9523 0.0106 17.1894 0.0109 16.6314 0.0075 16.4043 0.0129
274.11420499999997 -85.105 15 0.982 18.4158 0.0195 17.8272 0.0069 17.3883 0.0073 17.185 0.0184
272.80817 -85.131857 9 0.963 19.2594 0.0257 18.7739 0.0107 18.5137 0.0106 18.3339 0.017
274.461118 -85.275795 28 0.983 17.0626 0.0119 16.5824 0.0145 16.2762 0.0113 16.1463 0.0069
272.971149 -85.118238 23 0.983 17.1329 0.0067 16.7824 0.0163 16.529 0.0081 16.4584 0.0159
273.054389 -85.283569 10 0.978 18.7034 0.0078 18.0917 0.0076 17.6543 0.0081 17.5118 0.0124
273.914573 -85.297337 20 0.982 18.4074 0.0141 17.6308 0.009000000000000001 17.0054 0.0174 16.7302 0.0177
274.870554 -85.174803 34 0.9890000000000001 14.2539 0.0074 14.296 0.0069 14.3996 0.0041 14.4137 0.0048
272.634632 -85.150388 12 0.973 18.7539 0.0174 18.3531 0.0091 17.9331 0.0152 17.7517 0.0252
274.89097599999997 -85.178913 24 0.983 16.8447 0.0069 16.4199 0.006999999999999999 16.1099 0.0168 15.9643 0.0369
272.572753 -85.238549 22 0.983 17.1842 0.009000000000000001 16.8171 0.0073 16.5699 0.0055 16.4911 0.0055
274.315113 -85.110215 14 1.0 10.0189 0.0088 9.4073 0.0094 8.984 0.0105 nan nan
274.36998700000004 -85.283695 13 0.975 19.903 0.0167 18.9686 0.0084 17.4829 0.0064 16.9205 0.0136
274.380448 -85.11326899999999 19 0.983 15.5718 0.0103 15.2116 0.0114 14.9491 0.0108 14.8911 0.023
273.191421 -85.104435 14 0.983 17.2924 0.0211 16.8136 0.0056 16.4858 0.0066 16.3523 0.0073
272.83982000000003 -85.272552 14 0.981 19.5936 0.0481 18.5347 0.0088 17.0105 0.0061 16.3962 0.0083
274.404943 -85.283524 23 0.983 17.1724 0.0062 16.7771 0.0056 16.4765 0.0065 16.3547 0.0112
272.740297 -85.13284499999999 29 0.983 16.8625 0.0059 16.4781 0.0152 16.2081 0.0062 16.1187 0.008
273.222708 -85.294094 19 0.983 17.7442 0.0076 17.2901 0.0059 16.9519 0.0055 16.8311 0.0126
273.835201 -85.09436 11 0.958 19.868 0.0116 18.9118 0.0088 17.8454 0.0234 17.4602 0.0078
274.461778 -85.115962 21 0.983 17.1719 0.0066 16.7998 0.0078 16.535999999999998 0.0075 16.4358 0.0172
272.469089 -85.180574 12 0.981 18.2042 0.008 17.9262 0.0064 17.6897 0.0156 17.6149 0.012
274.909626 -85.224361 40 0.988 14.5144 0.0068 14.2321 0.0093 14.0313 0.0058 13.9695 0.0049
274.75778199999996 -85.143148 9 0.9790000000000001 18.8858 0.0224 18.1845 0.0079 17.6843 0.0089 17.4408 0.0118
274.810264 -85.249314 8 0.971 18.887999999999998 0.0078 18.5004 0.0102 18.1888 0.0111 18.0754 0.0099
272.524514 -85.158936 11 0.97 18.8518 0.0089 18.5328 0.0091 18.3063 0.0223 18.2384 0.0106
274.67458999999997 -85.26639 9 0.955 19.0575 0.0082 18.8234 0.0114 18.5403 0.0346 18.4608 0.0131
274.875051 -85.15860500000001 27 0.9840000000000001 15.8639 0.0064 15.3402 0.0057 14.9551 0.0051 14.8044 0.0097
274.795594 -85.25394200000001 25 0.983 16.7018 0.0165 16.2847 0.0076 15.9624 0.0056 15.8548 0.0052
274.486285 -85.283164 14 0.982 18.0408 0.0077 17.6635 0.0137 17.3893 0.0108 17.2865 0.006999999999999999
274.956494 -85.177273 11 0.965 19.9572 0.0951 18.8107 0.01 17.7395 0.0101 17.2371 0.0278
272.829055 -85.119084 11 0.98 18.2722 0.0292 17.8727 0.0074 17.518 0.0066 17.4477 0.0122
272.447234 -85.2259 12 0.982 18.1976 0.0234 17.6696 0.0139 17.2939 0.0066 17.1268 0.0175
272.83232000000004 -85.27874200000001 25 0.997 12.3354 0.0061 11.9529 0.0087 11.6725 0.0078 11.6005 0.0041
272.415761 -85.184151 30 0.983 16.839000000000002 0.0113 16.4266 0.0101 16.1398 0.0139 16.0424 0.0097
272.43586600000003 -85.17309399999999 11 0.9790000000000001 18.9734 0.0219 18.2716 0.0083 17.8461 0.0645 17.6575 0.0455
274.52709 -85.114289 28 0.9890000000000001 14.0238 0.0053 13.716 0.0048 13.4927 0.0047 13.4377 0.0107
274.542127 -85.28227700000001 26 0.983 17.3799 0.0108 16.9453 0.0055 16.5851 0.0075 16.4564 0.0104
273.216272 -85.30126700000001 11 0.98 18.3484 0.0182 18.0005 0.0066 17.7054 0.0098 17.614 0.0151
274.89020899999997 -85.15014000000001 32 0.985 14.6905 0.0052 14.2503 0.0082 13.9785 0.0042 13.8806 0.0063
272.810502 -85.11553599999999 36 0.992 13.9872 0.0089 13.6215 0.0047 13.3788 0.0044 13.3092 0.0088
273.93046699999996 -85.088295 12 0.9790000000000001 18.5057 0.018000000000000002 18.0575 0.0102 17.7308 0.016 17.5906 0.0088
274.942619 -85.159459 9 0.972 18.9872 0.0078 18.4684 0.0087 18.1311 0.0078 17.9723 0.0116
274.77732000000003 -85.264462 9 0.982 18.0636 0.0225 17.639 0.0105 17.2764 0.0071 17.1529 0.0191
273.681292 -85.310182 13 0.975 18.6234 0.0071 18.3586 0.0093 18.1214 0.0156 17.9969 0.0284
275.04092799999995 -85.201036 45 0.998 13.0703 0.0072 12.7308 0.0066 12.481 0.0046 12.3986 0.0047
272.400707 -85.228999 11 0.968 19.0695 0.0081 18.6992 0.012 18.3691 0.0142 18.2453 0.0093
275.042916 -85.194395 10 0.9620000000000001 19.9357 0.0232 18.9928 0.0076 17.9069 0.0079 17.4413 0.0247
273.767852 -85.085321 12 0.97 19.1209 0.0111 18.5144 0.0087 17.9763 0.0146 17.7104 0.0148
275.012893 -85.174276 19 0.983 18.1502 0.0103 17.4021 0.0061 16.8348 0.0142 16.5709 0.0137
274.25788900000003 -85.095086 18 0.981 17.7228 0.0076 16.9615 0.0074 16.38 0.0107 16.1511 0.0102
274.728967 -85.272702 19 0.983 17.6846 0.008 16.7266 0.006999999999999999 15.7218 0.0047 15.3131 0.005
274.485117 -85.10533000000001 19 0.982 17.8121 0.0091 17.436 0.0056 17.1752 0.0072 17.1051 0.0054
274.85502599999995 -85.138571 35 0.986 14.8107 0.009000000000000001 14.4158 0.0052 14.1291 0.0052 14.0311 0.0084
274.75436099999996 -85.271178 22 0.983 17.0684 0.0087 16.8287 0.0087 16.61 0.0085 16.5436 0.0118
275.06687999999997 -85.195789 32 0.983 16.5493 0.0235 16.1757 0.0099 15.8671 0.0046 15.7831 0.0112
272.60071 -85.129766 12 0.972 19.7943 0.0269 18.7913 0.0098 17.6006 0.0087 17.127 0.0231
273.36467400000004 -85.310457 30 0.983 16.8463 0.0285 16.4073 0.006999999999999999 16.1122 0.0082 15.992 0.0044
274.83184500000004 -85.132838 29 0.991 13.9902 0.0053 13.3901 0.0056 12.9413 0.0043 12.7306 0.0051
273.440604 -85.311927 8 0.9790000000000001 18.4051 0.009000000000000001 17.9985 0.0077 17.6656 0.0092 17.5449 0.0314
275.018351 -85.234339 37 0.985 15.3513 0.0078 14.9415 0.0041 14.623 0.0047 14.505 0.0046
275.04985899999997 -85.171287 11 0.977 18.7172 0.0109 18.2234 0.0091 17.9074 0.0129 17.691 0.0079
273.24553 -85.087807 8 0.963 19.2562 0.01 18.7867 0.0119 18.5284 0.0106 18.4012 0.0346
273.343432 -85.085042 10 0.965 19.0595 0.0094 18.7088 0.0216 18.3973 0.0105 18.3381 0.0384
272.293771 -85.197223 12 0.977 18.5802 0.0371 18.3324 0.0066 18.115 0.0156 17.9919 0.0118
272.569077 -85.128001 15 0.982 18.0578 0.0065 17.6047 0.0095 17.2842 0.0118 17.1463 0.0109
273.132354 -85.089885 9 0.95 19.3135 0.0085 18.7002 0.0091 18.1328 0.0137 18.009 0.0324
274.633536 -85.109948 12 0.9790000000000001 18.4537 0.0167 18.0409 0.012 17.7143 0.0141 17.562 0.0295
272.456791 -85.142073 33 0.9840000000000001 16.0908 0.0127 15.7678 0.0075 15.5079 0.0055 15.4282 0.0064
275.114536 -85.217576 41 0.9890000000000001 14.4897 0.0079 14.0803 0.004 13.7843 0.0038 13.6859 0.0055
272.738968 -85.288294 10 0.953 19.3906 0.0077 18.7633 0.0189 18.2084 0.0097 18.0257 0.0134
274.614816 -85.291335 12 0.975 19.2902 0.0088 18.4186 0.01 17.5994 0.0111 17.2586 0.0079
272.849835 -85.10007900000001 28 0.983 15.2471 0.0308 14.7809 0.033 14.4987 0.0385 14.3346 0.0339
275.124391 -85.221839 11 0.9620000000000001 18.9534 0.0165 18.5606 0.0093 18.3087 0.0137 18.2547 0.015
274.514041 -85.299576 34 0.985 16.2711 0.005 15.8179 0.006 15.5319 0.0093 15.4212 0.0053
274.333944 -85.30810100000001 13 0.97 19.3771 0.0106 18.5142 0.0089 17.9122 0.0083 17.6231 0.0212
272.25812 -85.17931 28 0.983 16.9813 0.0061 16.6359 0.0107 16.3733 0.0054 16.2923 0.0068
272.39803 -85.255647 14 0.976 19.5443 0.0574 18.6411 0.0101 17.4117 0.0062 16.9158 0.0099
275.142806 -85.18018599999999 22 0.983 17.7352 0.0157 17.0975 0.0104 16.6532 0.0062 16.4512 0.0082
274.650442 -85.29181899999999 26 0.9840000000000001 16.7419 0.0153 16.194000000000003 0.0072 15.7677 0.0073 15.5516 0.0078
274.279246 -85.085403 13 0.978 18.2697 0.0165 17.8508 0.0072 17.5158 0.008 17.4039 0.0291
273.94077999999996 -85.31959599999999 19 0.982 18.1083 0.0108 17.5013 0.0059 17.0463 0.0089 16.8616 0.0107
274.997367 -85.257246 34 0.985 15.675 0.005 15.4265 0.0081 15.2065 0.0046 15.1419 0.005
275.13389700000005 -85.17204 12 0.97 18.8107 0.0153 18.4975 0.0144 18.2688 0.0112 18.1394 0.0468
272.572519 -85.27869799999999 30 0.993 15.1799 0.0075 14.7184 0.0087 14.3965 0.0081 14.2597 0.0079
273.472523 -85.320587 11 0.982 18.0756 0.0156 17.6772 0.0116 17.3944 0.042 17.3363 0.0253
275.088946 -85.24185 17 0.983 17.6534 0.0129 17.3428 0.0082 17.0728 0.0066 16.983 0.018000000000000002
275.057289 -85.248486 15 0.9740000000000001 19.6861 0.0123 18.6852 0.0174 17.3944 0.0167 16.8976 0.0116
272.472393 -85.269551 30 0.983 16.639 0.0096 16.1331 0.0074 15.7412 0.0108 15.5679 0.0058
272.825083 -85.29977099999999 11 0.977 18.5439 0.009000000000000001 18.2494 0.0071 18.0345 0.0126 18.0046 0.011000000000000001
274.16936400000003 -85.079837 14 0.977 19.583 0.0273 18.6011 0.008 17.4527 0.0056 16.9552 0.0186
275.17314300000004 -85.180426 12 0.9790000000000001 18.5843 0.0219 18.1095 0.0066 17.8238 0.0073 17.6415 0.013000000000000001
275.170811 -85.221304 26 0.983 17.5351 0.0067 17.0531 0.0092 16.6725 0.0047 16.5156 0.005
274.21223599999996 -85.08059200000001 32 0.9840000000000001 15.8876 0.0058 15.5231 0.0058 15.2763 0.0055 15.1982 0.0082
274.464783 -85.306071 39 0.997 13.463 0.0043 13.149000000000001 0.0045 12.9318 0.0035 12.8566 0.0046
273.028473 -85.08625 38 0.9890000000000001 14.5958 0.0102 14.112 0.0041 13.76 0.0051 13.6234 0.0049
272.606829 -85.11224399999999 9 0.978 18.8434 0.0548 18.1774 0.0083 17.7772 0.0257 17.5934 0.0164
275.097607 -85.247039 20 0.983 17.548 0.0061 17.1625 0.0054 16.8358 0.0097 16.7427 0.0131
272.234113 -85.231225 11 0.981 18.1961 0.0096 17.7419 0.0066 17.423 0.0083 17.2817 0.0095
273.845735 -85.324023 32 0.9840000000000001 16.2705 0.0045 15.9872 0.0088 15.7691 0.0072 15.6924 0.006
272.86093 -85.093085 11 0.975 19.4288 0.0278 18.5391 0.0113 17.5628 0.0198 17.178 0.0079
272.785323 -85.097544 22 0.981 17.4785 0.0256 17.0715 0.0182 16.548 0.0557 16.4443 0.0378
275.121442 -85.24287199999999 34 0.985 15.4427 0.009000000000000001 14.958 0.0069 14.5825 0.0071 14.4398 0.0058
272.18035699999996 -85.207139 9 0.971 18.6332 0.011000000000000001 18.3443 0.0199 18.1028 0.0462 18.0446 0.0302
273.032623 -85.083959 29 0.983 16.1543 0.0052 15.8 0.0047 15.5635 0.0057 15.4746 0.0074
272.543512 -85.11522 7 0.9670000000000001 19.0556 0.024 18.6352 0.0378 18.3444 0.0122 18.1841 0.0233
275.20201000000003 -85.177073 11 0.982 18.1072 0.0122 17.7685 0.0078 17.5667 0.0084 17.4306 0.0083
273.25478300000003 -85.075572 23 0.982 18.5267 0.0259 17.6008 0.0137 16.7604 0.0106 16.4055 0.013000000000000001
274.580903 -85.093869 14 0.981 18.21 0.0066 17.674 0.0074 17.3056 0.0176 17.1747 0.006999999999999999
274.67522 -85.09908100000001 15 0.9790000000000001 18.9821 0.0123 18.0685 0.009000000000000001 17.2612 0.0406 16.9054 0.0283
273.522443 -85.326373 33 0.9840000000000001 14.8672 0.0047 14.4957 0.0044 14.2508 0.008 14.1613 0.0037
272.47817000000003 -85.119598 25 0.9840000000000001 17.0073 0.0096 16.6903 0.0091 16.4655 0.0069 16.4134 0.0146
273.351976 -85.32436 26 0.992 11.162 0.0077 10.4687 0.011000000000000001 10.0126 0.0066 9.7905 0.0047
274.41867 -85.313004 14 0.98 18.485 0.0068 17.9947 0.0212 17.6766 0.0159 17.5119 0.039
272.82986600000004 -85.306102 27 0.983 16.8567 0.0056 16.4237 0.0094 16.1165 0.006 15.9927 0.0093
272.440062 -85.122738 13 0.981 18.4017 0.0271 17.9646 0.0098 17.6533 0.0123 17.4725 0.0151
273.432327 -85.326487 8 0.9590000000000001 19.2228 0.0843 18.6308 0.0365 18.1994 0.013000000000000001 18.079 0.0126
272.262768 -85.14849699999999 17 0.982 17.8362 0.0063 17.3994 0.0069 17.0859 0.0067 17.0001 0.0078
272.146507 -85.21378399999999 18 0.983 17.7609 0.0123 17.3658 0.0066 17.1105 0.0163 17.0242 0.0105
273.836546 -85.068021 36 0.987 14.8925 0.004 14.3621 0.006999999999999999 14.0075 0.0037 13.8613 0.0038
273.621673 -85.32919100000001 10 0.9670000000000001 19.4418 0.0083 18.5209 0.008 17.6755 0.0075 17.3206 0.0074
275.27238700000004 -85.19311400000001 11 0.968 19.014 0.0084 18.5657 0.01 18.2243 0.013999999999999999 18.1385 0.0137
273.977244 -85.328035 11 0.968 18.8507 0.0082 18.4564 0.0119 18.137999999999998 0.013999999999999999 17.9862 0.0099
272.498741 -85.11318100000001 28 0.997 13.367 0.0048 13.0684 0.0048 12.8634 0.0054 12.8048 0.0047
274.970911 -85.277661 11 0.971 18.9265 0.0208 18.4266 0.0083 18.0287 0.0072 17.8897 0.0112
272.372051 -85.27226 11 0.968 19.0848 0.0314 18.5714 0.0134 18.1715 0.0084 17.9366 0.033
272.33474 -85.131362 10 0.98 18.4574 0.0109 18.0219 0.0077 17.730999999999998 0.0082 17.6154 0.0076
275.124345 -85.14132099999999 33 0.9840000000000001 15.793 0.0047 15.4744 0.0071 15.2378 0.006 15.1441 0.0044
272.11720299999996 -85.187066 10 0.972 nan nan 19.5074 0.0542 17.6248 0.0062 16.9055 0.0105
272.639989 -85.298101 34 0.996 13.664000000000001 0.0043 13.3884 0.0063 13.2066 0.0064 13.1646 0.004
273.911617 -85.066248 13 0.966 19.9589 0.0124 18.9996 0.013000000000000001 17.7054 0.0149 17.1778 0.0138
274.876213 -85.109324 21 0.988 14.9356 0.009000000000000001 14.3205 0.0053 13.8292 0.0065 13.5965 0.0066
275.073113 -85.131158 44 0.9940000000000001 14.1284 0.0049 13.7215 0.0043 13.4468 0.0041 13.3443 0.0037
274.21880600000003 -85.07109200000001 13 0.966 19.0305 0.0291 18.4963 0.0211 18.1253 0.0145 17.9798 0.0088
272.952316 -85.079288 10 0.977 18.4862 0.0072 18.2783 0.0117 18.0825 0.0152 18.0594 0.0104
272.474296 -85.286497 30 0.9840000000000001 16.4496 0.0074 16.1302 0.0131 15.8933 0.0064 15.8041 0.0079
273.993515 -85.06580100000001 11 0.966 19.0157 0.0469 18.5182 0.0095 18.0888 0.0109 17.8854 0.0123
272.234313 -85.25576 28 0.9840000000000001 16.5539 0.0074 16.2151 0.0102 15.9567 0.005 15.8708 0.0065
274.250313 -85.324839 29 0.983 16.8194 0.0077 16.417 0.0053 16.1271 0.0189 16.0173 0.0078
274.846207 -85.104125 29 0.985 15.2538 0.0095 14.8991 0.0088 14.6444 0.0058 14.5599 0.0082
275.17349900000005 -85.255312 9 0.965 19.0788 0.0315 18.7069 0.0216 18.4398 0.0087 18.4973 0.0227
274.92087999999995 -85.11030500000001 7 0.98 18.3883 0.0095 18.0678 0.0078 17.7884 0.0355 17.7688 0.0118
274.352054 -85.073991 28 0.9940000000000001 12.3941 0.0061 11.9107 0.0089 11.5907 0.0062 11.4904 0.0063
274.69228799999996 -85.306478 9 0.9670000000000001 18.8034 0.0084 18.4196 0.0075 18.1646 0.0371 18.1113 0.0125
272.819229 -85.08402 10 0.9640000000000001 19.079 0.0156 18.7244 0.0115 18.4079 0.0334 18.55 0.0166
272.89336099999997 -85.317625 24 0.9840000000000001 16.5039 0.0067 15.8925 0.0049 15.4355 0.0047 15.2407 0.0072
272.063039 -85.193699 9 0.976 19.1732 0.0086 18.468 0.0275 17.9616 0.0177 17.65 0.0574
272.057808 -85.19566800000001 8 0.977 18.4526 0.0166 18.1078 0.0219 17.8557 0.0084 17.8157 0.0506
275.16778999999997 -85.13831400000001 13 0.972 18.8552 0.0126 18.4129 0.0257 18.0964 0.0156 17.9308 0.0149
274.588974 -85.08298 12 0.9690000000000001 19.0784 0.0069 18.5502 0.0071 18.1501 0.0189 17.96 0.0228
272.633397 -85.093921 11 0.956 18.9581 0.0118 18.628 0.0205 18.4777 0.0189 18.3035 0.1118
274.885487 -85.10275 10 0.976 19.3823 0.009000000000000001 18.4037 0.0086 17.4818 0.0236 17.1803 0.0065
274.552511 -85.3178 13 0.976 18.6501 0.0134 18.2875 0.0064 17.9875 0.0221 17.8307 0.0109
272.151475 -85.250869 9 0.981 18.3605 0.01 17.8669 0.0084 17.5204 0.0184 17.401 0.0531
273.168842 -85.06624000000001 29 0.983 16.3574 0.0123 15.9947 0.006999999999999999 15.7387 0.0045 15.6566 0.0049
272.495282 -85.102784 9 0.977 18.6233 0.0088 18.2882 0.0115 18.0511 0.0386 17.9385 0.0827
274.792804 -85.093777 10 0.976 18.9126 0.0093 18.2405 0.0396 17.7621 0.0068 17.5441 0.0197
272.033842 -85.19060999999999 21 0.9890000000000001 16.9113 0.0538 16.1372 0.0403 15.2257 0.0348 14.7857 0.038
273.742141 -85.058521 14 0.982 17.669 0.0172 17.1618 0.0066 16.799 0.0065 16.6144 0.0108
275.326756 -85.229975 18 0.981 18.6467 0.0298 17.7375 0.0237 16.9441 0.0087 16.601 0.0078
275.21409500000004 -85.141325 15 0.9620000000000001 18.6516 0.0489 18.2469 0.066 17.6566 0.0364 17.4039 0.0498
272.036357 -85.185395 11 0.982 17.8545 0.0192 17.5405 0.0187 17.3054 0.0132 17.2313 0.0317
274.779943 -85.305584 27 0.9840000000000001 16.6872 0.0248 16.2609 0.0162 15.9739 0.0135 15.8448 0.0092
272.96303900000004 -85.325016 10 0.98 18.6562 0.0078 17.9997 0.013999999999999999 17.5678 0.0102 17.3434 0.0099
272.11456499999997 -85.248238 12 0.981 18.3248 0.0495 17.9035 0.0583 17.5769 0.0472 17.3925 0.0167
273.540175 -85.057487 10 0.978 18.4643 0.0107 17.8254 0.0075 17.3627 0.0081 17.1634 0.0266
272.502671 -85.29898299999999 12 0.9790000000000001 18.4016 0.0118 18.0591 0.0142 17.8275 0.0132 17.7304 0.0201
274.29627200000004 -85.065267 26 0.9840000000000001 16.759 0.0113 16.0549 0.0076 15.5285 0.0077 15.3002 0.006999999999999999
272.690546 -85.084126 17 0.983 17.7696 0.0085 17.5678 0.0061 17.4344 0.0116 17.4375 0.0165
271.994131 -85.19749399999999 18 0.983 17.0519 0.0093 16.6982 0.0076 16.4204 0.0185 16.3215 0.0115
274.34684500000003 -85.066485 13 0.981 18.5417 0.012 17.9509 0.0091 17.5035 0.0066 17.3145 0.0089
272.007604 -85.17981 6 0.961 20.2443 0.0205 19.3674 0.0243 17.9411 0.0271 17.436 0.0338
274.833809 -85.305678 9 0.971 18.9305 0.0078 18.4487 0.0201 18.048 0.0081 17.8849 0.0107
275.348837 -85.163337 10 0.953 19.6936 0.0174 18.8107 0.0096 17.9652 0.0161 17.6019 0.0144
275.282959 -85.253517 26 0.9840000000000001 17.637 0.0063 16.6958 0.0141 15.2296 0.0044 14.6621 0.0068
273.759874 -85.34133 22 0.983 17.6156 0.006 17.1046 0.0115 16.7283 0.0057 16.5753 0.0126
272.10450099999997 -85.146794 20 0.985 16.0891 0.0099 15.7509 0.0127 15.4882 0.0072 15.431 0.0066
275.382655 -85.17294 8 0.982 18.3723 0.0357 17.8693 0.0075 17.5032 0.0238 17.3377 0.0148
272.162018 -85.135385 30 0.988 15.009 0.0054 14.6445 0.0053 14.392000000000001 0.0047 14.3219 0.0042
272.891126 -85.071334 31 0.983 16.5725 0.009000000000000001 16.0564 0.0168 15.76 0.0232 15.5763 0.0326
272.948763 -85.328452 18 0.983 17.5804 0.009000000000000001 17.2136 0.0061 16.9552 0.0126 16.8469 0.0166
273.50135 -85.341792 36 0.986 14.8756 0.0125 14.513 0.009000000000000001 14.2995 0.0054 14.2312 0.0048
274.411253 -85.330585 34 0.985 15.785 0.0105 15.3149 0.0059 15.0056 0.0043 14.8709 0.0063
272.15046 -85.26526700000001 24 0.983 17.3195 0.0101 16.9547 0.0075 16.6746 0.0202 16.6073 0.0079
274.53000499999996 -85.32584399999999 13 0.981 18.1757 0.0063 17.7913 0.0082 17.4999 0.0123 17.4384 0.0234
274.931641 -85.30110400000001 36 0.9840000000000001 15.7789 0.0052 15.3987 0.0115 15.1012 0.0045 14.9927 0.0043
272.086235 -85.14527700000001 13 0.983 17.5996 0.0075 17.3076 0.0181 17.0415 0.0245 16.9682 0.0567
272.902858 -85.06823299999999 11 0.9790000000000001 18.3751 0.0083 18.0067 0.0084 17.7798 0.012 17.6907 0.018000000000000002
272.682368 -85.079336 12 0.982 18.0332 0.017 17.6225 0.008 17.3176 0.0113 17.1553 0.0135
272.241312 -85.281299 9 0.972 18.8853 0.0242 18.6078 0.0137 18.2789 0.0118 18.2249 0.0271
272.666014 -85.31759100000001 28 0.9840000000000001 15.7018 0.008 15.4158 0.0051 15.2011 0.0051 15.1355 0.0042
275.35211699999996 -85.15043399999999 36 0.985 15.3009 0.009000000000000001 14.7843 0.0045 14.3979 0.0035 14.2306 0.0038
274.47663900000003 -85.330382 36 0.9840000000000001 16.4326 0.0103 16.0751 0.0053 15.8082 0.0055 15.7216 0.0068
274.599575 -85.072103 16 0.983 17.9993 0.0064 17.422 0.0098 17.0207 0.008 16.8359 0.0092
272.527451 -85.088792 32 0.983 16.9333 0.0083 16.5186 0.0061 16.199 0.0064 16.0642 0.0087
275.457417 -85.19280400000001 11 0.98 18.1875 0.0093 17.6968 0.0193 17.3524 0.011000000000000001 17.1952 0.0073
274.633356 -85.073611 26 0.9840000000000001 16.9171 0.0061 16.59 0.0101 16.3383 0.0084 16.2592 0.0083
275.196006 -85.27753 20 0.981 18.5817 0.0064 17.6506 0.0066 16.7928 0.0048 16.4157 0.0115
273.74931000000004 -85.050256 15 0.982 17.7405 0.0167 17.3855 0.0077 17.1479 0.0078 17.0776 0.0175
272.238287 -85.282981 13 0.977 18.3243 0.0197 17.6394 0.0142 17.1527 0.0081 16.9061 0.0074
275.452175 -85.18235899999999 18 0.983 17.5212 0.0075 17.1963 0.0068 16.9334 0.006 16.8771 0.0115
273.906404 -85.345028 12 0.956 19.255 0.0081 18.6412 0.0104 18.237000000000002 0.0098 18.0577 0.0491
274.791606 -85.315272 29 0.983 15.7685 0.0183 15.4294 0.0069 15.1725 0.0101 15.0546 0.0104
272.16836 -85.125006 10 0.9690000000000001 nan nan 19.5221 0.065 17.934 0.0256 17.3038 0.016
272.086254 -85.13839399999999 9 0.982 18.0653 0.0087 17.7615 0.0186 17.529 0.0315 17.4763 0.012
273.970727 -85.34459100000001 18 0.983 17.8771 0.0102 17.5041 0.006 17.2296 0.0171 17.1117 0.0107
272.795995 -85.326406 11 0.977 18.8285 0.0138 18.320999999999998 0.0068 17.9821 0.0072 17.8643 0.0153
275.0404 -85.10198299999999 30 0.983 17.0714 0.0055 16.6595 0.0058 16.3527 0.0069 16.206 0.0053
271.92931200000004 -85.185294 7 0.955 19.6131 0.0137 18.7354 0.0106 17.9053 0.0153 17.5376 0.0235
274.093734 -85.053143 10 0.972 18.9619 0.0378 18.2902 0.0079 17.8376 0.008 17.5924 0.0249
272.386368 -85.299984 13 0.981 18.4253 0.0088 17.8572 0.0088 17.4466 0.013999999999999999 17.262999999999998 0.0128
272.604652 -85.08123 38 0.998 13.3607 0.0049 13.011 0.005 12.7831 0.0041 12.7072 0.0043
275.30789 -85.263839 37 0.992 12.3368 0.0112 12.0558 0.0051 11.8813 0.0051 11.8205 0.004
273.45726099999996 -85.345986 10 0.98 18.4021 0.0093 17.7807 0.0095 17.377 0.0229 17.18 0.0345
271.92900099999997 -85.180254 23 0.983 16.6913 0.0095 16.3066 0.0075 16.0408 0.0063 15.9497 0.0086
273.276856 -85.052829 10 0.972 nan nan 19.3639 0.0226 17.4628 0.0126 16.6984 0.0171
271.976898 -85.15876800000001 22 0.983 16.5185 0.0448 16.2017 0.0381 15.9598 0.0067 15.8744 0.0072
272.071279 -85.263118 12 0.973 18.8383 0.0226 18.4603 0.008 18.2188 0.0636 18.063 0.0737
272.086346 -85.26588000000001 15 0.982 18.2659 0.0078 17.7337 0.0081 17.3378 0.016 17.2265 0.0076
274.96589700000004 -85.092607 25 0.983 17.3542 0.0075 16.8358 0.0234 16.3836 0.0088 16.2452 0.0134
274.80818999999997 -85.080642 9 0.9520000000000001 19.5134 0.0135 18.7955 0.0442 18.2486 0.0095 18.0545 0.0233
272.40796 -85.094163 13 0.9690000000000001 19.3734 0.0331 18.4693 0.0202 17.7787 0.0391 17.4554 0.0269
271.95923700000003 -85.159571 2 0.972 nan nan nan nan 17.6175 0.0153 17.5704 0.0225
272.13446899999997 -85.123961 18 0.98 19.2838 0.0418 18.2747 0.0233 16.902 0.0101 16.3836 0.0045
273.41899900000004 -85.347569 19 0.972 17.7794 0.0278 17.3777 0.0157 17.0645 0.0292 16.894000000000002 0.0208
273.28206 -85.345427 7 0.955 19.1723 0.0297 18.6969 0.0351 18.2878 0.0109 18.1746 0.0418
275.496822 -85.217574 26 0.987 15.138 0.0119 14.6728 0.006999999999999999 14.3643 0.0056 14.2424 0.0049
273.53382799999997 -85.34909 16 0.978 19.062 0.0089 18.1268 0.0207 17.2296 0.0113 16.8436 0.0199
273.170031 -85.053145 7 0.9620000000000001 19.7531 0.0128 18.8195 0.0357 17.8856 0.0099 17.5686 0.0103
272.13610800000004 -85.276859 18 0.983 18.177 0.0094 17.2779 0.0113 16.3429 0.0144 15.9916 0.0176
275.41064900000003 -85.15055699999999 10 0.981 18.1745 0.0121 17.8232 0.0113 17.590999999999998 0.0205 17.5025 0.0088
272.936485 -85.336363 16 0.981 18.6976 0.0073 17.8495 0.0082 17.1404 0.0077 16.8285 0.0083
273.017837 -85.05752700000001 26 0.9840000000000001 15.7454 0.0077 15.382 0.0092 15.1251 0.0058 15.0168 0.0048
272.936125 -85.060485 21 0.982 17.4415 0.0108 16.9975 0.0075 16.7183 0.0066 16.618 0.0146
274.780202 -85.07663199999999 26 0.9840000000000001 16.1488 0.0087 15.6781 0.0056 15.3492 0.006999999999999999 15.2139 0.0048
271.87701 -85.198713 24 0.983 16.614 0.0156 16.3104 0.0097 16.0899 0.0057 16.0256 0.0198
271.88007999999996 -85.21222399999999 29 0.988 14.9061 0.0073 14.4339 0.0047 14.0765 0.0045 13.9362 0.0078
272.066258 -85.131723 14 0.981 19.1308 0.1078 18.332 0.1265 16.9914 0.0335 16.5058 0.0172
273.494387 -85.045168 20 0.982 17.805999999999997 0.0156 17.1985 0.0058 16.7296 0.0243 16.4719 0.0195
275.1271 -85.10210699999999 23 0.983 18.3327 0.0098 17.4636 0.008 16.6486 0.0199 16.2969 0.0142
275.246683 -85.11556999999999 12 0.9790000000000001 18.4845 0.0176 18.1178 0.0186 17.8415 0.0084 17.7061 0.028999999999999998
274.93358900000004 -85.314705 34 0.9840000000000001 15.7333 0.0149 15.2973 0.0047 14.9756 0.004 14.8594 0.0037
275.396507 -85.26259499999999 33 0.985 15.1189 0.0046 14.512 0.005 14.0418 0.0046 13.8245 0.0045
272.347281 -85.306853 26 0.983 17.1222 0.0066 16.5679 0.0076 16.1702 0.0094 16.0087 0.0071
273.17780600000003 -85.348035 13 0.981 18.2185 0.0075 17.8749 0.0105 17.5575 0.013999999999999999 17.4569 0.0119
275.503532 -85.23925 26 0.988 11.9093 0.0193 11.6318 0.0063 11.4751 0.0053 11.4555 0.0052
274.494474 -85.057373 10 0.975 18.8172 0.0435 18.27 0.0304 17.8798 0.0132 17.7245 0.0246
275.35801299999997 -85.128398 11 0.98 18.5074 0.009000000000000001 17.9985 0.0182 17.6818 0.0069 17.4783 0.0182
271.93235699999997 -85.251882 12 0.978 19.418 0.0131 18.4981 0.0227 17.2199 0.0106 16.6778 0.0229
274.167511 -85.04675999999999 17 0.983 18.3159 0.0141 17.3984 0.0072 16.5848 0.0058 16.2442 0.0061
272.077799 -85.278536 11 0.981 18.3128 0.0076 17.9272 0.0078 17.5975 0.008 17.4795 0.0266
275.543763 -85.174511 20 0.983 17.2342 0.006 16.8498 0.0082 16.569000000000003 0.0074 16.4701 0.0301
272.739397 -85.33377800000001 22 0.983 17.5391 0.0063 16.820999999999998 0.0058 16.2909 0.0084 16.0775 0.0076
272.87758199999996 -85.05705999999999 26 0.983 16.6649 0.0165 16.1028 0.0057 15.7242 0.0113 15.584000000000001 0.0106
273.775609 -85.04066800000001 7 0.9790000000000001 18.0586 0.0114 nan nan 17.1953 0.008 17.0338 0.0075
273.64356200000003 -85.35554499999999 10 0.9740000000000001 19.4594 0.0125 18.6309 0.0184 17.9739 0.0106 17.7047 0.028999999999999998
275.57755099999997 -85.191321 17 0.982 17.9307 0.019 17.5152 0.0108 17.1787 0.0119 17.0692 0.0315
272.305525 -85.306067 14 0.981 18.3413 0.0131 17.8026 0.0064 17.3899 0.0139 17.218 0.0161
273.500543 -85.040817 12 0.981 18.8243 0.0273 17.9107 0.0134 17.1087 0.0144 16.7458 0.0378
272.224263 -85.100436 13 0.982 17.773 0.0089 17.3001 0.0078 16.9936 0.0125 16.8778 0.008
273.73332400000004 -85.039812 35 0.9940000000000001 12.6911 0.0048 12.3528 0.0053 12.1425 0.0054 12.0805 0.0037
271.816193 -85.21819 19 0.983 17.6245 0.0079 17.0456 0.0145 16.6981 0.0246 16.5314 0.0162
274.315255 -85.348237 27 0.9840000000000001 17.682000000000002 0.0147 16.913 0.0168 16.2522 0.0083 15.9707 0.0054
275.205797 -85.102689 20 0.983 17.5364 0.0068 17.0348 0.0071 16.6647 0.0074 16.496 0.0073
275.509778 -85.249491 13 0.981 18.4596 0.0175 17.7421 0.0165 17.1738 0.0153 16.9671 0.0116
274.984423 -85.081446 13 0.982 17.884 0.0129 17.531 0.0075 17.2789 0.0106 17.160999999999998 0.0135
271.9742 -85.268794 13 0.983 17.8961 0.0129 17.3845 0.013999999999999999 16.9715 0.0083 16.817999999999998 0.0101
272.464409 -85.077239 31 0.983 17.0545 0.006 16.5466 0.0055 16.1701 0.005 15.9928 0.0088
274.610078 -85.339007 26 0.983 17.225 0.0076 16.8707 0.008 16.6009 0.0077 16.4941 0.0062
271.787312 -85.198153 9 0.977 18.5836 0.0079 18.3071 0.0181 18.1289 0.0086 18.0863 0.0734
272.584034 -85.068472 13 0.982 18.0458 0.0111 17.7584 0.0063 17.4964 0.0176 17.4357 0.0077
274.96815899999996 -85.319251 11 0.9790000000000001 18.3761 0.0173 18.0374 0.0075 17.7616 0.0067 17.6707 0.0236
271.843595 -85.241484 24 0.9840000000000001 16.1562 0.006 15.7412 0.0067 15.4723 0.0085 15.3728 0.0104
275.42134300000004 -85.270612 10 0.9790000000000001 18.8557 0.0378 18.0844 0.0175 17.5203 0.0112 17.2364 0.0285
275.354214 -85.28096500000001 29 0.983 16.785 0.0193 16.1682 0.0129 15.7649 0.0046 15.5781 0.0099
272.204358 -85.098702 20 0.982 17.6959 0.013000000000000001 16.9322 0.0053 16.3341 0.0094 16.0774 0.0051
273.0749 -85.045704 22 0.983 17.8741 0.02 16.995 0.0122 16.2237 0.0082 15.8841 0.0059
272.064523 -85.114366 29 0.9890000000000001 14.4383 0.0067 13.9859 0.0107 13.6221 0.0067 13.474 0.0049
273.631479 -85.359308 37 0.986 15.6561 0.0155 15.2632 0.0051 15.0023 0.0041 14.8894 0.0078
271.892088 -85.25741500000001 8 0.97 19.3991 0.0229 18.5492 0.0096 17.8915 0.01 17.627 0.0091
275.562038 -85.242575 6 0.9670000000000001 18.7632 0.012 18.2851 0.0136 17.8436 0.0115 17.6707 0.0336
271.79028999999997 -85.171299 12 0.953 19.2917 0.0133 18.6496 0.0126 18.1213 0.0078 17.8107 0.0579
275.45145099999996 -85.13101 9 0.9520000000000001 19.059 0.0368 18.6846 0.0311 18.4355 0.0257 18.3927 0.0264
274.86166099999997 -85.329093 9 0.982 17.9223 0.0101 18.0583 0.0079 18.2456 0.0101 18.4147 0.0378
271.973956 -85.124353 16 0.983 17.4451 0.0153 17.0522 0.0102 16.757 0.0081 16.649 0.0183
274.115078 -85.357381 24 0.982 17.023 0.0119 16.5342 0.0062 16.1753 0.0045 16.0403 0.0072
272.127675 -85.103021 21 0.983 17.018 0.0062 16.6771 0.0246 16.4303 0.0128 16.354 0.0167
272.87855 -85.34711300000001 12 0.953 19.0628 0.0358 18.486 0.0179 18.1341 0.0148 18.0172 0.0172
275.372508 -85.284494 36 0.987 14.540999999999999 0.0083 13.9239 0.0043 13.4475 0.0045 13.2226 0.004
271.745526 -85.2131 13 0.982 17.86 0.0116 17.4836 0.0065 17.2081 0.0135 17.1156 0.0077
273.66274500000003 -85.034244 42 0.998 13.225 0.004 12.879000000000001 0.0044 12.6374 0.0038 12.5508 0.0037
275.643704 -85.218604 31 0.983 16.5091 0.006999999999999999 16.1497 0.0048 15.8896 0.0056 15.788 0.0063
274.673804 -85.05660400000001 10 0.977 18.3177 0.0365 17.899 0.0144 17.641 0.0137 17.5175 0.0104
274.423225 -85.046051 12 0.965 19.3819 0.0093 18.5114 0.0133 17.7573 0.0121 17.4696 0.0154
272.279868 -85.313098 12 0.981 18.2342 0.0084 17.7444 0.0084 17.3632 0.0103 17.2401 0.0234
275.586375 -85.245611 37 0.996 13.8275 0.0053 13.4635 0.0054 13.216 0.0053 13.1254 0.0044
273.80495 -85.033789 14 0.98 18.352 0.0066 17.9715 0.0066 17.7104 0.0142 17.589000000000002 0.023
275.310448 -85.10589399999999 11 0.958 19.1725 0.0427 18.6909 0.015 18.2444 0.0161 18.1781 0.0164
273.24415899999997 -85.03789499999999 14 0.981 18.0602 0.0066 17.7056 0.0067 17.4261 0.0062 17.322 0.0247
273.345173 -85.03603199999999 39 0.9890000000000001 14.710999999999999 0.0046 14.2233 0.0041 13.8417 0.0038 13.6708 0.0044
271.985207 -85.281885 9 0.971 19.0538 0.0076 18.45 0.0065 17.9754 0.0083 17.8269 0.0173
275.570736 -85.148804 9 0.9790000000000001 18.8136 0.0181 18.2046 0.011000000000000001 17.7606 0.0094 17.5429 0.0254
272.55405299999995 -85.064359 12 0.981 18.1268 0.0114 17.6941 0.0061 17.3687 0.0176 17.2521 0.0079
274.55897200000004 -85.347296 32 0.9840000000000001 16.0966 0.0053 15.7149 0.0051 15.4174 0.0051 15.3082 0.0065
273.290989 -85.360038 21 0.983 17.1676 0.0097 16.3455 0.0067 15.7401 0.0064 15.4602 0.0068
271.721571 -85.207848 9 0.9570000000000001 19.1616 0.0179 18.817999999999998 0.0087 18.5355 0.0781 18.3201 0.0321
275.361856 -85.110381 7 0.9520000000000001 19.243 0.0103 18.9155 0.0203 18.6394 0.021 18.4457 0.0191
271.736444 -85.177832 18 0.983 18.6096 0.0389 17.6882 0.0241 16.7155 0.0185 16.3628 0.0098
273.421005 -85.033893 19 0.982 17.4588 0.0082 16.9576 0.0089 16.5565 0.0184 16.3905 0.0087
275.092616 -85.081622 15 0.977 19.0883 0.0106 18.1846 0.0066 17.3274 0.0148 16.9877 0.0061
272.849682 -85.348795 18 0.983 18.9602 0.01 18.015 0.0074 16.4556 0.006 15.835 0.011000000000000001
275.651059 -85.230799 13 0.9540000000000001 19.2196 0.0102 18.7191 0.0123 18.2769 0.0232 18.1097 0.019
273.953173 -85.032724 33 0.9840000000000001 16.3344 0.0084 15.8342 0.0051 15.4384 0.0039 15.26 0.0047
274.962071 -85.070284 17 0.983 17.904 0.0075 17.4407 0.0103 17.0847 0.0125 16.9405 0.0061
272.366596 -85.323608 20 0.983 17.0616 0.0057 16.5251 0.0054 16.1314 0.0074 15.970999999999998 0.0049
272.51316099999997 -85.333393 25 0.985 15.9262 0.013000000000000001 15.5402 0.0045 15.2676 0.0077 15.1804 0.0057
272.225254 -85.312762 15 0.983 17.8685 0.0064 17.4462 0.0085 17.111 0.0058 16.9944 0.0074
272.55022 -85.06183100000001 24 0.983 17.1464 0.0122 16.5994 0.0056 16.2055 0.0068 16.0583 0.0089
275.670554 -85.170764 19 0.982 17.9934 0.0068 17.5066 0.0062 17.0873 0.0264 16.8926 0.026000000000000002
271.70243 -85.18265500000001 9 0.955 19.0529 0.022000000000000002 18.7595 0.0121 18.6179 0.0294 18.5658 0.0223
275.702951 -85.210492 12 0.9540000000000001 19.4338 0.0127 18.7313 0.0142 18.1904 0.0246 17.9243 0.0118
271.68884199999997 -85.20626700000001 18 0.971 18.0359 0.0323 17.575 0.0655 17.17 0.0373 17.0434 0.0306
273.769678 -85.36625500000001 24 0.983 16.4559 0.0141 15.7838 0.0081 15.2031 0.0082 14.9561 0.005
271.911989 -85.12289 8 0.9790000000000001 18.6658 0.0107 18.0896 0.0205 17.6579 0.0185 17.5137 0.0079
271.832861 -85.137393 13 0.9790000000000001 18.573 0.015 18.0995 0.0201 17.7375 0.0154 17.6151 0.0067
274.767676 -85.056285 5 0.971 18.6818 0.0106 18.2781 0.0105 17.9825 0.0228 17.8286 0.0229
273.934729 -85.365365 33 0.9840000000000001 16.3539 0.0105 15.9917 0.0065 15.7234 0.011000000000000001 15.6284 0.0105
271.865842 -85.13049699999999 14 0.9790000000000001 19.2234 0.0133 18.3345 0.011000000000000001 17.1709 0.0234 16.6986 0.0083
272.038994 -85.295823 30 0.986 15.1063 0.005 14.7407 0.0081 14.4749 0.0044 14.3797 0.0048
272.302281 -85.32126600000001 18 0.983 17.78 0.0107 17.2743 0.0062 16.8939 0.0059 16.748 0.0089
272.220353 -85.084484 11 1.0 9.0441 0.0108 8.6112 0.0147 nan nan nan nan
271.774474 -85.149235 13 0.978 18.6536 0.0064 18.1406 0.006999999999999999 17.7602 0.0093 17.6093 0.0308
275.692117 -85.17312700000001 21 0.983 17.565 0.008 17.109 0.0084 16.792 0.0081 16.6344 0.0119
274.502326 -85.353804 16 0.982 18.1123 0.0104 17.5826 0.0062 17.1579 0.01 16.9958 0.0061
272.544215 -85.338314 9 0.96 19.3453 0.0295 18.5678 0.0089 18.0013 0.0109 17.7205 0.0104
272.220661 -85.083662 0 0.98 nan nan nan nan nan nan nan nan
271.676847 -85.188239 10 0.963 19.6558 0.0232 18.7386 0.0077 17.8439 0.0109 17.4589 0.0484
275.12171 -85.078745 12 0.978 18.5741 0.0422 18.1591 0.0115 17.8923 0.0165 17.7046 0.0308
271.672886 -85.215548 27 0.983 16.4106 0.0054 16.0545 0.0104 15.7743 0.0063 15.6997 0.0069
275.733738 -85.193706 19 0.983 17.6415 0.0296 17.2053 0.0068 16.829 0.0178 16.6974 0.0112
272.949623 -85.039564 44 0.992 13.7495 0.0046 13.1228 0.0042 12.6582 0.0043 12.4368 0.0033
274.53497799999997 -85.042516 12 0.9570000000000001 19.2756 0.0136 18.7198 0.0079 18.2974 0.0085 18.0923 0.0236
275.032062 -85.328983 13 0.9790000000000001 18.4265 0.0148 18.0655 0.0077 17.8355 0.0168 17.7124 0.0324
271.726314 -85.246735 11 0.971 18.8794 0.0524 18.4737 0.0087 18.1278 0.0282 18.0158 0.048
271.954501 -85.290014 8 0.966 19.6291 0.0111 18.6847 0.0077 17.8525 0.0505 17.4525 0.0095
272.69874100000004 -85.34849799999999 14 0.981 18.2352 0.009000000000000001 17.74 0.0417 17.0633 0.0195 16.8621 0.0204
275.505932 -85.281398 16 0.983 17.8222 0.0116 17.4362 0.0115 17.1221 0.0104 17.0106 0.013000000000000001
274.018885 -85.02846600000001 17 0.982 17.7959 0.0078 17.4244 0.011000000000000001 17.1373 0.0074 17.0431 0.0061
275.27036699999996 -85.310227 42 0.988 14.4767 0.0044 14.0162 0.0054 13.706 0.0039 13.5714 0.0038
274.693895 -85.34903100000001 9 0.976 18.798 0.0078 18.2506 0.013000000000000001 17.8392 0.0088 17.6413 0.0165
272.15292400000004 -85.31376800000001 10 0.9640000000000001 19.0919 0.0089 18.7162 0.0091 18.4515 0.0101 18.2731 0.0851
272.807648 -85.35415 11 0.98 18.2974 0.0163 17.9619 0.0075 17.7147 0.0077 17.6242 0.019
273.158971 -85.03171 28 0.983 16.4998 0.0074 15.9671 0.0097 15.5397 0.0047 15.3482 0.0043
272.08239199999997 -85.307272 11 0.981 18.2393 0.0112 17.8838 0.0123 17.6486 0.0272 17.5336 0.0084
275.696189 -85.24421 30 0.9840000000000001 15.452 0.0087 15.0081 0.0052 14.6772 0.0067 14.5557 0.0044
273.13780099999997 -85.365075 8 0.951 20.3969 0.015 19.5 0.0177 18.0661 0.0122 17.5716 0.0213
273.83002200000004 -85.024774 23 0.983 17.7354 0.0061 17.032 0.006 16.5512 0.0048 16.35 0.0179
273.476983 -85.370884 28 0.9840000000000001 15.5292 0.0073 15.222000000000001 0.0082 15.0454 0.005 14.98 0.0055
271.834221 -85.123489 14 0.982 18.1146 0.0202 17.7222 0.0062 17.4536 0.0088 17.3693 0.0207
275.77523199999996 -85.207973 38 0.983 16.1176 0.0165 15.7633 0.0115 15.5135 0.0093 15.4309 0.0078
275.204331 -85.079738 35 0.9840000000000001 15.5662 0.0064 15.1506 0.0047 14.8574 0.004 14.742 0.0055
274.348104 -85.363773 12 0.972 18.8844 0.0116 18.4942 0.0111 18.2156 0.0201 18.0642 0.0163
272.91976600000004 -85.03697 24 0.983 17.84 0.0087 16.93 0.0091 16.1401 0.0116 15.83 0.006999999999999999
274.513883 -85.038299 15 0.98 18.1636 0.0089 17.5385 0.0061 17.1012 0.0203 16.932000000000002 0.0061
275.780304 -85.203764 12 0.9570000000000001 19.6746 0.0166 18.828 0.021 18.1041 0.0119 17.8819 0.0232
273.97118 -85.371297 28 0.985 15.3069 0.0105 14.7578 0.0062 14.3533 0.0044 14.163 0.0041
273.543024 -85.02378399999999 17 0.982 17.537 0.0073 17.1207 0.0078 16.8112 0.0214 16.719 0.01
273.017292 -85.033097 11 0.9670000000000001 18.8227 0.0073 18.5188 0.0182 18.282 0.0198 18.1284 0.0184
272.265583 -85.326865 29 0.9840000000000001 16.5933 0.0062 16.2769 0.0048 16.0623 0.0066 15.9836 0.0062
271.704339 -85.253454 20 0.983 17.3432 0.0155 16.9262 0.0079 16.5983 0.008 16.4529 0.0149
275.691013 -85.148161 20 0.983 17.465 0.0135 17.0609 0.0053 16.7578 0.0063 16.6442 0.0093
275.25239700000003 -85.082114 9 0.9670000000000001 19.1317 0.0083 18.7317 0.0077 18.4017 0.0078 18.289 0.027999999999999997
274.433429 -85.034065 24 0.983 17.4199 0.006 17.0314 0.0133 16.7467 0.0064 16.6091 0.0093
271.71901299999996 -85.260238 28 0.9840000000000001 15.9509 0.009000000000000001 15.5905 0.0058 15.3357 0.0063 15.2475 0.008
274.241353 -85.028348 10 0.968 18.8231 0.0086 18.6012 0.0114 18.3877 0.0114 18.4251 0.0162
272.582119 -85.348341 11 0.98 18.5202 0.0065 18.0509 0.0065 17.7304 0.0088 17.6398 0.0078
274.54103599999996 -85.037076 44 0.987 14.8717 0.0068 14.4972 0.0038 14.2516 0.0049 14.1579 0.0075
271.587969 -85.20067900000001 10 0.966 19.0275 0.0166 18.5764 0.0128 18.2545 0.0097 18.1644 0.0106
273.232145 -85.370524 37 0.985 15.5046 0.006999999999999999 14.8777 0.0048 14.3962 0.0038 14.1557 0.0051
271.793933 -85.123986 11 0.98 18.3618 0.0079 17.9121 0.0112 17.5917 0.0089 17.445999999999998 0.0265
274.074639 -85.372569 12 0.97 18.7792 0.0291 18.4234 0.0091 18.11 0.038 18.078 0.0609
275.81572400000005 -85.209882 12 0.966 19.4814 0.0709 18.6926 0.009000000000000001 18.0905 0.0317 17.8647 0.0125
271.831724 -85.285057 8 0.977 18.5643 0.0169 18.2612 0.0085 18.0113 0.0334 17.898 0.0333
274.430836 -85.36507900000001 12 0.9590000000000001 19.3981 0.009000000000000001 18.6046 0.0106 17.9869 0.0076 17.7385 0.009000000000000001
273.927473 -85.37474399999999 15 0.982 17.9104 0.0062 17.5582 0.0085 17.3361 0.0146 17.243 0.0137
271.947127 -85.3009 10 0.9790000000000001 18.5098 0.013000000000000001 18.119 0.0063 17.8674 0.0162 17.727999999999998 0.0888
272.554055 -85.348924 17 0.98 19.7863 0.0122 18.8498 0.0267 17.1307 0.0109 16.4485 0.0186
272.03641600000003 -85.311335 16 0.983 17.7995 0.0115 17.3728 0.0122 17.0897 0.0083 16.969 0.0093
274.637709 -85.038302 23 0.976 17.7646 0.0438 17.236 0.0507 17.0397 0.0302 16.8667 0.0283
273.59277000000003 -85.376864 12 0.971 19.4448 0.0289 18.5419 0.0217 17.7175 0.023 17.3563 0.0107
275.824445 -85.18100799999999 21 0.981 19.082 0.0305 18.1214 0.0076 16.7454 0.0127 16.2261 0.0082
275.09518199999997 -85.33523100000001 29 0.9840000000000001 16.6145 0.0063 16.1129 0.0049 15.7346 0.0049 15.5847 0.008
272.127562 -85.32254499999999 12 0.9640000000000001 19.3869 0.0166 18.6893 0.0068 18.1423 0.0071 17.8809 0.008
272.81365 -85.36253599999999 11 0.965 18.9879 0.0086 18.5803 0.0161 18.3232 0.0286 18.2407 0.019
271.884213 -85.297239 21 0.9840000000000001 16.525 0.0066 16.1649 0.0057 15.8994 0.0086 15.8104 0.0121
272.638929 -85.042179 25 0.9840000000000001 16.7891 0.0105 16.421 0.008 16.1694 0.0073 16.0639 0.005
274.99765299999996 -85.342739 16 0.977 19.0542 0.009000000000000001 18.1638 0.0087 17.4798 0.0108 17.1608 0.0129
275.465641 -85.097739 28 0.9840000000000001 16.2442 0.0212 15.7877 0.0092 15.4516 0.0048 15.3184 0.0091
272.33939300000003 -85.339265 11 0.976 18.6621 0.0262 18.3833 0.0083 18.189 0.0273 18.079 0.0111
272.455242 -85.051445 9 0.981 18.1691 0.0075 17.7677 0.0081 17.5032 0.0163 17.3749 0.0137
274.589581 -85.03387099999999 12 0.97 19.8412 0.0093 18.8189 0.0087 17.6237 0.0196 17.1305 0.0118
272.61704100000003 -85.355855 10 0.9790000000000001 18.6602 0.0084 18.2243 0.0077 17.9597 0.0104 17.7794 0.0083
271.630964 -85.25545600000001 22 0.983 17.2408 0.0062 16.5075 0.0079 15.9845 0.008 15.7778 0.0091
272.049049 -85.082011 29 0.988 15.0342 0.0056 14.6287 0.0047 14.3365 0.0051 14.2218 0.0045
274.115931 -85.019887 13 0.976 18.5869 0.0098 18.2062 0.0064 17.9751 0.0187 17.8314 0.0241
275.499458 -85.099042 31 0.9840000000000001 15.4225 0.0054 15.0145 0.0051 14.7199 0.005 14.6169 0.0082
275.177109 -85.332654 32 0.985 15.4988 0.0044 15.1316 0.0044 14.8468 0.0052 14.748 0.0041
272.080821 -85.321412 20 0.983 17.6954 0.0064 16.9994 0.0139 16.5093 0.0055 16.3096 0.0116
271.944929 -85.09276 18 0.9840000000000001 15.8389 0.0062 15.4566 0.0077 15.2284 0.006999999999999999 15.1352 0.006999999999999999
272.41879 -85.346357 19 0.982 18.6309 0.0238 17.6866 0.0065 16.2351 0.0085 15.661 0.0074
274.510008 -85.367438 31 0.9840000000000001 16.1729 0.0113 15.658 0.0094 15.3158 0.0047 15.1489 0.0039
275.873419 -85.204314 9 0.9620000000000001 19.5246 0.0137 18.8493 0.0095 18.3573 0.0293 18.2212 0.0131
273.380264 -85.378385 8 0.976 18.614 0.0323 18.2751 0.0076 18.0473 0.0144 17.9539 0.0119
272.331093 -85.057414 20 0.983 17.6669 0.0288 16.7196 0.0139 15.6746 0.0174 15.2874 0.0061
271.750226 -85.28356 8 0.951 19.2808 0.065 18.8121 0.0263 18.5256 0.0544 18.4425 0.1117
271.514881 -85.208753 15 0.982 18.3453 0.0074 17.6859 0.0082 17.2658 0.02 17.1176 0.0091
274.154311 -85.019435 21 0.983 17.6957 0.0059 17.0916 0.0059 16.6571 0.0064 16.4758 0.0119
275.832837 -85.240085 29 0.983 16.934 0.0053 16.4542 0.0048 16.1282 0.0064 16.0027 0.0047
274.886679 -85.04533599999999 15 0.978 17.8785 0.0325 17.4132 0.0458 17.1353 0.0303 17.0123 0.0146
272.186869 -85.06714000000001 25 0.983 16.2842 0.0392 16.1941 0.0412 16.2525 0.0303 16.2119 0.0223
275.31054900000004 -85.076077 16 0.976 19.3405 0.0293 18.3576 0.0128 17.4587 0.0139 17.092 0.0178
272.65168700000004 -85.360114 23 0.983 17.358 0.0089 16.7381 0.006 16.273 0.0053 16.0361 0.005
274.854322 -85.355212 17 0.983 17.6151 0.013000000000000001 17.2004 0.0172 16.9149 0.0081 16.7904 0.018000000000000002
272.746783 -85.36439200000001 31 0.9840000000000001 15.6997 0.0045 15.3802 0.0058 15.1685 0.0055 15.0894 0.0058
273.021528 -85.37331400000001 10 0.963 19.1292 0.0533 18.7647 0.013000000000000001 18.4521 0.0111 18.301 0.0496
271.658611 -85.132586 14 0.9790000000000001 19.4756 0.0162 18.4507 0.0122 17.3742 0.0169 16.9217 0.0085
273.728702 -85.014165 11 0.97 19.1427 0.0093 18.5491 0.0188 18.1844 0.0111 17.8952 0.0475
275.80506299999996 -85.25393199999999 32 0.9840000000000001 15.7504 0.0049 15.3504 0.0077 15.0588 0.005 14.9466 0.0063
275.63184 -85.288442 13 0.977 18.865 0.0127 18.294 0.0077 17.9035 0.0147 17.7669 0.0344
271.5162 -85.176982 12 0.9790000000000001 18.3524 0.0063 18.1639 0.0201 18.0076 0.0066 17.9944 0.055999999999999994
273.554673 -85.014044 8 0.966 19.2997 0.0111 18.4622 0.0234 17.6607 0.0078 17.2923 0.0362
275.614779 -85.292212 34 0.9840000000000001 15.0319 0.0057 14.5185 0.0041 14.1519 0.0041 13.9971 0.0039
271.88845200000003 -85.30628399999999 14 0.981 17.808 0.0107 17.4074 0.0259 17.0559 0.0272 16.9257 0.0146
275.651538 -85.28698100000001 11 0.953 19.18 0.0186 18.7149 0.0077 18.4058 0.0484 18.3144 0.0196
274.765336 -85.037053 28 0.9840000000000001 16.4079 0.0075 15.947000000000001 0.0145 15.6239 0.006999999999999999 15.4706 0.0106
271.998168 -85.31855300000001 12 0.978 18.5502 0.0229 18.1903 0.0075 17.9205 0.0073 17.8979 0.0359
274.831465 -85.039949 6 0.97 18.8976 0.0123 18.3795 0.0108 18.038 0.0262 17.7657 0.0124
275.529436 -85.09613 25 0.985 15.6004 0.006 14.8641 0.0063 14.3056 0.0041 14.0706 0.0047
273.94577000000004 -85.38261700000001 24 0.9840000000000001 16.8707 0.0087 16.4986 0.0115 16.2542 0.0055 16.1647 0.0054
275.37161499999996 -85.078066 23 0.983 17.2701 0.0163 16.7985 0.0172 16.4216 0.0046 16.254 0.0083
272.876484 -85.371359 11 0.978 18.5249 0.0195 18.2115 0.0082 17.9429 0.0151 17.8833 0.0098
275.504334 -85.091999 32 0.9840000000000001 15.4963 0.0106 15.1075 0.0045 14.8121 0.0042 14.7158 0.01
275.07865899999996 -85.34568399999999 15 0.973 18.4687 0.0321 18.0367 0.0461 17.6057 0.0058 17.4858 0.027000000000000003
272.313668 -85.053373 16 0.982 17.5899 0.0092 17.1409 0.0122 16.8365 0.006 16.7451 0.0164
272.354673 -85.050021 9 0.975 18.535999999999998 0.0401 18.0428 0.0076 17.692999999999998 0.0483 17.5746 0.0364
275.827053 -85.257694 19 0.983 17.6524 0.0074 17.2732 0.0178 16.9328 0.0064 16.8073 0.0118
273.153054 -85.379956 19 0.982 18.1856 0.0063 17.4719 0.0089 16.9306 0.0184 16.706 0.0141
274.203778 -85.015753 19 0.983 17.4234 0.0135 16.9667 0.0059 16.63 0.0082 16.484 0.0104
275.934119 -85.210726 27 0.983 17.1844 0.0129 16.7995 0.0072 16.5058 0.0127 16.398 0.0051
271.759075 -85.106938 28 0.985 15.0686 0.0066 14.6675 0.0053 14.3778 0.0048 14.2732 0.0043
273.20286699999997 -85.015416 44 0.993 13.5478 0.004 13.2767 0.0037 13.112 0.0037 13.0635 0.0038
274.414418 -85.376046 17 0.983 17.7264 0.0223 17.2048 0.0064 16.8209 0.0084 16.6563 0.0071
272.335012 -85.05036 8 0.953 19.2228 0.0144 18.7155 0.0098 18.365 0.0228 18.1871 0.0216
275.380472 -85.32415999999999 23 0.983 17.6127 0.0299 17.0165 0.0267 16.6292 0.0159 16.452 0.011000000000000001
273.023417 -85.377452 11 0.977 18.5489 0.0219 18.2082 0.0074 17.9481 0.008 17.919 0.0118
271.45378999999997 -85.206322 10 0.981 18.1301 0.0193 17.8693 0.0074 17.687 0.0078 17.6008 0.0082
272.692232 -85.030748 13 0.968 20.1544 0.0532 19.1442 0.0337 17.8515 0.0201 17.27 0.0176
272.153255 -85.336614 12 0.98 18.2952 0.0159 17.9657 0.0149 17.7129 0.0183 17.6084 0.01
275.577354 -85.303947 8 0.961 19.2957 0.0534 18.7613 0.0212 18.4034 0.0113 18.2793 0.0194
275.59387799999996 -85.099362 12 0.983 17.8689 0.0074 17.4286 0.0088 17.1067 0.0127 16.9947 0.0086
273.132323 -85.380611 8 0.961 19.4531 0.0224 18.5658 0.0095 17.6963 0.01 17.4116 0.0098
274.695588 -85.367627 9 0.9790000000000001 18.8249 0.0147 18.125999999999998 0.018000000000000002 17.5373 0.0077 17.2928 0.0194
273.512364 -85.01013 10 0.98 18.2534 0.0107 17.6756 0.0078 17.27 0.0105 17.0889 0.0165
273.261565 -85.383266 9 0.981 17.9612 0.0088 17.6769 0.0075 17.463 0.0245 17.4228 0.0399
275.929175 -85.17453 16 0.982 17.9479 0.0079 17.4676 0.0062 17.1288 0.0071 16.9763 0.0122
275.80363 -85.269311 12 0.973 18.8003 0.0122 18.4062 0.0132 18.139 0.0322 17.9397 0.0615
272.380352 -85.35280300000001 10 0.965 18.9325 0.0251 18.6466 0.0085 18.5531 0.0526 18.511 0.0292
273.99383 -85.010591 13 0.981 18.2879 0.0061 17.8767 0.0155 17.5707 0.015 17.4655 0.0073
272.75874 -85.370869 12 0.9790000000000001 18.3696 0.0065 18.0696 0.0075 17.8587 0.0078 17.7636 0.0266
275.794377 -85.272382 43 0.988 14.9832 0.008 14.605 0.004 14.3219 0.0043 14.2264 0.0053
271.601937 -85.273723 10 0.982 18.2304 0.0078 17.8142 0.0102 17.5332 0.0078 17.3908 0.0087
272.700527 -85.36926600000001 11 0.98 18.2875 0.0425 18.0197 0.0093 17.8445 0.0231 17.8106 0.0276
275.820333 -85.134434 13 0.98 18.1588 0.0092 17.7659 0.0129 17.4996 0.0122 17.3846 0.0275
272.867153 -85.021863 22 0.982 17.9844 0.0064 17.4349 0.0066 17.0653 0.0062 16.8893 0.0119
271.556675 -85.264769 12 0.977 18.5006 0.0122 18.0994 0.0216 17.7865 0.0096 17.7472 0.0106
272.033913 -85.329691 19 0.982 18.4476 0.009000000000000001 17.5236 0.008 16.7113 0.0158 16.3582 0.0144
272.630915 -85.36689799999999 22 0.982 17.596 0.0075 17.2462 0.0157 16.7896 0.0167 16.395 0.0452
271.815516 -85.093786 27 0.9890000000000001 14.0693 0.0055 13.7389 0.0048 13.5074 0.0053 13.4234 0.0048
273.071223 -85.381461 10 0.9690000000000001 18.9955 0.0148 18.5258 0.0081 18.2029 0.0105 18.1007 0.0121
273.096625 -85.382397 10 0.9690000000000001 19.0097 0.0074 18.6417 0.0105 18.4814 0.0121 18.3397 0.0231
272.247586 -85.347442 31 0.9840000000000001 15.8093 0.0071 15.338 0.006 14.9849 0.0063 14.8122 0.0129
275.983397 -85.19980600000001 28 0.983 17.2242 0.0136 16.8744 0.0073 16.6038 0.0052 16.4904 0.0145
273.439906 -85.388257 8 0.9790000000000001 18.3592 0.0092 18.0572 0.0111 17.7995 0.0373 17.7852 0.0264
271.423783 -85.22242800000001 10 0.9620000000000001 18.9696 0.0192 18.6601 0.0115 18.3507 0.0143 18.1865 0.0248
274.994819 -85.04164200000001 14 0.981 18.3822 0.0305 17.7609 0.0075 17.3383 0.0063 17.1388 0.0149
271.86927599999996 -85.08521400000001 11 0.9670000000000001 19.1874 0.0124 18.7535 0.0281 18.3672 0.0376 18.1505 0.0126
271.935087 -85.322693 15 0.9840000000000001 17.7333 0.006999999999999999 17.4271 0.0086 17.1667 0.0084 17.1066 0.0208
273.91921 -85.007009 13 0.955 20.269000000000002 0.0156 19.2301 0.0182 17.8288 0.0339 17.2489 0.0199
275.76042 -85.116558 17 0.981 18.8818 0.0272 17.877 0.0084 16.9702 0.0067 16.5963 0.0184
273.81072 -85.39015400000001 12 0.97 19.0566 0.0081 18.4432 0.0093 17.9987 0.0298 17.7365 0.021
271.432213 -85.234387 13 0.976 19.4693 0.0154 18.4961 0.0124 17.3131 0.0179 16.8643 0.0068
272.68239 -85.37150799999999 9 0.9640000000000001 19.0005 0.0083 18.6355 0.0128 18.4225 0.0713 18.3585 0.0275
275.278625 -85.059984 28 0.983 16.2522 0.0229 16.1204 0.016 16.0585 0.0082 16.0565 0.0112
274.358661 -85.38289 12 0.9620000000000001 18.8784 0.0381 18.5472 0.0097 18.343 0.0216 18.2563 0.0273
275.901962 -85.257892 15 0.9790000000000001 18.9599 0.0105 18.1017 0.0076 17.3047 0.0067 16.9244 0.0107
275.971325 -85.233378 18 0.983 17.5774 0.0075 17.102999999999998 0.0066 16.722 0.0054 16.555 0.0105
275.815478 -85.277762 12 0.958 18.9373 0.0168 18.6284 0.0114 18.3887 0.0367 18.2621 0.0179
272.791708 -85.37651899999999 13 0.981 18.342 0.0064 17.7988 0.0115 17.4223 0.034 17.2824 0.0119
275.212715 -85.05345200000001 7 0.958 19.3787 0.0126 18.548 0.0099 17.8129 0.0094 17.5281 0.0101
275.125744 -85.351946 13 0.9690000000000001 19.4374 0.0099 18.5986 0.0109 17.7475 0.0068 17.3372 0.0079
272.857167 -85.379108 9 0.968 19.9553 0.0328 19.0056 0.0119 17.7517 0.0078 17.2584 0.0163
276.002638 -85.220605 28 0.983 17.0679 0.0424 16.1715 0.0066 15.3993 0.0046 15.0626 0.0068
272.837777 -85.3788 10 0.9590000000000001 19.0426 0.0079 18.7099 0.0137 18.4653 0.0355 18.3199 0.0127
272.471615 -85.364324 26 0.983 16.9548 0.0154 16.7774 0.0063 16.6782 0.0238 16.649 0.0152
273.248441 -85.388987 18 0.983 17.6536 0.0126 16.8245 0.0064 16.1987 0.0054 15.9495 0.0067
271.377402 -85.182594 12 0.982 17.8712 0.0103 17.4934 0.0104 17.2073 0.027999999999999997 17.1189 0.0274
271.466454 -85.259853 10 0.9790000000000001 18.452 0.0084 18.0748 0.0082 17.8489 0.0066 17.7657 0.0295
273.99888599999997 -85.004112 9 0.9640000000000001 18.8972 0.0101 18.4895 0.0091 18.1375 0.0166 18.0403 0.0091
273.93642 -85.003366 34 0.983 16.7843 0.0064 16.4228 0.0047 16.1758 0.0095 16.0654 0.0072
275.35586800000004 -85.061753 8 0.9620000000000001 18.9452 0.0499 18.5574 0.0224 18.2151 0.0153 18.1635 0.0413
272.709648 -85.020961 38 0.997 13.2164 0.006 12.9698 0.0043 12.8196 0.0052 12.7943 0.0035
275.738014 -85.104483 24 0.981 17.3528 0.0142 16.9747 0.0087 16.7183 0.0093 16.608 0.0223
273.868927 -85.00212900000001 17 0.983 17.8354 0.0063 17.5391 0.0061 17.3107 0.0114 17.214000000000002 0.0153
274.2351 -85.389712 24 0.983 17.4175 0.0122 16.6421 0.0053 15.9809 0.0073 15.6934 0.0044
275.543445 -85.07870799999999 30 0.985 15.7202 0.0083 15.3204 0.0045 15.0316 0.0063 14.9357 0.0051
272.81563 -85.381015 28 0.983 16.7436 0.0069 16.2879 0.0069 15.9798 0.0071 15.8312 0.021
271.361026 -85.17996 7 0.951 19.46 0.0217 18.9223 0.0426 18.4988 0.0362 18.37 0.0243
273.178223 -85.00608000000001 13 0.9790000000000001 18.4264 0.017 18.0544 0.0095 17.7804 0.0109 17.6754 0.0176
273.045871 -85.008875 11 0.953 19.3064 0.039 18.7737 0.0082 18.3645 0.0119 18.1989 0.0246
275.82715099999996 -85.285767 32 0.985 16.2282 0.0055 15.4157 0.0074 14.7642 0.0053 14.5127 0.005
271.559164 -85.11842 36 0.987 14.7324 0.0044 14.3238 0.0044 14.0494 0.004 13.9391 0.0048
276.050006 -85.188917 37 0.991 12.4292 0.0054 12.1418 0.008 11.9438 0.0041 11.8849 0.0038
274.107506 -85.00384100000001 12 0.9670000000000001 19.2825 0.0318 18.4912 0.0072 17.8534 0.0134 17.5456 0.008
273.423041 -85.001863 9 0.9620000000000001 19.3476 0.0235 18.5343 0.0449 17.8483 0.016 17.6222 0.0103
271.340335 -85.213453 8 0.9790000000000001 18.5248 0.0074 18.1742 0.0164 17.9185 0.023 17.7411 0.0151
275.595088 -85.082581 9 0.975 18.7268 0.0099 18.4009 0.0162 18.1451 0.0206 18.0256 0.0294
272.059823 -85.057106 15 0.982 17.0469 0.009000000000000001 16.5035 0.015 16.1347 0.0059 15.9556 0.0215
272.66591800000003 -85.377073 10 0.972 20.116 0.0308 19.1082 0.0104 17.6933 0.0137 17.1375 0.0078
274.607909 -85.01580600000001 13 0.963 18.977 0.0507 18.6369 0.0132 18.3378 0.0412 18.2677 0.0333
275.164853 -85.355115 11 0.976 18.817 0.0104 18.3492 0.0119 17.9703 0.0087 17.8235 0.0222
273.78821400000004 -84.999839 25 0.983 17.1973 0.006 16.8201 0.0055 16.5234 0.0059 16.3687 0.0059
274.78955299999996 -85.374977 8 0.98 nan nan nan nan 16.8837 0.0077 16.6041 0.0194
274.910444 -85.028376 10 0.98 18.3446 0.0077 17.9973 0.0104 17.7189 0.0067 17.6519 0.0136
274.068348 -85.39481500000001 17 0.983 17.8918 0.0069 17.4925 0.0106 17.1619 0.0105 17.0596 0.0113
272.991849 -85.388559 12 0.977 19.3397 0.0218 18.3727 0.0227 17.53 0.0068 17.1877 0.0145
271.550268 -85.115633 18 0.983 17.5876 0.0089 17.1579 0.0291 16.7948 0.0179 16.6722 0.006
273.141682 -85.391959 11 0.975 18.5846 0.0096 18.2451 0.0151 17.9995 0.0075 17.9371 0.0124
271.351031 -85.23577399999999 17 0.982 17.9918 0.0074 17.3602 0.006999999999999999 16.9363 0.0142 16.7559 0.0092
275.209666 -85.353639 13 0.977 18.7099 0.0249 18.3563 0.0074 18.0514 0.0134 17.9898 0.0287
274.43701 -85.008669 14 0.977 19.3387 0.0138 18.4062 0.0086 17.4352 0.0122 17.0536 0.01
274.999377 -85.03201700000001 9 0.96 19.077 0.0106 18.7048 0.0139 18.4262 0.028999999999999998 18.2411 0.0126
275.822537 -85.292618 34 0.9840000000000001 15.8331 0.0053 15.4035 0.005 15.0733 0.0044 14.9573 0.0059
275.784399 -85.103725 14 0.978 18.4552 0.0152 18.1269 0.0097 17.847 0.0191 17.7003 0.0368
275.85593900000003 -85.114961 11 0.965 19.3631 0.0083 18.5834 0.0421 17.9233 0.0068 17.5968 0.0108
275.373044 -85.34342600000001 18 0.982 18.1722 0.0089 17.4128 0.0071 16.8785 0.0223 16.6327 0.008
272.771003 -85.383613 17 0.981 19.4753 0.0341 18.5374 0.0077 17.0105 0.0132 16.4052 0.0132
274.999316 -85.36768000000001 12 0.971 18.8864 0.0185 18.4804 0.02 18.1824 0.017 18.1114 0.0096
276.035118 -85.247918 38 0.9840000000000001 15.9617 0.005 15.5087 0.0109 15.2124 0.0047 15.0864 0.0078
275.062578 -85.364851 11 0.955 19.7413 0.0109 18.820999999999998 0.0282 18.0785 0.0065 17.6827 0.0113
275.71401299999997 -85.310312 38 0.9840000000000001 15.6519 0.0096 15.2585 0.0049 14.9848 0.0041 14.8794 0.0059
274.271043 -85.39372900000001 11 0.9590000000000001 19.2858 0.0084 18.6501 0.0102 18.3557 0.0234 18.1192 0.0433
274.1169 -85.39635 12 0.976 19.0284 0.0143 18.2944 0.0095 17.8061 0.0081 17.5716 0.0093
272.101969 -85.350637 16 0.981 18.3126 0.0174 17.6216 0.0087 17.0511 0.006 16.7976 0.0117
274.82435899999996 -85.377161 32 0.997 13.383 0.0047 13.017999999999999 0.0077 12.7792 0.0054 12.7115 0.004
276.097231 -85.17943100000001 17 0.983 17.7775 0.0077 17.3072 0.0166 16.9669 0.0095 16.8364 0.0157
271.286565 -85.18712 8 0.9570000000000001 19.1863 0.0319 18.7335 0.0098 18.3515 0.011000000000000001 18.2564 0.03
276.066489 -85.243361 11 0.9640000000000001 19.0723 0.0167 18.5335 0.0125 18.1166 0.0157 17.9214 0.0094
271.648763 -85.309258 29 0.986 15.4823 0.0044 15.0735 0.0046 14.7847 0.0044 14.6667 0.0054
275.851551 -85.294622 32 0.983 16.4305 0.0098 15.9966 0.0047 15.6753 0.0041 15.5613 0.0065
271.710304 -85.08462 13 0.9790000000000001 19.0682 0.0136 18.1801 0.0095 17.4507 0.0134 17.1473 0.0111
271.547884 -85.107405 8 0.966 19.1023 0.0432 18.6056 0.0131 18.2633 0.0177 18.0509 0.0288
275.339031 -85.050517 37 0.987 14.9227 0.006 14.4937 0.0053 14.1898 0.0038 14.0822 0.004
273.286596 -84.997848 32 0.9840000000000001 15.5113 0.005 15.552999999999999 0.0085 15.6282 0.0085 15.6647 0.0078
271.715271 -85.318955 30 0.986 14.9942 0.0072 14.5846 0.0065 14.3002 0.0048 14.1874 0.0045
271.29195699999997 -85.23310699999999 25 0.983 17.016 0.0091 16.6386 0.03 16.3924 0.0059 16.3342 0.0197
273.815149 -84.994541 30 0.985 15.3616 0.0076 14.9402 0.0045 14.6781 0.0047 14.5721 0.0046
271.392448 -85.136076 27 0.983 16.9181 0.0248 16.4682 0.0082 16.148 0.0096 16.0281 0.0079
272.534798 -85.019926 25 0.983 17.4207 0.008 16.8509 0.0098 16.4783 0.006999999999999999 16.3284 0.0121
273.008099 -85.39399300000001 42 0.99 14.6287 0.004 14.2947 0.006999999999999999 14.0867 0.0045 14.0114 0.0045
271.843227 -85.067551 40 0.996 13.3856 0.004 12.8581 0.0043 12.4809 0.0044 12.3002 0.0037
274.25998599999997 -84.999313 13 0.956 19.0182 0.0106 18.5909 0.0076 18.3318 0.0187 18.1417 0.0197
274.35542799999996 -85.39535 29 0.988 12.1052 0.0052 11.4796 0.009000000000000001 11.0177 0.0057 10.8017 0.0047
273.962567 -84.994718 13 0.973 18.8452 0.0198 18.3446 0.013000000000000001 18.0049 0.0075 17.8089 0.0102
273.998831 -84.994885 12 0.9520000000000001 20.1263 0.0146 19.301 0.031 17.8995 0.0081 17.3806 0.0134
271.32968900000003 -85.254605 31 0.985 15.0806 0.0068 14.7147 0.0064 14.432 0.0044 14.3399 0.0059
271.57577000000003 -85.098759 9 0.97 18.9519 0.0283 18.5231 0.0101 18.2753 0.0116 18.1827 0.0301
273.951682 -85.402126 20 0.982 17.7546 0.0063 17.189 0.011000000000000001 16.7917 0.0057 16.602 0.0087
275.52664300000004 -85.063678 8 0.9670000000000001 18.0426 0.0108 17.6232 0.0399 17.28 0.0094 17.1551 0.0752
273.66481699999997 -84.99275 39 0.9890000000000001 14.5563 0.0073 14.2448 0.0046 14.0223 0.0044 13.9468 0.004
275.67035 -85.322981 42 0.992 13.9854 0.0044 13.5219 0.0063 13.242 0.0058 13.1424 0.0037
274.468432 -85.393569 13 0.963 19.5967 0.0094 18.7358 0.0163 17.9855 0.008 17.6669 0.0457
271.45965099999995 -85.117139 29 0.9840000000000001 16.0336 0.0057 15.4364 0.0052 14.9852 0.0064 14.7949 0.0062
276.152714 -85.212147 30 0.991 11.6777 0.0071 11.3406 0.0062 11.1624 0.0055 11.1209 0.0043
276.145231 -85.18105200000001 30 0.9840000000000001 16.83 0.0076 16.5351 0.0093 16.2915 0.0081 16.2136 0.0123
271.348449 -85.263609 30 0.9840000000000001 15.7787 0.0219 15.4547 0.0132 15.2053 0.0075 15.1346 0.0082
274.743402 -85.385384 10 0.9670000000000001 19.2368 0.0357 18.49 0.0172 17.9378 0.0146 17.7449 0.0404
274.18861499999997 -85.400254 16 0.98 18.1698 0.0202 17.7308 0.0067 17.3793 0.0095 17.2537 0.0092
275.471336 -85.34355500000001 16 0.983 17.9002 0.0076 17.0604 0.0076 16.3767 0.0069 16.0749 0.0073
276.114082 -85.161613 13 0.98 18.4177 0.0081 17.9734 0.0098 17.6175 0.008 17.4289 0.0253
276.021175 -85.27092900000001 32 0.983 17.1311 0.0077 16.8366 0.0256 16.56 0.0095 16.5209 0.0043
273.918404 -85.403642 27 0.983 16.9001 0.0083 16.5195 0.0078 16.2703 0.0054 16.1872 0.0066
274.41348 -85.39607 27 0.983 16.5567 0.0112 16.3244 0.0052 16.1687 0.0107 16.156 0.0117
275.98112599999996 -85.28026 12 0.9690000000000001 18.9198 0.0104 18.4892 0.0199 18.1858 0.0073 18.0505 0.0207
275.907774 -85.29369799999999 31 0.986 15.9612 0.0059 15.4226 0.0058 14.9818 0.0038 14.7956 0.0041
274.314263 -85.398504 7 0.9670000000000001 18.7348 0.0087 18.281 0.0126 17.9618 0.0159 17.7931 0.0097
276.156707 -85.18289 10 0.9670000000000001 18.9707 0.0092 18.5599 0.0077 18.2166 0.0094 18.0339 0.0366
271.558018 -85.305122 23 0.983 17.5635 0.0107 17.0164 0.0059 16.6201 0.0244 16.504 0.0119
275.03465 -85.37354 19 0.982 17.8446 0.0101 17.4186 0.0061 17.0969 0.0136 17.0079 0.017
272.46337 -85.378766 16 0.983 17.4647 0.009000000000000001 17.1073 0.0108 16.8005 0.0102 16.7176 0.0076
274.617196 -85.006289 32 0.983 17.1766 0.0087 16.776 0.0107 16.5591 0.021 16.4492 0.0153
274.52241000000004 -85.393922 12 0.9790000000000001 18.5974 0.0311 18.116 0.0128 17.8174 0.0111 17.7016 0.0107
273.17195 -85.40079899999999 11 0.97 19.5954 0.0177 18.7972 0.0262 18.1774 0.0249 17.9129 0.0141
275.242871 -85.037525 13 0.972 19.1696 0.0188 18.4364 0.0075 17.8932 0.0238 17.6735 0.0114
271.232841 -85.226287 21 0.987 14.6815 0.0053 14.4187 0.0055 14.2376 0.0106 14.1711 0.0057
274.836949 -85.014522 27 0.9840000000000001 15.902999999999999 0.0123 15.1634 0.0062 14.6202 0.0041 14.3894 0.0075
272.122747 -85.360479 27 0.983 17.0195 0.0134 16.5858 0.0048 16.2927 0.0117 16.1739 0.0085
274.952607 -85.019791 16 0.983 17.6424 0.0074 17.2614 0.0139 17.0289 0.006999999999999999 16.9426 0.0076
276.181957 -85.20211 16 0.982 18.0528 0.0167 17.6982 0.0106 17.3948 0.0141 17.2836 0.0153
271.873334 -85.341685 7 0.9570000000000001 19.0005 0.012 18.688 0.0747 18.436 0.0827 18.3425 0.0288
272.155532 -85.036564 15 0.983 17.7641 0.0103 17.3869 0.0074 17.0978 0.0191 16.9959 0.0218
275.45074700000004 -85.052714 8 0.9670000000000001 18.1416 0.0105 17.7313 0.0108 17.4208 0.0092 17.2861 0.0079
273.010763 -85.398434 10 0.965 18.8401 0.009000000000000001 18.3176 0.0172 17.9305 0.0243 17.7485 0.0172
271.22371499999997 -85.17908800000001 8 0.951 19.2677 0.0341 18.7025 0.0078 18.3801 0.0278 18.2019 0.0962
274.809108 -85.385469 12 0.9790000000000001 19.0968 0.0173 18.1665 0.0077 17.1238 0.0069 16.69 0.0093
275.959371 -85.289358 14 0.981 18.8093 0.0082 17.9413 0.0125 17.2524 0.0059 16.9549 0.0079
271.212453 -85.186475 8 0.976 18.6915 0.0077 18.2758 0.0074 17.9563 0.0078 17.892 0.0475
275.235416 -85.363996 23 0.983 17.1238 0.0159 16.8332 0.0061 16.6267 0.0056 16.5576 0.0062
272.364146 -85.37572 11 0.953 19.471 0.0367 18.7834 0.0088 18.2445 0.0136 18.1018 0.044000000000000004
271.707527 -85.326777 8 0.961 19.0813 0.0226 18.6756 0.0083 18.4047 0.048 18.1415 0.0211
272.68552999999997 -85.389597 20 0.9840000000000001 16.5125 0.0056 15.8719 0.0051 15.4339 0.0055 15.2575 0.005
272.711979 -85.00693000000001 11 0.9570000000000001 18.9122 0.0108 18.5936 0.0069 18.3068 0.0611 18.2772 0.0559
272.56422599999996 -85.012901 13 0.982 17.9126 0.0062 17.6234 0.0094 17.4155 0.012 17.3743 0.0178
273.894179 -85.406547 15 0.977 19.8231 0.0292 18.8204 0.0081 17.4429 0.006999999999999999 16.9402 0.0146
274.027832 -84.990697 27 0.9840000000000001 16.5145 0.0061 15.9496 0.0064 15.5409 0.0053 15.3463 0.0104
276.13239100000004 -85.250194 35 0.9840000000000001 15.5954 0.0052 15.2274 0.006 14.9592 0.0036 14.852 0.0073
275.77643 -85.08483100000001 34 0.983 16.8106 0.0088 16.4001 0.0081 16.0767 0.0075 15.9299 0.0182
274.16164 -84.99251600000001 20 0.981 19.0437 0.0522 18.0987 0.0162 17.0382 0.0135 16.5782 0.0144
271.427296 -85.113869 20 0.983 17.2547 0.0128 16.8982 0.0243 16.6448 0.0087 16.5625 0.0156
275.917666 -85.104831 22 0.983 17.8472 0.0063 17.2592 0.006 16.8326 0.0106 16.6026 0.0103
273.29340299999996 -85.405121 30 0.987 12.1197 0.0047 11.523 0.0064 11.1314 0.0054 10.9434 0.0048
271.241961 -85.159719 20 0.983 17.1326 0.0118 16.7053 0.0064 16.4109 0.0158 16.2643 0.0329
271.65320099999997 -85.079411 39 0.986 15.1884 0.0039 14.8715 0.004 14.6622 0.0052 14.5864 0.0041
275.883927 -85.304983 9 0.9590000000000001 19.1169 0.0206 18.7414 0.0087 18.3886 0.0159 18.2643 0.0229
274.792924 -85.009429 8 0.95 19.1455 0.0308 18.7822 0.0363 18.47 0.0099 18.3608 0.0358
275.315777 -85.36124000000001 40 0.991 14.1458 0.0045 13.8262 0.0069 13.6005 0.0053 13.5277 0.004
276.096824 -85.138123 21 0.983 17.4579 0.0136 17.0614 0.0177 16.7687 0.006999999999999999 16.6709 0.0096
271.491082 -85.303499 9 0.968 20.0181 0.0224 19.0712 0.0149 17.8211 0.0082 17.3588 0.0095
274.904 -85.01395 20 0.983 17.4906 0.0075 16.844 0.0117 16.3589 0.0049 16.1446 0.0049
275.124415 -85.025663 32 0.9840000000000001 17.0473 0.0065 16.5411 0.0168 16.2409 0.0074 16.1017 0.0099
271.25864 -85.25582800000001 7 0.951 19.4648 0.0239 18.6733 0.0523 17.9755 0.0126 17.6259 0.0153
273.19795600000003 -84.99140899999999 10 0.9640000000000001 19.68 0.063 18.7885 0.0303 17.8889 0.009000000000000001 17.4997 0.0112
271.982799 -85.35566700000001 27 0.986 15.5249 0.0048 15.2816 0.0061 15.1214 0.0049 15.0771 0.0049
274.082735 -85.407278 11 0.971 18.7046 0.0081 18.3817 0.0102 18.0708 0.0089 18.0421 0.0207
276.138719 -85.146253 36 0.983 16.3475 0.0096 15.9979 0.0081 15.7274 0.0046 15.6468 0.0087
275.173886 -85.371765 11 0.958 19.0585 0.0088 18.6339 0.0234 18.3228 0.0229 18.2465 0.0112
276.177479 -85.15935 27 0.983 17.1062 0.0107 16.2337 0.0065 14.8534 0.006 14.3425 0.0043
271.937739 -85.35278100000001 8 0.971 nan nan 19.756 0.0176 17.7535 0.009000000000000001 16.9647 0.0143
276.062298 -85.27838100000001 14 0.981 18.6011 0.0144 17.8796 0.0062 17.3682 0.011000000000000001 17.2172 0.009000000000000001
276.032675 -85.11872199999999 24 0.983 16.7774 0.0268 16.2713 0.009000000000000001 15.8696 0.005 15.6786 0.0074
272.014287 -85.04085 23 0.983 17.1454 0.0137 16.7981 0.0073 16.5718 0.018000000000000002 16.4726 0.0146
272.860831 -84.997695 13 0.982 18.0156 0.0117 17.6108 0.0075 17.3405 0.0066 17.180999999999997 0.0096
273.870944 -84.985553 12 0.9740000000000001 19.2369 0.0231 18.3445 0.0154 17.6309 0.0097 17.3407 0.0065
274.93285499999996 -85.385715 12 0.976 nan nan 18.4106 0.0154 17.2882 0.0083 16.84 0.0191
272.690419 -85.00279300000001 40 0.991 14.1647 0.0041 13.7472 0.0043 13.4833 0.0041 13.387 0.0035
272.325178 -85.01928000000001 13 0.982 18.0614 0.0075 17.7059 0.0061 17.4772 0.0067 17.3858 0.013999999999999999
275.180836 -85.025708 11 0.968 18.7057 0.009000000000000001 18.3285 0.0203 17.953 0.0288 17.8045 0.025
275.571148 -85.346343 16 0.983 17.1808 0.0081 17.1488 0.0057 17.1449 0.0085 17.1567 0.0099
271.194692 -85.157217 13 0.982 17.9232 0.0071 17.3895 0.0075 17.0091 0.0205 16.8432 0.0224
271.347853 -85.116723 13 0.983 17.2911 0.0074 16.8166 0.0219 16.4661 0.009000000000000001 16.3547 0.0053
271.199905 -85.25058100000001 6 0.9690000000000001 nan nan 19.419 0.0438 17.8299 0.0263 17.1262 0.0086
271.387955 -85.29513399999999 11 0.975 18.7808 0.0077 18.3855 0.0152 18.05 0.0182 17.8896 0.0098
274.001686 -85.411236 27 0.983 16.0881 0.0064 15.7258 0.0055 15.4763 0.0076 15.3826 0.0107
274.944933 -85.38689699999999 15 0.981 18.063 0.0426 17.5171 0.0065 17.2515 0.0157 17.1715 0.0129
275.663217 -85.06257 26 0.987 14.7808 0.0061 14.4206 0.0058 14.1661 0.006 14.0587 0.0048
275.968839 -85.101136 12 0.953 20.1995 0.0401 19.2609 0.0144 17.9543 0.0101 17.4331 0.0081
271.801869 -85.055329 34 0.997 13.1928 0.0097 12.6393 0.0114 12.2649 0.011000000000000001 12.0932 0.0105
276.24221 -85.233752 34 0.985 15.7242 0.0075 15.3722 0.0038 15.0891 0.0041 14.9877 0.0089
273.91553700000003 -85.41263199999999 19 0.983 17.7813 0.0196 17.359 0.0129 17.0456 0.013000000000000001 16.9479 0.0076
271.17762400000004 -85.24634499999999 12 0.983 17.7024 0.0104 17.2818 0.0194 16.9431 0.0214 16.8715 0.0126
274.870538 -85.007222 12 0.982 17.6606 0.0076 17.3682 0.0307 17.1014 0.0072 16.9851 0.0089
272.801735 -85.400728 11 0.9570000000000001 20.1278 0.0595 19.1413 0.0228 18.0553 0.0106 17.6643 0.0293
274.525582 -84.994433 33 0.9840000000000001 16.2301 0.0113 15.9006 0.006 15.6638 0.0056 15.5891 0.0075
271.842992 -85.050724 14 0.981 17.767 0.0186 17.3221 0.0128 16.9918 0.0115 16.8609 0.0101
272.750931 -85.399503 38 0.991 14.2774 0.0043 13.9378 0.005 13.7306 0.0061 13.6579 0.0038
275.800023 -85.075937 25 0.983 17.4701 0.0055 16.6057 0.0136 15.9138 0.0047 15.6152 0.0057
276.218706 -85.156211 12 0.985 nan nan nan nan 13.5871 0.0068 13.0796 0.0057
273.83296 -84.98221 33 0.985 14.1164 0.0061 13.7335 0.0048 13.4724 0.0048 13.3722 0.0037
276.159457 -85.13691999999999 39 0.9990000000000001 13.8371 0.0045 13.0806 0.0087 12.5623 0.0038 12.3016 0.0035
271.292438 -85.281299 10 0.976 18.7603 0.0433 18.3624 0.0323 18.07 0.0139 18.0313 0.0398
275.860009 -85.08293499999999 14 0.9690000000000001 18.6483 0.0814 18.1519 0.0345 17.7811 0.0071 17.5738 0.0332
271.548279 -85.32176 29 0.983 16.992 0.0053 16.708 0.0056 16.4542 0.008 16.3721 0.0056
276.110687 -85.280248 15 0.982 18.2013 0.0076 17.7199 0.0064 17.3479 0.0124 17.1896 0.0107
276.231454 -85.15825699999999 33 0.985 12.1941 0.0073 11.7002 0.0051 11.3589 0.0059 11.2739 0.0211
271.755895 -85.344738 16 0.983 17.135 0.0073 16.5984 0.0222 16.2476 0.0142 16.0967 0.0138
274.519308 -84.99264699999999 35 0.9840000000000001 15.6174 0.0076 15.2688 0.0056 15.0021 0.0042 14.9014 0.0061
271.77331200000003 -85.346446 8 0.958 18.9816 0.0077 18.5995 0.0364 18.3186 0.047 18.1958 0.0189
274.517129 -85.404635 18 0.982 17.9309 0.0075 17.5631 0.0086 17.2794 0.0075 17.1833 0.0157
271.101643 -85.21441899999999 12 0.977 19.3976 0.0256 18.434 0.0092 17.2481 0.0151 16.7466 0.0235
271.251153 -85.276072 15 0.983 17.7816 0.0232 17.2451 0.0102 16.8689 0.0181 16.7225 0.0188
273.229414 -84.98412900000001 37 0.996 12.39 0.0055 12.3343 0.0053 12.3757 0.0054 12.3966 0.0035
273.529537 -85.415267 11 0.98 18.3056 0.0078 17.9336 0.0071 17.698 0.0088 17.5843 0.0311
276.152855 -85.130116 24 0.983 17.854 0.0306 16.8691 0.0124 15.6174 0.0099 15.1361 0.0056
271.182936 -85.259685 22 0.983 16.4692 0.0066 16.4347 0.0083 16.428 0.0101 16.424 0.0218
275.294171 -85.02752 37 0.985 15.4535 0.0152 15.0573 0.004 14.7589 0.0046 14.6422 0.0038
276.296192 -85.220007 31 0.983 17.0472 0.0106 16.5751 0.013000000000000001 16.2356 0.0046 16.0868 0.0096
273.95610899999997 -85.415491 9 0.95 19.1385 0.0087 18.8014 0.0081 18.4874 0.0103 18.4533 0.0223
273.90603500000003 -85.416023 12 0.973 19.3667 0.0247 18.4699 0.0098 17.6583 0.0146 17.3249 0.0072
275.36768 -85.03194599999999 30 0.991 11.2572 0.0058 11.0378 0.0061 10.8929 0.0062 10.8768 0.0043
271.11343 -85.23598 28 0.987 14.1641 0.0047 13.7413 0.0068 13.4754 0.0056 13.3883 0.0044
276.309948 -85.193286 30 0.983 17.2541 0.0221 16.7855 0.012 16.4338 0.0086 16.3003 0.0053
274.93732 -85.391846 34 0.9840000000000001 15.4329 0.013000000000000001 15.0395 0.0063 14.7696 0.0038 14.664000000000001 0.0041
271.09247400000004 -85.225143 13 0.982 18.3421 0.0118 17.6705 0.0106 17.0981 0.0485 16.9818 0.0088
274.880062 -85.00346 24 0.9840000000000001 16.457 0.0063 16.0305 0.0072 15.7588 0.0066 15.6411 0.0051
272.640739 -84.998243 17 0.98 18.8848 0.027000000000000003 17.951 0.0061 17.1029 0.008 16.7507 0.0052
274.677328 -84.99508 17 0.982 18.0109 0.0183 17.4639 0.0059 17.0503 0.0108 16.885 0.0268
271.11143 -85.165809 10 0.976 19.4047 0.0192 18.4261 0.0079 17.6517 0.0094 17.3001 0.0077
274.652614 -84.994129 14 0.976 18.9984 0.0071 18.3472 0.0073 17.7886 0.0202 17.5151 0.0291
271.53704 -85.326359 11 0.972 19.0598 0.0289 18.4063 0.0071 17.8298 0.0082 17.6529 0.0092
271.874317 -85.35878199999999 10 0.982 18.0383 0.0079 17.5909 0.0248 17.3333 0.01 17.166 0.021
275.196748 -85.380701 18 0.982 17.6985 0.0076 17.3784 0.0059 17.1023 0.0058 17.0159 0.01
275.17039900000003 -85.382187 16 0.978 18.1841 0.0599 17.8487 0.0264 17.3753 0.0306 17.3041 0.0116
275.85275099999996 -85.074972 21 0.983 17.4367 0.0061 16.9095 0.0068 16.512999999999998 0.0054 16.3275 0.006
276.130155 -85.117671 28 0.9840000000000001 15.7054 0.0052 15.2499 0.0087 14.9218 0.0048 14.8098 0.0126
274.66420899999997 -85.40385400000001 10 0.9670000000000001 19.0204 0.0129 18.5485 0.0228 18.2517 0.0295 18.0069 0.0156
275.888933 -85.324279 43 0.986 14.5105 0.0041 14.3723 0.006999999999999999 14.3127 0.0054 14.3046 0.0052
274.504899 -85.408604 15 0.982 17.8803 0.0098 17.519000000000002 0.0074 17.2311 0.0111 17.1518 0.0242
273.531717 -84.9776 12 0.98 17.9836 0.0105 17.5646 0.0098 17.3044 0.0101 17.1216 0.021
272.27617799999996 -85.01333699999999 12 0.98 18.32 0.0117 17.967 0.0116 17.6688 0.0084 17.5735 0.0125
271.136674 -85.2569 8 0.9790000000000001 18.7535 0.0173 17.9942 0.0147 17.4011 0.0088 17.137 0.0093
275.552249 -85.358028 35 0.99 14.3426 0.0043 14.035 0.0057 13.8116 0.0061 13.7474 0.0043
272.79590299999995 -85.406531 29 0.9840000000000001 16.0639 0.0078 15.5626 0.0071 15.2081 0.0044 15.0302 0.0043
275.288673 -85.376609 10 0.9640000000000001 19.1802 0.0122 18.5486 0.0079 18.0078 0.0071 17.8335 0.0398
271.682601 -85.057472 11 0.96 19.0942 0.0261 18.6629 0.0194 18.3883 0.0111 18.1576 0.0329
271.49506099999996 -85.32479000000001 11 0.98 18.426 0.0074 18.1898 0.0254 17.9653 0.0105 17.9162 0.0114
275.97477599999996 -85.088477 24 0.982 18.0362 0.0064 17.1915 0.0059 16.4648 0.006 16.1103 0.0105
276.349171 -85.201436 12 0.9520000000000001 19.6133 0.031 18.7464 0.0154 18.0378 0.0171 17.7815 0.0398
272.137091 -85.020161 28 0.985 14.785 0.0131 14.138 0.0074 13.7023 0.0052 13.4834 0.0045
276.19647599999996 -85.277614 13 0.9790000000000001 18.5874 0.0075 18.1376 0.0073 17.7553 0.0065 17.6885 0.0122
271.177674 -85.132697 9 0.982 18.206 0.0085 17.7924 0.0069 17.4784 0.0133 17.3728 0.0098
276.348376 -85.187619 23 0.983 17.6292 0.0112 17.0186 0.0078 16.5553 0.005 16.3522 0.0152
276.28275099999996 -85.254398 28 0.983 16.9676 0.0059 16.438 0.0075 16.0536 0.006999999999999999 15.8818 0.0076
271.087287 -85.161119 10 0.956 19.2859 0.0096 18.7411 0.0094 18.3175 0.0221 18.0242 0.026000000000000002
275.507181 -85.363416 29 0.985 15.1656 0.0065 14.6488 0.0063 14.2857 0.0096 14.1064 0.0048
276.336994 -85.175798 41 0.9990000000000001 13.0946 0.005 12.8262 0.006 12.6565 0.0066 12.6142 0.0037
274.731271 -85.403908 16 0.983 17.8152 0.0074 17.3392 0.0224 16.9902 0.0111 16.8312 0.044000000000000004
276.207973 -85.128923 29 0.9840000000000001 16.084 0.0094 15.6217 0.006 15.3293 0.0041 15.2166 0.0039
275.999673 -85.31357 14 0.9690000000000001 19.1927 0.0115 18.4537 0.0101 17.8555 0.0245 17.6666 0.0421
272.032749 -85.026147 28 0.983 17.0783 0.0129 16.7355 0.0135 16.4575 0.009000000000000001 16.3723 0.0052
271.282736 -85.29637 8 0.975 18.7686 0.0082 18.4515 0.013999999999999999 18.218 0.0093 18.1645 0.0208
276.131723 -85.293049 11 0.9740000000000001 18.9785 0.0099 18.3732 0.0092 17.9316 0.027000000000000003 17.8304 0.0116
273.15682400000003 -84.979904 11 0.9790000000000001 18.5698 0.0089 18.0971 0.025 17.7772 0.009000000000000001 17.592 0.0146
274.550967 -85.409904 26 0.983 16.768 0.0068 16.3117 0.0073 15.9292 0.0079 15.7757 0.006
274.204665 -85.41738199999999 29 0.9840000000000001 16.1086 0.0108 15.1738 0.0065 14.2686 0.0043 13.9078 0.005
272.073723 -85.02289300000001 6 0.958 19.0051 0.036000000000000004 18.6241 0.0119 18.3327 0.0205 18.2899 0.0141
271.89743300000004 -85.035608 38 0.996 13.5993 0.0051 13.1983 0.0054 12.9387 0.004 12.8499 0.0047
271.76223999999996 -85.35462700000001 20 0.983 16.9771 0.0247 16.4751 0.0138 16.1435 0.0125 16.003 0.0272
273.209187 -85.41787 11 0.981 18.5866 0.0073 17.9588 0.0137 17.6012 0.0218 17.4491 0.0093
271.172743 -85.128586 11 0.953 20.2154 0.0121 19.2788 0.0259 17.9444 0.009000000000000001 17.4113 0.0072
273.34995 -85.42048299999999 8 0.9540000000000001 19.4637 0.0221 18.6221 0.0197 18.0062 0.0198 17.6983 0.0087
274.77067200000005 -84.993436 31 0.9840000000000001 15.5866 0.0134 15.1396 0.0069 14.7641 0.0044 14.59 0.0048
272.690967 -84.990942 12 0.9790000000000001 18.6676 0.0088 18.027 0.0142 17.6071 0.0075 17.4031 0.0268
272.564144 -84.995681 8 0.9670000000000001 18.8897 0.0304 18.463 0.012 18.1522 0.01 18.0105 0.0093
272.871683 -85.412038 12 0.98 18.9622 0.0082 18.053 0.0111 17.2938 0.0071 16.9318 0.006
275.9354 -85.325615 14 0.9740000000000001 18.9754 0.0114 18.2765 0.0078 17.7798 0.0127 17.6358 0.0078
274.679049 -85.407878 23 0.983 17.0168 0.0084 16.641 0.0135 16.3227 0.0084 16.2018 0.0072
271.014509 -85.212239 23 0.983 16.3452 0.0077 nan nan 15.5984 0.0044 15.4888 0.0066
276.354795 -85.235505 36 0.978 16.5969 0.0433 16.3676 0.0691 16.1859 0.0414 15.7637 0.0376
271.306492 -85.099977 17 0.985 15.2065 0.0087 14.8705 0.0061 14.6513 0.0089 14.5642 0.0053
275.67383 -85.048271 13 0.972 20.0362 0.0513 19.0269 0.0102 17.4538 0.0089 16.8672 0.0263
276.00745 -85.317252 10 0.9670000000000001 18.9667 0.009000000000000001 18.5505 0.0108 18.2442 0.009000000000000001 18.0971 0.0127
276.35704 -85.16925 32 0.9840000000000001 16.0663 0.0082 15.5886 0.0072 15.2791 0.0039 15.1595 0.0118
272.781518 -84.986936 27 0.9840000000000001 16.6583 0.01 16.075 0.0048 15.636 0.0046 15.4439 0.0075
274.530914 -84.984285 32 0.9840000000000001 15.5227 0.0049 15.2276 0.006 14.9945 0.004 14.917 0.0053
273.799535 -85.42328 11 0.978 18.5601 0.0254 18.183 0.0263 17.9026 0.0253 17.8421 0.0307
276.141908 -85.107763 12 0.977 18.7212 0.0079 18.0185 0.0123 17.5288 0.0076 17.2666 0.0133
276.25372999999996 -85.275173 45 0.9940000000000001 13.8038 0.0082 13.365 0.0046 13.0401 0.004 12.9057 0.0048
276.393927 -85.19272099999999 12 0.977 18.5536 0.0087 18.2586 0.0086 18.0692 0.0203 17.9905 0.0262
274.70801800000004 -84.989303 9 0.978 18.6201 0.0075 18.2445 0.0078 17.9976 0.0078 17.8309 0.0106
274.498572 -85.414497 14 0.9790000000000001 18.429000000000002 0.0228 17.996 0.0108 17.6929 0.0075 17.5359 0.0189
271.383556 -85.085121 30 0.99 14.3696 0.0068 13.982000000000001 0.0064 13.7412 0.0049 13.6435 0.0041
272.55078599999996 -84.994176 15 0.982 17.918 0.0136 17.4902 0.0071 17.1921 0.0105 17.1027 0.0079
272.700678 -85.409079 22 0.983 17.4022 0.008 16.8881 0.0059 16.5515 0.0179 16.3738 0.0141
274.315116 -85.418708 33 0.985 15.7145 0.008 14.9404 0.0074 14.3944 0.0037 14.1801 0.0044
276.1647 -85.295335 11 0.97 18.9628 0.0126 18.4802 0.009000000000000001 18.1319 0.0098 17.9573 0.0255
276.304906 -85.26355799999999 16 0.981 18.6453 0.0122 17.9447 0.0075 17.4101 0.0216 17.1902 0.0119
272.29486099999997 -85.393299 30 0.9890000000000001 12.395 0.0121 12.1071 0.0101 11.9444 0.0062 11.8901 0.0041
271.013731 -85.172598 22 0.983 17.76 0.0073 17.0532 0.0073 16.5417 0.0105 16.3537 0.0063
272.951546 -84.980379 17 0.982 18.5754 0.0103 17.6623 0.0089 16.7833 0.0102 16.4109 0.0109
271.56009500000005 -85.34089399999999 10 0.972 18.7846 0.0339 18.4052 0.0082 18.0846 0.0187 17.8985 0.023
275.613917 -85.040188 26 0.991 11.8504 0.0074 11.2549 0.0076 10.8214 0.0063 10.6109 0.0086
271.636922 -85.348822 10 0.973 18.1607 0.035 17.945 0.0293 17.7867 0.0506 17.5403 0.0105
271.120548 -85.274803 14 0.983 17.405 0.0183 17.0122 0.0076 16.7339 0.006999999999999999 16.601 0.0231
275.513421 -85.369598 32 0.996 12.9606 0.0071 12.523 0.0085 12.2282 0.0055 12.1136 0.0045
274.40936899999997 -84.978841 9 0.9670000000000001 18.8356 0.0094 18.4751 0.032 18.2715 0.016 18.0524 0.0186
271.234999 -85.104986 7 0.982 18.0109 0.0088 17.7451 0.0098 17.5782 0.0107 17.5226 0.0106
272.475504 -85.402975 28 0.996 12.2686 0.0088 11.9787 0.008 11.8045 0.0061 11.7522 0.0049
276.394255 -85.16980500000001 29 0.983 16.566 0.0136 16.0825 0.0095 15.708 0.0064 15.575 0.0076
276.138177 -85.100635 36 0.9840000000000001 15.435 0.0048 14.8933 0.0072 14.4946 0.0036 14.3076 0.0071
275.78535899999997 -85.054176 13 0.972 18.7039 0.0112 17.9232 0.0242 17.2672 0.0123 16.9463 0.0176
274.982566 -84.997644 28 0.9840000000000001 16.6107 0.0058 15.7544 0.0095 15.0325 0.0051 14.7399 0.0047
272.208298 -85.39121800000001 10 0.977 18.499000000000002 0.0131 18.1208 0.0067 17.8193 0.0153 17.7141 0.0138
274.752518 -84.987573 20 0.983 17.3974 0.008 16.6532 0.0146 16.1427 0.0079 15.9023 0.0053
272.156623 -85.010428 12 0.981 18.7205 0.048 17.9532 0.0121 17.3825 0.0078 17.1264 0.0164
276.28733 -85.128636 31 0.99 13.4111 0.0047 12.5272 0.0082 11.7952 0.0044 11.4377 0.0048
270.96159900000004 -85.21704 7 0.9840000000000001 nan nan nan nan 15.3107 0.0105 nan nan
275.963988 -85.330787 31 0.9840000000000001 16.0483 0.0065 15.5066 0.0049 15.1304 0.0042 14.9585 0.0077
271.442323 -85.332676 32 0.9840000000000001 15.4438 0.0044 15.0294 0.0061 14.7847 0.0044 14.700999999999999 0.004
271.89749700000004 -85.026934 10 0.976 18.9643 0.0393 18.3559 0.0081 17.8454 0.0134 17.6333 0.0101
274.166592 -85.424741 18 0.9790000000000001 18.9883 0.0171 18.0317 0.012 17.0077 0.0117 16.5899 0.0067
276.330677 -85.26870799999999 36 0.9840000000000001 16.157 0.0125 15.8163 0.0045 15.527000000000001 0.0106 15.4197 0.0147
274.620857 -84.98193 10 0.9740000000000001 18.7815 0.0085 18.4254 0.0206 18.1843 0.0077 18.0832 0.012
273.261822 -84.970977 27 0.983 17.0193 0.02 16.4109 0.0088 15.9986 0.0128 15.8607 0.0067
276.382945 -85.153102 33 0.983 16.9231 0.0087 16.4694 0.0147 16.145 0.0046 15.9863 0.0121
275.975353 -85.072307 25 0.983 17.1549 0.0055 16.6449 0.0072 16.2527 0.0043 16.0869 0.0062
271.360594 -85.323984 11 0.973 19.0039 0.0287 18.5489 0.0068 18.1483 0.01 18.078 0.0163
270.976807 -85.239928 16 0.9790000000000001 18.0184 0.0185 17.5913 0.0682 17.3536 0.0379 17.2853 0.0205
271.0072 -85.254041 11 0.966 20.0611 0.0282 19.0317 0.0122 17.7262 0.0202 17.1845 0.013999999999999999
276.268171 -85.286477 14 0.981 18.4643 0.0068 17.9228 0.0063 17.5168 0.0064 17.4111 0.0165
276.459234 -85.199416 12 0.9690000000000001 19.2361 0.0091 18.4546 0.0128 17.8211 0.0079 17.5129 0.0212
271.715676 -85.039819 28 0.983 16.5273 0.027000000000000003 16.1136 0.0058 15.8435 0.011000000000000001 15.6954 0.0047
276.461356 -85.201125 13 0.975 18.6704 0.0206 18.3942 0.0073 18.1514 0.0217 18.0631 0.0238
274.44503199999997 -85.421189 32 0.983 16.7752 0.0052 16.4277 0.006999999999999999 16.1748 0.0067 16.0733 0.006
274.204616 -84.970789 20 0.983 18.0425 0.0068 17.0783 0.0079 15.8802 0.0066 15.4248 0.0051
271.224935 -85.098651 6 0.9570000000000001 19.0617 0.0152 18.6755 0.0128 18.4192 0.0121 18.3416 0.0141
273.564712 -85.429408 12 0.976 19.9127 0.024 19.0865 0.0114 17.5162 0.0075 16.8706 0.0075
273.962706 -85.428725 14 0.983 18.0749 0.0083 17.5722 0.0082 17.187 0.0071 17.0118 0.0079
270.9328 -85.218689 17 0.987 nan nan nan nan 11.3822 0.011000000000000001 11.1663 0.0048
275.260889 -85.008211 16 0.9790000000000001 19.2354 0.0196 18.2204 0.0213 17.2814 0.013000000000000001 16.892 0.0153
