ra dec ngood class_star g_psf e_g_psf r_psf e_r_psf i_psf e_i_psf z_psf e_z_psf
246.474002 -73.004468 21 0.9890000000000001 13.4229 0.0074 12.9949 0.0111 12.7439 0.0132 12.652999999999999 0.0053
246.55271499999998 -72.998106 10 1.0 10.2443 0.0154 9.7216 0.0105 9.3734 0.0107 nan nan
246.55322200000003 -73.00569200000001 27 0.988 13.093 0.0067 12.3484 0.0048 11.7933 0.0061 11.5221 0.0049
246.457308 -73.011174 16 0.9840000000000001 14.7072 0.01 13.9973 0.0055 13.4583 0.0061 13.2083 0.0055
246.44829700000003 -72.99217800000001 10 0.978 16.4364 0.042 15.9698 0.0166 15.7141 0.006999999999999999 15.6069 0.0073
246.53439300000002 -73.015286 17 0.978 17.0492 0.0235 16.6671 0.017 16.3697 0.0123 16.2531 0.0073
246.55512099999999 -73.008864 3 0.9640000000000001 nan nan nan nan 16.6116 0.0112 15.9318 0.0135
246.508254 -72.981643 9 0.975 16.3712 0.0087 16.0494 0.0151 15.8028 0.0069 15.7346 0.0091
246.512493 -72.98019599999999 7 0.9690000000000001 16.7797 0.011000000000000001 16.4281 0.0097 16.2001 0.0084 16.1283 0.0076
246.53980299999998 -72.983023 12 0.983 15.0615 0.0232 14.6899 0.0075 14.4352 0.0061 14.3386 0.0061
246.44583599999999 -72.985915 7 0.9670000000000001 nan nan 17.6758 0.0187 17.3931 0.0405 17.2268 0.0406
246.49085 -73.021376 18 0.9790000000000001 16.3449 0.0208 15.999 0.0169 15.7711 0.0187 15.6638 0.0064
246.43333900000002 -72.98758000000001 11 0.9840000000000001 16.4371 0.0448 16.0296 0.0082 15.7667 0.015 15.6624 0.0066
246.547944 -73.01863900000001 10 0.953 17.7602 0.0937 17.442999999999998 0.0446 17.3336 0.0484 17.3241 0.071
246.518952 -73.024909 18 0.981 16.1712 0.0088 15.645999999999999 0.0098 15.2864 0.0069 15.1403 0.0058
246.54209100000003 -73.02386 16 0.9640000000000001 17.0019 0.0383 16.5534 0.0144 16.2234 0.0071 16.0603 0.0081
246.582576 -73.013185 9 0.961 nan nan 17.6495 0.0751 17.0148 0.021 16.7394 0.0121
246.463941 -73.027114 10 0.97 18.1423 0.0521 17.3546 0.0121 16.962 0.0303 16.7498 0.0213
246.505655 -73.02928100000001 15 0.966 16.8909 0.0094 16.5704 0.0147 16.324 0.0058 16.2672 0.0072
246.59007000000003 -72.983806 8 0.973 17.5724 0.025 17.1049 0.0468 16.8257 0.0428 16.6143 0.0103
246.610648 -73.003192 10 0.965 17.6302 0.0131 17.5031 0.022000000000000002 17.1852 0.0123 17.1662 0.0146
246.444983 -73.028358 11 0.961 17.5308 0.0304 17.162 0.0093 16.9743 0.0227 16.8855 0.0105
246.55099500000003 -73.029117 19 0.982 15.8186 0.0191 15.2503 0.0078 14.8388 0.0113 14.6494 0.0066
246.46743999999998 -73.03244699999999 15 0.982 15.6871 0.0111 15.3991 0.0078 15.2136 0.0084 15.1466 0.0062
246.507621 -73.03654399999999 17 0.961 17.0982 0.0333 16.664 0.0177 16.3042 0.0234 16.0895 0.0297
246.373577 -73.00384 8 0.983 15.1194 0.0077 14.5208 0.0076 14.0737 0.0105 13.9116 0.0144
246.619005 -72.986109 9 0.981 16.1101 0.0111 15.5553 0.0265 15.1951 0.0118 15.0402 0.0066
246.60799300000002 -73.02023100000001 18 0.98 16.6562 0.0093 16.2415 0.0192 15.9153 0.0068 15.8391 0.0089
246.505629 -72.961424 11 0.98 16.4431 0.0607 15.9797 0.0211 15.7215 0.0111 15.6093 0.0098
246.613432 -72.97827099999999 8 0.978 16.9719 0.0152 16.3544 0.0164 16.052 0.0099 15.8377 0.01
246.564352 -73.035036 14 0.981 15.7438 0.0106 15.4094 0.0297 15.1988 0.0183 15.1145 0.0077
246.639239 -73.003817 16 0.982 15.628 0.0208 15.3073 0.0084 15.1161 0.0057 15.0468 0.0095
246.63903100000002 -72.992457 11 0.972 17.3486 0.0212 17.0062 0.0105 16.6452 0.0126 16.4926 0.019
246.514784 -73.041641 19 0.982 15.5153 0.0144 15.1284 0.0066 14.8355 0.0076 14.7044 0.0059
246.379502 -73.02271800000001 9 0.978 16.1608 0.0172 15.7925 0.0202 15.5817 0.0105 15.4987 0.0134
246.43290699999997 -72.962595 8 0.978 17.4389 0.0213 17.1192 0.0194 16.9182 0.0145 16.8737 0.01
246.50263399999997 -72.957227 11 0.973 17.4359 0.0118 17.2377 0.0137 17.0315 0.0098 16.955 0.0102
246.43901 -73.039865 11 0.956 17.4651 0.0121 17.0963 0.0118 16.9291 0.0087 16.8405 0.0121
246.445428 -72.95931 6 0.97 nan nan 17.4193 0.0147 16.7406 0.0075 16.428 0.008
246.58279500000003 -72.963473 6 0.9740000000000001 nan nan 17.8643 0.0108 16.6564 0.0095 16.1649 0.0396
246.41948900000003 -72.962593 8 0.978 15.7942 0.0152 15.8572 0.0122 16.0261 0.0077 16.0919 0.0082
246.650217 -73.00631 27 0.9840000000000001 14.9624 0.011000000000000001 14.662 0.006 14.4535 0.0053 14.3843 0.0075
246.62576 -72.97411600000001 9 0.976 16.3193 0.0088 15.9184 0.0273 15.6614 0.0129 15.5515 0.0091
246.363283 -73.02155 8 0.98 15.923 0.0252 15.5871 0.0076 15.3555 0.0105 15.3152 0.0101
246.428954 -73.040502 26 0.983 14.8745 0.0055 14.498 0.0053 14.2447 0.0077 14.1611 0.0047
246.39951200000002 -73.035709 10 0.982 15.4294 0.0223 15.0915 0.0083 14.9051 0.0135 14.8377 0.019
246.390696 -72.96633299999999 2 0.98 nan nan nan nan 14.9977 0.0105 14.9428 0.0105
246.34133599999998 -72.996113 5 0.975 nan nan 17.3161 0.0139 16.9065 0.01 16.7866 0.0099
246.636077 -72.975261 11 0.968 17.7017 0.0216 17.0598 0.0233 16.4196 0.0101 16.1612 0.0226
246.437722 -72.954936 8 0.973 16.8222 0.0112 16.447 0.0112 16.1789 0.0173 16.0925 0.0098
246.61507200000003 -73.035265 21 0.982 15.629000000000001 0.0101 15.3764 0.0055 15.2056 0.009000000000000001 15.1387 0.0143
246.54134700000003 -73.047604 17 0.98 16.5627 0.0092 16.1643 0.0093 15.9646 0.006 15.8915 0.021
246.402544 -72.959988 2 0.985 nan nan nan nan 13.0212 0.0105 12.8205 0.0105
246.664044 -73.010788 16 0.971 17.0705 0.0091 16.6123 0.0227 16.2591 0.0071 16.1069 0.0089
246.3306 -72.995891 12 0.982 15.7202 0.0265 15.3542 0.0281 15.1151 0.0061 15.0373 0.0104
246.588525 -73.042638 14 0.983 15.6073 0.0069 14.9975 0.0055 14.5765 0.0099 14.3216 0.0087
246.50582799999998 -72.95013 12 0.9670000000000001 16.7522 0.0212 16.4172 0.0326 16.2481 0.013999999999999999 16.1716 0.0203
246.458039 -72.95151800000001 7 0.977 16.5068 0.0152 16.17 0.0111 15.9552 0.0065 15.8815 0.0074
246.33100499999998 -73.008524 10 0.976 16.3828 0.006999999999999999 16.1114 0.0198 15.8536 0.0084 15.8003 0.0078
246.53186200000002 -72.950591 11 0.9740000000000001 16.3232 0.0507 15.945 0.0196 15.7273 0.0081 15.6399 0.0119
246.496015 -72.94953199999999 14 0.982 15.6816 0.0185 15.1897 0.0077 14.8552 0.0094 14.6935 0.0054
246.403735 -72.95699300000001 2 0.98 nan nan nan nan 14.6803 0.0105 14.6049 0.0105
246.497958 -73.05209 16 0.976 16.8667 0.0268 16.5227 0.0166 16.2855 0.0066 16.1999 0.0101
246.64616099999998 -72.96946 11 0.98 17.5217 0.0132 16.5881 0.013999999999999999 15.9499 0.0069 15.6558 0.0054
246.321305 -72.99410300000001 9 0.973 17.974 0.0371 17.6016 0.0368 16.7965 0.0181 16.485 0.0128
246.681033 -72.99618199999999 10 0.9690000000000001 17.4546 0.0261 17.2857 0.0113 17.0326 0.0233 16.918 0.0218
246.431372 -73.04919100000001 4 0.978 16.2871 0.0133 16.1 0.0233 16.0152 0.0294 15.9918 0.0239
246.66785 -72.97941 8 0.9690000000000001 17.9435 0.0279 17.1388 0.011000000000000001 16.7415 0.0112 16.5306 0.0106
246.466723 -73.052624 17 0.982 15.5589 0.0124 15.0707 0.0056 14.7378 0.0096 14.5905 0.0053
246.488567 -72.94631 11 0.9790000000000001 16.9114 0.0115 16.5263 0.013000000000000001 16.1258 0.0058 15.9828 0.0114
246.59739199999999 -72.95419100000001 12 0.981 15.8993 0.0104 15.5958 0.0272 15.3816 0.0118 15.3101 0.0068
246.56275699999998 -72.948948 4 0.951 nan nan 17.7515 0.03 17.5786 0.0126 17.2857 0.0992
246.42274 -73.049347 23 0.9990000000000001 11.4613 0.0053 11.3151 0.0054 11.2636 0.0077 11.2707 0.005
246.53834500000002 -72.9466 16 0.982 15.0986 0.0167 14.8474 0.0081 14.7084 0.0054 14.677999999999999 0.0053
246.37963599999998 -73.042187 17 0.983 15.015 0.0114 14.5789 0.0068 14.3069 0.01 14.2074 0.0148
246.665021 -73.026412 19 0.982 15.8768 0.0154 15.3381 0.0105 15.0086 0.013000000000000001 14.8508 0.0113
246.67065 -73.023363 18 0.956 17.1506 0.0132 16.6634 0.0073 16.2355 0.0166 16.0936 0.0268
246.46718199999998 -72.94568100000001 8 0.975 16.5643 0.0105 16.1955 0.0162 16.0342 0.0288 15.854000000000001 0.0468
246.60562099999999 -72.95287900000001 8 0.9640000000000001 16.7513 0.0124 16.3416 0.048 16.1727 0.0086 16.1208 0.0075
246.52205800000002 -72.943945 12 0.978 16.8621 0.0112 16.5645 0.0459 16.3463 0.0196 16.2389 0.0095
246.335465 -73.031006 15 0.983 14.8357 0.0062 14.2865 0.0061 13.8796 0.0131 13.6886 0.0087
246.33507000000003 -73.03409599999999 7 0.951 17.7337 0.022000000000000002 17.3388 0.037000000000000005 16.9491 0.0137 16.9004 0.0109
246.36552400000002 -73.04418299999999 10 0.982 15.626 0.0072 15.0564 0.0231 14.7013 0.0439 14.5759 0.0167
246.592346 -73.053045 16 0.98 16.2486 0.0207 15.8699 0.0135 15.6264 0.0164 15.5066 0.0147
246.62543300000002 -73.047463 24 0.985 13.9618 0.006999999999999999 13.5691 0.0054 13.3199 0.0061 13.2279 0.0053
246.70476200000002 -73.004427 13 0.953 17.1669 0.0199 16.7048 0.0243 16.3119 0.015 16.1579 0.0168
246.645107 -72.956225 16 0.9890000000000001 13.008 0.0075 12.5912 0.0074 12.3511 0.0053 12.263 0.0053
246.323754 -72.966998 4 0.9520000000000001 nan nan nan nan 17.5214 0.0077 17.1432 0.0242
246.56792599999997 -73.058318 9 0.966 17.9945 0.0493 17.6647 0.0524 17.4227 0.0429 17.254 0.011000000000000001
246.55425 -72.940272 19 0.981 15.7352 0.0065 15.4132 0.0067 15.2439 0.0091 15.1767 0.0049
246.703959 -73.01849399999999 30 0.9940000000000001 13.2313 0.0047 12.7165 0.0047 12.3402 0.0053 12.1616 0.0048
246.34150400000001 -72.95818100000001 4 0.9790000000000001 nan nan nan nan 15.2441 0.0074 15.1865 0.0074
246.485298 -73.06235500000001 16 0.9790000000000001 16.3744 0.0069 16.003 0.0091 15.7909 0.0074 15.694 0.0086
246.461873 -72.938439 12 0.982 16.4031 0.0069 15.9743 0.0082 15.7624 0.0065 15.6574 0.0061
246.66873399999997 -73.03859399999999 16 0.98 16.4406 0.0076 15.8508 0.011000000000000001 15.488 0.0064 15.3015 0.0093
246.28796699999998 -73.00883499999999 12 0.98 17.4401 0.0132 16.6989 0.0123 16.1791 0.0089 15.8959 0.0076
246.50707200000002 -73.06264300000001 12 0.9570000000000001 17.8122 0.1588 17.2029 0.0341 16.7942 0.0148 16.63 0.0142
246.67588500000002 -72.96216 10 0.958 17.886 0.0384 17.5908 0.0162 17.2229 0.0152 17.1167 0.0222
246.365799 -73.050725 10 0.977 16.8977 0.033 16.5701 0.0141 16.3647 0.0099 16.3063 0.0254
246.71240699999998 -72.983793 14 0.983 14.9328 0.0253 14.6436 0.0082 14.4529 0.0061 14.3998 0.0111
246.374049 -72.946471 2 0.972 nan nan nan nan 16.3294 0.0106 16.301 0.0106
246.459245 -72.935478 14 0.981 15.7567 0.0066 15.386 0.0065 15.1375 0.0066 15.0509 0.0069
246.66805 -73.04458199999999 13 0.972 17.6852 0.0158 17.430999999999997 0.0092 17.2013 0.0107 17.1311 0.0288
246.58340299999998 -72.93794799999999 16 0.978 16.3244 0.0071 16.047 0.0059 15.8348 0.0068 15.7748 0.0089
246.476158 -73.06654 11 0.96 17.52 0.0242 17.1509 0.0098 16.8235 0.0072 16.6804 0.0158
246.54700699999998 -73.065655 18 0.981 15.8474 0.0063 15.5587 0.0059 15.3787 0.0115 15.3119 0.0078
246.3 -73.033349 5 0.966 nan nan 17.7561 0.019 17.1781 0.011000000000000001 16.8904 0.0087
246.371635 -73.056803 7 0.966 17.7261 0.0195 17.1976 0.0144 16.7878 0.0172 16.6481 0.0106
246.308484 -73.039497 13 0.977 17.1682 0.0103 16.7262 0.0082 16.312 0.0067 16.1726 0.0062
246.70704700000002 -72.967003 14 0.982 15.4917 0.0098 15.1296 0.0074 14.8523 0.0055 14.7465 0.0053
246.26278399999998 -73.00165600000001 8 0.9740000000000001 18.0413 0.016 17.3316 0.0131 16.8605 0.0086 16.5898 0.0135
246.27352599999998 -73.021455 22 0.987 13.1585 0.0072 12.9039 0.0053 12.7282 0.0061 12.6943 0.0069
246.346478 -72.946871 4 0.98 nan nan nan nan 16.5508 0.0079 16.5051 0.0082
246.26570299999997 -73.012567 9 0.96 17.9254 0.0338 17.4407 0.0495 17.1612 0.0098 17.0097 0.0316
246.525534 -73.06930200000001 14 0.9740000000000001 17.5174 0.0353 17.2197 0.0194 16.963 0.0157 16.9006 0.0119
246.571468 -72.933502 13 0.9690000000000001 16.9311 0.0089 16.6055 0.0294 16.4582 0.0107 16.3751 0.008
246.439683 -73.068037 10 0.963 17.921 0.018000000000000002 17.4915 0.1018 17.331 0.0114 17.2196 0.0105
246.396111 -72.93648 12 0.985 13.7591 0.0087 13.234000000000002 0.0074 12.8689 0.0105 12.722000000000001 0.0091
246.551507 -73.069074 11 0.963 17.5368 0.0547 16.9765 0.0168 16.6288 0.0351 16.486 0.0179
246.285992 -72.966033 8 0.965 17.7289 0.024 17.2397 0.0196 16.7759 0.0071 16.6318 0.023
246.73918199999997 -72.985072 13 0.985 14.0006 0.0074 13.4478 0.0105 13.0606 0.0061 12.8891 0.0061
246.458445 -73.07076500000001 14 0.972 16.6289 0.0315 16.2997 0.0074 16.1145 0.0065 16.0716 0.0077
246.63394100000002 -72.939861 12 0.976 16.9803 0.0101 16.6125 0.0244 16.3651 0.0217 16.2683 0.0078
246.655235 -72.943559 14 0.966 17.0697 0.0101 16.7921 0.0379 16.5116 0.0067 16.4416 0.0114
246.289505 -73.038608 21 0.982 15.8603 0.0119 15.5211 0.0079 15.2912 0.0058 15.2205 0.0067
246.69794900000002 -73.04414 12 0.958 17.4146 0.0251 17.1513 0.0116 16.9115 0.0098 16.8267 0.0228
246.47846099999998 -72.92753499999999 13 0.981 15.7523 0.0098 15.3665 0.0229 15.0838 0.0083 15.0018 0.0087
246.715421 -73.03653299999999 17 0.98 15.9066 0.022000000000000002 15.6598 0.0074 15.4616 0.0122 15.4097 0.0074
246.40809900000002 -73.067774 12 0.965 17.1072 0.0111 16.8032 0.0194 16.5799 0.0128 16.5407 0.0231
246.33052599999996 -73.053602 12 0.981 16.5127 0.0137 15.9104 0.0161 15.4761 0.0061 15.2975 0.0057
246.25125899999998 -73.006826 10 0.9690000000000001 17.4162 0.0471 17.0754 0.0227 16.7775 0.0419 16.7258 0.0109
246.50917599999997 -72.926997 20 0.977 16.0762 0.0109 16.1601 0.006999999999999999 16.2879 0.0076 16.3179 0.0062
246.45548599999998 -72.927512 10 0.977 16.8674 0.0246 16.542 0.0096 16.2479 0.0099 16.132 0.0078
246.749177 -72.98929 16 0.98 16.0643 0.0356 15.7602 0.0067 15.5702 0.0118 15.5161 0.013000000000000001
246.74797 -72.987029 10 0.958 17.1222 0.0186 16.5652 0.0157 16.2703 0.0171 16.1222 0.0313
246.67452200000002 -72.94670500000001 14 0.981 15.9035 0.0129 15.6004 0.0193 15.4007 0.0078 15.308 0.0079
246.395492 -72.93234100000001 7 0.97 16.8832 0.0667 16.375 0.0202 16.0277 0.0105 15.8932 0.0098
246.270744 -72.967844 6 0.975 17.0568 0.0158 16.8349 0.0151 16.5945 0.0088 16.5631 0.0076
246.75334700000002 -72.992878 14 0.9790000000000001 16.5116 0.0117 16.1228 0.0158 15.8788 0.0112 15.7338 0.0177
246.748881 -72.981362 12 0.982 15.4163 0.0082 15.0118 0.0076 14.7697 0.0096 14.6886 0.0061
246.75410899999997 -73.011678 27 0.997 13.1797 0.0099 12.4792 0.0047 11.9429 0.0053 11.687999999999999 0.0054
246.279314 -73.039507 11 0.976 17.9853 0.0363 17.1958 0.0146 16.6657 0.0135 16.4771 0.0104
246.699958 -73.048451 14 0.978 16.379 0.006999999999999999 16.0445 0.0069 15.7872 0.0062 15.7084 0.0071
246.242242 -73.009206 18 0.981 15.66 0.0065 15.3707 0.0076 15.198 0.0099 15.1593 0.0073
246.261356 -73.03171400000001 13 0.971 16.9398 0.0208 16.7167 0.0111 16.5026 0.0078 16.4306 0.0076
246.265788 -72.96562 7 0.963 17.469 0.0209 17.1389 0.0166 16.831 0.017 16.7576 0.0085
246.40060499999998 -72.928846 7 0.968 16.6206 0.0421 16.2802 0.0249 15.9777 0.0105 15.9019 0.0239
246.750196 -73.024935 14 0.9590000000000001 17.307000000000002 0.0171 17.0314 0.0341 16.7589 0.0093 16.6597 0.01
246.627431 -72.932182 13 0.968 16.8435 0.0104 16.451 0.006999999999999999 16.1546 0.0097 16.0383 0.0074
246.522898 -73.077717 14 0.961 17.7056 0.0374 17.2401 0.0262 17.0248 0.0238 16.9559 0.0224
246.766873 -72.994948 19 0.988 13.8372 0.0061 13.2745 0.0068 12.8831 0.0053 12.7011 0.0053
246.270835 -72.95971800000001 8 0.96 17.6937 0.0187 17.2385 0.0123 16.8718 0.0531 16.7662 0.0242
246.731723 -73.040626 26 0.983 15.2649 0.0095 15.0697 0.0081 14.9616 0.0111 14.9162 0.0223
246.331357 -73.061815 8 0.965 17.8915 0.0142 17.4547 0.0248 17.2962 0.0087 17.1786 0.008
246.50429900000003 -72.919923 29 0.995 12.3892 0.0053 11.9557 0.0067 11.6389 0.0061 11.5183 0.0043
246.22731000000002 -73.010572 17 0.995 13.7947 0.0106 12.8156 0.0077 11.5557 0.0089 11.0453 0.0084
246.59644300000002 -73.075575 13 0.9790000000000001 16.7062 0.0073 16.2483 0.0208 15.8765 0.0084 15.7069 0.0111
246.723442 -72.952805 12 0.981 15.5795 0.0097 15.2835 0.0148 15.0965 0.0067 15.0622 0.0096
246.244856 -73.031713 14 0.9840000000000001 15.2024 0.0141 14.5546 0.0067 14.0415 0.0075 13.8155 0.0054
246.76961699999998 -73.019248 13 0.97 16.9471 0.0092 16.64 0.0126 16.4553 0.0065 16.3871 0.0232
246.517465 -72.918944 14 0.958 16.887999999999998 0.0369 16.5721 0.0285 16.2995 0.0213 16.232 0.0085
246.26765899999998 -73.044822 18 0.981 16.0433 0.0106 15.7227 0.0227 15.4612 0.0054 15.4105 0.0056
246.28906 -73.05317 14 0.9640000000000001 17.9241 0.024 17.1116 0.016 16.3948 0.0271 16.1018 0.0147
246.443829 -72.92028499999999 16 0.976 16.9662 0.0712 16.5176 0.0367 16.1048 0.0082 15.9437 0.0095
246.741188 -73.041731 24 0.988 12.9485 0.0098 12.7435 0.0053 12.645 0.0053 12.632 0.0047
246.26988300000002 -73.04762099999999 12 0.9590000000000001 17.7944 0.0177 17.2691 0.0151 16.9424 0.0107 16.8452 0.0077
246.696555 -73.05935500000001 14 0.9790000000000001 16.5675 0.0109 16.2719 0.0096 16.0527 0.0059 16.0161 0.0097
246.392092 -72.923693 9 0.972 16.3409 0.2243 15.7494 0.0198 15.9451 0.1452 15.4143 0.0428
246.32670099999999 -73.06541800000001 11 0.9790000000000001 16.1631 0.0083 15.8906 0.0091 15.7429 0.0104 15.7078 0.006
246.659252 -72.930842 15 0.973 17.5145 0.0133 16.8758 0.0364 16.4574 0.01 16.2588 0.0076
246.49302400000002 -72.916015 16 0.965 16.7066 0.0151 16.403 0.0282 16.2458 0.0095 16.172 0.0235
246.53316 -73.083898 25 0.9840000000000001 14.1368 0.0053 13.8379 0.0073 13.6656 0.0053 13.618 0.0063
246.486577 -73.084595 15 0.981 15.9544 0.0068 15.5567 0.0121 15.3116 0.01 15.2006 0.0075
246.78593999999998 -73.017607 13 0.98 16.0742 0.0093 15.7177 0.0077 15.522 0.0059 15.4446 0.0058
246.35093500000002 -72.926534 7 0.975 17.6439 0.0203 16.99 0.0474 16.5389 0.0078 16.3671 0.0166
246.664395 -72.929372 10 0.9540000000000001 17.5618 0.0116 17.2003 0.0196 16.9964 0.0093 16.8836 0.0112
246.76612400000002 -73.036272 10 0.958 17.5389 0.0141 17.1526 0.0136 16.9133 0.0106 16.7742 0.0099
246.37644100000003 -73.07788199999999 7 0.9740000000000001 17.9162 0.0146 17.3407 0.0594 16.8504 0.0086 16.651 0.009000000000000001
246.460859 -73.085112 17 0.981 15.7641 0.0162 15.2686 0.0107 14.9332 0.0142 14.7705 0.0105
246.268144 -73.052872 14 0.981 16.6165 0.0091 16.2471 0.0216 16.035 0.0065 15.9621 0.0084
246.60907400000002 -73.079787 15 0.972 16.6736 0.0172 16.1422 0.0218 15.8361 0.018000000000000002 15.7016 0.0154
246.35545 -73.07484000000001 4 0.95 nan nan 17.8415 0.0278 17.5429 0.07400000000000001 17.3273 0.012
246.672319 -73.069796 11 0.9590000000000001 17.9664 0.0195 17.6076 0.0381 17.4175 0.0103 17.3175 0.0193
246.459136 -72.914732 13 0.978 16.5119 0.0241 16.2227 0.012 16.0047 0.0079 15.9415 0.0056
246.21368900000002 -73.020476 8 0.953 17.8636 0.0262 17.5259 0.0776 17.3226 0.0094 17.277 0.0126
246.779906 -73.02715400000001 11 0.97 17.4117 0.0233 16.8852 0.0182 16.5509 0.0092 16.4174 0.013999999999999999
246.207949 -72.986754 10 0.98 17.0045 0.043 16.3187 0.0093 15.7422 0.0248 15.5188 0.0108
246.34091099999998 -72.926829 7 0.9790000000000001 17.9715 0.0221 17.1592 0.0182 16.2904 0.0074 15.9627 0.0065
246.65499900000003 -73.074039 12 0.972 17.4935 0.0152 16.9892 0.03 16.7349 0.0073 16.6393 0.0115
246.2636 -72.947556 10 0.986 12.7095 0.0105 12.5806 0.0105 12.5355 0.0061 12.5443 0.0061
246.758806 -72.95636800000001 11 0.97 16.9234 0.0173 16.4526 0.0115 16.098 0.0128 15.9457 0.0091
246.50872999999999 -73.08742099999999 18 0.98 16.0181 0.0087 15.7147 0.0129 15.5362 0.0056 15.4904 0.0085
246.433629 -73.08596800000001 10 0.9620000000000001 17.6971 0.0129 17.4173 0.0246 17.2082 0.0076 17.1426 0.0198
246.717154 -72.938789 17 0.9840000000000001 16.0916 0.0079 15.7233 0.0123 15.4814 0.0054 15.3711 0.0081
246.727416 -73.058595 11 0.961 17.7221 0.0216 17.4934 0.0128 17.340999999999998 0.0264 17.2831 0.0162
246.80327999999997 -72.999895 19 0.9840000000000001 14.3179 0.008 14.0393 0.0083 13.8629 0.0053 13.8091 0.0053
246.23817999999997 -73.044915 14 0.976 17.5998 0.0654 17.132 0.0214 16.8936 0.006999999999999999 16.8041 0.0181
246.24670600000002 -73.048935 6 0.9540000000000001 nan nan 17.8709 0.0232 17.3805 0.0089 17.3252 0.0118
246.226663 -72.960002 7 0.9670000000000001 17.7725 0.0146 16.9721 0.0318 16.2855 0.0146 15.9954 0.0097
246.42240099999998 -73.086715 14 0.9640000000000001 17.4203 0.0319 17.0706 0.0249 16.8819 0.0089 16.8117 0.0078
246.362496 -72.919682 16 0.983 14.4519 0.0062 14.2474 0.0063 14.1088 0.0074 14.1022 0.0061
246.77674900000002 -73.03928499999999 12 0.975 16.9714 0.0507 16.5125 0.0158 16.3192 0.0134 16.2185 0.0193
246.571815 -72.91214699999999 22 0.983 15.4104 0.0135 15.0351 0.011000000000000001 14.7935 0.0061 14.7184 0.0051
246.207979 -72.970279 8 0.972 17.2476 0.0177 16.9452 0.0189 16.6529 0.0116 16.5183 0.0229
246.793431 -72.970004 16 0.983 15.1623 0.0074 14.9016 0.0082 14.7489 0.0056 14.7165 0.0074
246.237602 -72.951189 8 0.975 17.3269 0.0271 17.029 0.0146 16.7594 0.0246 16.675 0.0078
246.643283 -73.081322 15 0.986 16.6303 0.0113 16.1495 0.0157 15.8068 0.0068 15.6374 0.008
246.70766600000002 -72.931397 14 0.975 16.7125 0.0183 16.4558 0.0073 16.2954 0.0074 16.2054 0.0179
246.32358100000002 -72.924031 14 0.975 16.6116 0.0367 16.1507 0.0077 15.7876 0.0121 15.626 0.0113
246.18677000000002 -73.008053 8 0.982 16.2296 0.008 15.5782 0.0079 15.1468 0.0075 14.975999999999999 0.0074
246.64026800000002 -72.917742 20 0.9790000000000001 16.5566 0.0172 16.232 0.0077 15.8981 0.0147 15.7512 0.0056
246.67904199999998 -73.076109 25 0.9840000000000001 13.9405 0.0054 13.4814 0.0066 13.1257 0.0053 12.967 0.0047
246.463979 -72.908129 17 0.977 16.5194 0.0188 16.2521 0.0183 16.0718 0.0095 15.9968 0.011000000000000001
246.18907099999998 -72.982858 6 0.972 17.3239 0.0125 16.9396 0.023 16.6791 0.0132 16.5289 0.0392
246.23742599999997 -73.05190999999999 16 0.978 17.0192 0.0279 16.6581 0.0077 16.3985 0.0073 16.2772 0.0118
246.815859 -72.989682 19 0.99 13.651 0.0075 13.2932 0.0078 13.034 0.0053 12.9349 0.0053
246.767731 -72.949663 12 0.972 16.4127 0.0247 16.1311 0.008 15.918 0.0129 15.8483 0.0087
246.190102 -72.976866 6 0.982 15.8475 0.0122 15.3035 0.0105 14.9046 0.0075 14.7642 0.0162
246.320525 -72.922344 22 0.982 15.6299 0.0323 15.3158 0.0067 15.0849 0.0061 15.015999999999998 0.0052
246.27791499999998 -73.06865400000001 17 0.975 16.6274 0.031 16.172 0.0176 15.8245 0.0106 15.7012 0.0191
246.485341 -72.905676 16 0.966 16.7645 0.011000000000000001 16.5205 0.0071 16.3292 0.0062 16.2597 0.0076
246.179035 -72.989081 7 0.9790000000000001 16.2749 0.0153 15.9863 0.0119 15.7104 0.0076 15.6605 0.0235
246.34633399999998 -72.91678 10 0.978 17.323 0.0233 17.0804 0.0196 16.8251 0.0172 16.7546 0.0152
246.395556 -72.91036700000001 4 0.973 nan nan nan nan 16.5437 0.0096 15.8393 0.01
246.210212 -72.957553 6 0.997 10.8936 0.0107 10.7134 0.0106 10.6402 0.011000000000000001 10.6452 0.0116
246.438369 -73.093161 25 0.987 13.9038 0.0066 13.7012 0.0061 13.5663 0.0053 13.5511 0.0049
246.174439 -73.006252 9 0.9790000000000001 17.4257 0.0562 16.8375 0.0157 16.4805 0.0212 16.2752 0.0365
246.17339700000002 -72.99638 6 0.982 15.8408 0.0112 15.3521 0.0123 15.0704 0.0109 14.969000000000001 0.01
246.44766800000002 -73.094348 23 0.9840000000000001 15.3415 0.0172 15.0453 0.006 14.834000000000001 0.0061 14.7575 0.0071
246.321709 -72.919731 11 0.9540000000000001 17.9273 0.0525 17.3113 0.0232 16.933 0.0252 16.7621 0.0092
246.26283999999998 -73.06662 26 0.985 13.9244 0.0056 13.9037 0.0076 13.9828 0.0053 14.0404 0.0056
246.62451800000002 -72.910845 17 0.9790000000000001 16.5285 0.0266 16.1123 0.0087 15.8073 0.0074 15.6934 0.0061
246.17171499999998 -72.991341 8 0.982 15.6048 0.0105 15.2976 0.0105 15.095999999999998 0.0215 15.0543 0.0085
246.81598799999998 -73.028411 18 0.983 15.26 0.0078 14.8733 0.0108 14.6442 0.0053 14.5601 0.0086
246.34577400000003 -73.085475 16 0.987 12.6271 0.0061 11.8574 0.0088 11.3046 0.0105 11.0387 0.0074
246.75977400000002 -72.940387 7 0.961 17.9828 0.0495 17.6202 0.019 17.3299 0.0097 17.2325 0.0089
246.62031499999998 -73.090126 13 0.9790000000000001 16.7791 0.0173 16.2286 0.0148 15.8211 0.008 15.651 0.0096
246.29954700000002 -72.922911 15 0.978 17.259 0.0117 16.969 0.0638 16.6985 0.0065 16.6781 0.0209
246.82311 -72.977459 11 0.981 15.9114 0.0096 15.5573 0.0266 15.2517 0.0086 15.1415 0.0063
246.234142 -73.05894599999999 10 0.96 18.0241 0.0161 17.7057 0.0508 17.4179 0.0237 17.3001 0.0085
246.832517 -73.008048 22 0.983 15.159 0.0055 14.8847 0.0073 14.682 0.0055 14.6174 0.0053
246.288912 -73.07600000000001 17 0.997 10.2988 0.0075 10.1446 0.0061 10.095 0.0107 10.1008 0.0108
246.833831 -72.993408 14 0.98 16.4349 0.0426 15.7487 0.0236 15.3278 0.0077 15.1447 0.0054
246.62652400000002 -73.090887 14 0.971 17.4083 0.0205 17.0029 0.0321 16.6822 0.0082 16.5993 0.0161
246.82106800000003 -72.971211 10 0.963 17.7222 0.0377 17.5701 0.0268 17.3445 0.0534 17.3136 0.0112
246.279177 -72.92567700000001 16 0.9790000000000001 15.8909 0.0149 15.6193 0.0066 15.4467 0.0064 15.4005 0.0069
246.187267 -72.962946 9 0.978 15.9888 0.0105 15.9512 0.0106 15.9909 0.0152 16.0204 0.0074
246.587227 -73.095547 17 0.9690000000000001 16.9767 0.0132 16.6459 0.0287 16.3391 0.0224 16.2136 0.0108
246.446421 -72.902268 16 0.982 15.8215 0.0067 15.4112 0.0179 15.1529 0.0073 15.0532 0.0056
246.803578 -72.956099 9 0.958 17.6533 0.0157 17.3841 0.017 17.1133 0.0083 17.0641 0.0167
246.722611 -72.925152 27 0.982 15.4503 0.0192 15.1323 0.0102 14.9118 0.0047 14.854000000000001 0.0065
246.21126099999998 -73.052989 12 0.972 17.3211 0.0162 16.8905 0.0084 16.5372 0.0064 16.3546 0.0101
246.36811 -72.908221 13 0.983 14.7362 0.0068 14.2158 0.0082 13.808 0.0094 13.6474 0.0077
246.837418 -72.984473 9 0.97 16.7642 0.1006 16.2932 0.0086 16.0052 0.0117 15.9106 0.0109
246.15770600000002 -72.99228000000001 6 0.965 17.723 0.0158 17.3821 0.0199 17.1454 0.1053 16.963 0.0237
246.354217 -72.90904 6 0.973 nan nan 17.4207 0.0638 17.1542 0.0121 17.0234 0.018000000000000002
246.226161 -72.939052 11 0.975 17.7868 0.0342 17.2934 0.0354 16.952 0.013000000000000001 16.7431 0.0202
246.63907200000003 -72.907838 28 0.983 14.512 0.0222 14.2372 0.0109 14.0791 0.0239 14.0124 0.0199
246.476478 -72.89943199999999 26 0.991 12.4695 0.0056 12.2728 0.0062 12.1538 0.0053 12.1399 0.0047
246.17755099999997 -73.036004 12 0.968 17.2818 0.0683 16.9511 0.0274 16.6827 0.0276 16.6109 0.0126
246.41762200000002 -72.901983 15 0.97 16.7466 0.0191 16.423 0.0253 16.221 0.006999999999999999 16.1837 0.0266
246.50083999999998 -72.898942 27 0.983 15.1729 0.0059 14.8362 0.0057 14.6094 0.0048 14.5329 0.0044
246.25071499999999 -72.929305 15 0.982 15.6046 0.0083 15.2503 0.0067 14.9769 0.0061 14.890999999999998 0.0064
246.15232400000002 -73.007654 12 0.983 15.5585 0.0131 15.0345 0.0153 14.6503 0.0144 14.4833 0.0114
246.581035 -73.099751 28 0.9840000000000001 13.9121 0.0054 13.7553 0.0049 13.6644 0.0053 13.6606 0.0066
246.55447400000003 -72.89872 25 0.9840000000000001 15.4381 0.0084 15.1147 0.0056 14.9397 0.0048 14.8722 0.0044
246.192247 -72.950627 10 0.992 13.5265 0.0105 13.2942 0.0105 13.1712 0.0061 13.1595 0.0061
246.84918100000002 -72.98849 12 0.976 16.5263 0.03 16.148 0.0078 15.8448 0.0091 15.7468 0.0235
246.811377 -73.047957 11 0.9790000000000001 16.743 0.0097 16.437 0.0089 16.2039 0.0129 16.1253 0.0125
246.726498 -73.07874100000001 15 0.975 17.182000000000002 0.013000000000000001 16.7549 0.0161 16.47 0.01 16.3903 0.0193
246.85093199999997 -72.99162199999999 13 0.976 16.4584 0.0088 16.2331 0.0086 15.9757 0.0143 15.9039 0.0133
246.14777 -72.992141 6 0.968 17.7298 0.0208 17.3295 0.0153 17.0461 0.0122 16.9311 0.0102
246.284312 -72.917815 10 0.9640000000000001 nan nan 17.4733 0.0117 16.8807 0.0111 16.6135 0.0079
246.69316800000001 -72.912673 19 0.973 16.7365 0.0214 16.5246 0.028999999999999998 16.381 0.0093 16.3017 0.0068
246.244005 -72.927711 8 0.976 nan nan 17.1461 0.011000000000000001 15.8372 0.015 15.3578 0.0136
246.492274 -72.895786 26 0.981 15.7978 0.0095 15.5617 0.0096 15.3859 0.0065 15.357000000000001 0.0052
246.83876 -73.034052 11 0.978 16.5105 0.0272 16.0974 0.0111 15.843 0.0215 15.7367 0.0071
246.60594700000001 -73.100349 17 0.975 16.8517 0.0507 16.4925 0.013999999999999999 16.2545 0.0069 16.1498 0.0104
246.797729 -72.941314 12 0.972 16.6174 0.0263 16.3145 0.0106 16.111 0.0066 16.0414 0.0062
246.14564199999998 -73.018438 11 0.976 17.035999999999998 0.0359 16.5332 0.0116 16.1388 0.01 15.998 0.0133
246.73749700000002 -72.92094499999999 21 0.973 16.6711 0.0192 16.4023 0.0276 16.2658 0.0143 16.1777 0.0153
246.62891000000002 -73.09854399999999 12 0.9520000000000001 17.8488 0.0208 17.5256 0.0427 17.4244 0.021 17.3068 0.0327
246.50631600000003 -73.105471 20 0.977 16.7775 0.0111 16.3493 0.0072 16.1365 0.0061 16.1149 0.0122
246.739963 -72.921298 8 0.961 16.8991 0.0518 16.5695 0.0428 16.3274 0.0148 16.3065 0.0215
246.698129 -73.088594 16 0.983 14.9161 0.0146 14.1744 0.011000000000000001 13.6354 0.0093 13.4246 0.006999999999999999
246.806471 -73.056632 10 0.9790000000000001 17.4051 0.0153 16.5898 0.0192 16.0434 0.0062 15.8006 0.0138
246.84196400000002 -72.96507 14 0.983 15.0414 0.0075 14.5777 0.0074 14.2438 0.0053 14.1061 0.0053
246.35478799999999 -73.097709 23 0.992 12.5582 0.0054 12.1291 0.0071 11.8146 0.0061 11.6771 0.0061
246.255159 -72.921298 24 0.983 15.1151 0.0105 14.8265 0.0068 14.6081 0.0053 14.5491 0.005
246.14555299999998 -73.02508399999999 8 0.953 17.8455 0.0271 17.3504 0.0351 17.1337 0.0257 17.0645 0.0581
246.861777 -72.98660100000001 8 0.965 17.0519 0.0112 16.6562 0.0599 16.1845 0.0084 16.0225 0.0074
246.314839 -72.90816 11 0.973 17.2719 0.0104 16.8782 0.0094 16.6209 0.0177 16.5655 0.01
246.7654 -72.92681800000001 14 0.977 16.3911 0.0251 16.0397 0.0075 15.8053 0.0063 15.7118 0.0053
246.51797000000002 -73.1067 14 0.9540000000000001 17.8534 0.0225 17.2408 0.0183 17.0281 0.0208 16.9305 0.0201
246.82931000000002 -73.046785 12 0.977 16.918 0.0099 16.5703 0.0335 16.364 0.0125 16.2797 0.0065
246.660128 -73.09636 15 0.971 17.4135 0.016 17.1052 0.0356 16.9578 0.0084 16.8844 0.0086
246.19266000000002 -73.058937 12 0.9740000000000001 17.2951 0.0148 16.8821 0.0608 16.5197 0.0083 16.3978 0.0104
246.17768999999998 -72.948849 10 0.983 13.9961 0.0115 13.7585 0.0121 13.6095 0.0074 13.5814 0.0071
246.543906 -72.89335600000001 12 0.953 17.9985 0.0194 17.5553 0.0493 17.2358 0.0091 17.0615 0.018000000000000002
246.17744100000002 -73.0519 11 0.978 17.9042 0.0262 17.1524 0.0227 16.5748 0.0171 16.4045 0.0233
246.13601400000002 -73.01701 8 0.972 17.6169 0.0131 17.129 0.0121 16.6552 0.0099 16.5453 0.038
246.80704599999999 -72.939211 10 0.966 17.6485 0.024 17.1307 0.0656 16.7679 0.006999999999999999 16.5767 0.0097
246.14099500000003 -73.02851 11 0.965 16.8816 0.0105 16.5371 0.0153 16.2898 0.0199 16.163 0.0307
246.868841 -73.018293 18 0.981 16.6755 0.0184 15.9698 0.0288 15.4081 0.0317 15.1591 0.0229
246.206008 -72.93264599999999 14 0.983 15.1538 0.0102 14.5977 0.0061 14.2019 0.0061 14.0262 0.0054
246.872684 -72.989757 14 0.973 16.6099 0.0319 16.3985 0.0202 16.1359 0.0079 16.0745 0.0117
246.766042 -72.922274 9 0.9640000000000001 17.8528 0.0292 17.5959 0.0482 17.3793 0.0088 17.2753 0.0088
246.12488599999998 -72.98949300000001 8 0.986 13.4055 0.0105 13.0981 0.0105 12.8899 0.0091 12.8338 0.0074
246.45846699999998 -73.10955 8 0.9570000000000001 nan nan 17.7272 0.0277 17.4535 0.0318 17.2973 0.0218
246.21160899999998 -73.071733 16 0.971 17.0672 0.0163 16.698 0.0184 16.5024 0.0151 16.433 0.0078
246.33341099999998 -72.900755 11 0.958 17.4687 0.0331 17.1815 0.0159 16.9841 0.0208 16.9381 0.0209
246.860682 -73.03416999999999 23 0.983 14.4802 0.0059 14.192 0.0072 13.9918 0.0061 13.9321 0.0056
246.121331 -72.994518 7 0.965 17.3055 0.0126 16.9327 0.0185 16.8272 0.0132 16.6581 0.0656
246.86234900000002 -72.96750300000001 16 0.986 14.1224 0.0077 13.802 0.0075 13.5897 0.0063 13.5352 0.0053
246.41921000000002 -73.108426 12 0.975 17.5683 0.0132 17.2507 0.0159 17.0038 0.0175 16.9104 0.0069
246.263083 -72.913292 15 0.976 16.9696 0.0116 16.5631 0.0097 16.273 0.0059 16.1704 0.0199
246.84339300000002 -73.048161 16 0.983 15.7126 0.0078 15.199000000000002 0.0068 14.8233 0.0099 14.6622 0.005
246.47102900000002 -73.111124 17 0.983 15.0377 0.0055 14.4509 0.0097 14.0252 0.0053 13.8229 0.0052
246.500253 -73.111593 14 0.97 17.4017 0.0821 17.1543 0.0155 16.9639 0.0201 16.9057 0.0067
246.798984 -72.930761 16 0.993 13.3132 0.0074 12.8788 0.0076 12.5743 0.0053 12.4505 0.0053
246.30568599999998 -72.903932 14 0.963 17.785999999999998 0.0538 17.2133 0.0374 16.7113 0.0127 16.4924 0.0135
246.11761800000002 -73.005202 11 0.977 18.1714 0.0228 17.4894 0.0203 16.5593 0.0279 16.262999999999998 0.0069
246.36858900000001 -72.894929 11 0.975 16.2307 0.0075 15.9358 0.02 15.7558 0.0075 15.7116 0.0082
246.516819 -72.887928 21 0.983 15.501 0.0077 14.9164 0.0051 14.4688 0.0053 14.2577 0.0044
246.727225 -72.909724 13 0.96 18.0557 0.0369 17.1266 0.0078 16.2239 0.0211 15.8552 0.0073
246.858501 -72.960116 14 0.983 15.027999999999999 0.0144 14.717 0.0093 14.4979 0.006999999999999999 14.4366 0.0063
246.200438 -73.070514 13 0.977 17.9776 0.0225 17.2859 0.0158 16.7198 0.0126 16.468 0.0237
246.12273399999998 -73.022723 11 0.981 16.102999999999998 0.0073 15.5719 0.0065 15.1959 0.0076 15.0559 0.0087
246.310273 -72.90151999999999 13 0.9790000000000001 17.6346 0.0092 17.1264 0.0132 16.7739 0.0202 16.6483 0.0195
246.837704 -72.944937 16 0.9840000000000001 14.7582 0.0092 14.2743 0.0075 13.9106 0.0053 13.7543 0.0053
246.762862 -72.91686999999999 17 0.981 16.221 0.0204 15.886 0.0068 15.6138 0.0051 15.5214 0.0075
246.876112 -72.972761 14 0.981 15.6626 0.0093 15.3502 0.0349 15.154000000000002 0.0132 15.0567 0.0221
246.11187200000003 -73.00053 11 0.978 17.1594 0.0453 16.4805 0.0255 15.9327 0.008 15.7015 0.0072
246.619795 -72.891976 17 0.98 16.0878 0.012 15.8349 0.0064 15.6601 0.0082 15.6221 0.0056
246.644673 -72.89433000000001 18 0.971 16.9061 0.0133 16.5394 0.0079 16.192999999999998 0.0057 16.0887 0.0198
246.498454 -73.113892 12 0.973 17.953 0.0221 17.4884 0.0227 17.0391 0.0106 16.8206 0.0216
246.445694 -73.112899 17 0.981 16.4518 0.0062 16.0468 0.0386 15.7511 0.0056 15.6706 0.0093
246.27833199999998 -72.906072 23 0.982 15.4848 0.0067 15.2402 0.0067 15.0785 0.0061 15.0538 0.0077
246.11125099999998 -72.987881 8 0.9670000000000001 17.768 0.0303 17.3109 0.0208 17.0101 0.0095 16.8189 0.0888
246.437758 -72.886994 10 0.95 17.6946 0.0343 17.4341 0.017 17.195 0.0103 17.039 0.0132
246.355686 -72.89347 2 0.973 16.3077 0.0113 15.9997 0.0131 nan nan nan nan
246.141277 -72.953949 8 0.986 16.2525 0.0124 15.7958 0.0154 15.4662 0.0063 15.3181 0.0063
246.344844 -72.894702 16 0.99 11.8353 0.0092 11.2587 0.0074 10.8481 0.0105 10.6419 0.0075
246.88737799999998 -73.019705 7 0.9620000000000001 17.8802 0.0332 nan nan 17.3657 0.0108 17.2889 0.0115
246.359025 -73.10785 6 0.953 18.0793 0.011000000000000001 17.7392 0.0215 17.4447 0.0195 17.357 0.0122
246.31600899999998 -73.102364 16 0.976 17.5355 0.0127 17.0259 0.0075 16.8157 0.0068 16.7408 0.013000000000000001
246.435544 -73.114042 14 0.977 16.4039 0.0188 16.0637 0.0181 15.8317 0.006 15.7075 0.0091
246.111681 -72.978436 6 0.972 17.1209 0.0161 16.6531 0.0167 16.2295 0.0147 16.0809 0.0099
246.700227 -72.900364 11 0.965 nan nan 17.5233 0.0148 16.9476 0.011000000000000001 16.6851 0.009000000000000001
246.126079 -72.962556 7 0.9740000000000001 17.676 0.0293 17.3248 0.0294 17.1697 0.0096 17.0943 0.0274
246.197935 -73.075132 17 0.9740000000000001 16.8185 0.0121 16.3382 0.0168 15.9265 0.0125 15.7297 0.016
246.895392 -73.00802900000001 10 0.9690000000000001 17.0432 0.0086 nan nan 16.6027 0.0066 16.5238 0.0061
246.789733 -72.92110500000001 11 0.976 16.7398 0.0425 16.4645 0.0088 16.1997 0.0082 16.0858 0.0076
246.744601 -72.908817 20 0.982 15.982000000000001 0.0163 15.4547 0.0174 15.0691 0.0086 14.9088 0.0063
246.509167 -73.11627 16 0.968 17.5807 0.0536 17.2435 0.0121 17.0617 0.0231 17.0092 0.0225
246.401344 -73.11290699999999 14 0.978 16.6929 0.0152 16.5426 0.0074 16.282 0.0169 16.2692 0.019
246.733585 -73.094668 16 0.9690000000000001 17.3611 0.0174 17.0857 0.035 16.8185 0.006 16.7705 0.0166
246.871442 -72.956914 16 0.988 13.5355 0.0078 13.2622 0.0074 13.1023 0.0053 13.0577 0.0053
246.145083 -72.945126 10 0.982 15.1001 0.0105 14.7647 0.0105 14.5706 0.0061 14.5025 0.0065
246.33441299999998 -73.10729599999999 23 0.9940000000000001 13.4511 0.0053 12.7627 0.0083 12.2367 0.0053 11.9886 0.0052
246.432308 -73.116049 15 0.9790000000000001 16.527 0.0076 16.194000000000003 0.0129 15.9983 0.0098 15.9474 0.0065
246.541492 -72.88288 12 0.9590000000000001 nan nan 17.6576 0.0133 17.1257 0.0094 16.8878 0.0221
246.48647000000003 -73.117707 10 0.9670000000000001 nan nan 17.7262 0.0123 17.314 0.0141 17.0718 0.0321
246.328462 -72.89349399999999 13 0.956 17.4905 0.0961 16.783 0.0217 16.3092 0.0186 16.0434 0.0194
246.83487999999997 -72.934648 12 0.981 16.3702 0.016 15.7131 0.0172 15.2812 0.0053 15.0776 0.0063
246.13704199999998 -73.05175 11 0.975 16.3131 0.0086 16.0213 0.0078 15.8236 0.0085 15.7803 0.0071
246.57647999999998 -73.116189 18 0.982 15.8009 0.0247 15.2465 0.0159 14.8708 0.0196 14.7593 0.0116
246.38234300000002 -72.886821 10 0.9540000000000001 16.9763 0.009000000000000001 16.5881 0.0129 16.3159 0.0094 16.2308 0.0517
246.87737400000003 -73.043592 17 0.9740000000000001 16.4466 0.0172 16.1416 0.0179 15.9349 0.0195 15.8877 0.0272
246.392361 -72.88534200000001 13 0.983 14.6725 0.0093 14.0891 0.0062 13.6925 0.0074 13.5046 0.0062
246.551277 -73.118288 14 0.963 17.5804 0.0934 17.0424 0.0208 16.7334 0.0159 16.594 0.0262
246.68555600000002 -73.10629399999999 27 0.982 15.5151 0.0087 15.2865 0.0084 15.1218 0.0048 15.0774 0.0046
246.80129399999998 -73.080979 11 0.971 17.7332 0.0142 17.2993 0.0137 17.0245 0.013999999999999999 16.9383 0.0467
246.635087 -73.113054 19 0.973 16.7696 0.013999999999999999 16.3622 0.0106 16.1573 0.0064 16.0658 0.0102
246.114572 -72.959929 8 0.9640000000000001 17.7667 0.0209 17.651 0.0381 17.378 0.0126 17.2593 0.0399
246.54505600000002 -73.11925699999999 19 0.977 16.8749 0.0355 16.5551 0.0116 16.2458 0.0073 16.1442 0.0095
246.120106 -73.045847 13 0.98 16.4334 0.0087 16.2161 0.0246 16.0116 0.0072 15.9794 0.0069
246.37165299999998 -72.885922 11 0.981 16.0176 0.012 15.5825 0.0173 15.2887 0.0082 15.196 0.0156
246.15996099999998 -73.068118 13 0.981 15.649000000000001 0.0074 15.2852 0.0075 15.0654 0.0074 15.0111 0.0112
246.08832999999998 -72.99552299999999 6 0.981 16.5614 0.0131 16.0254 0.0097 15.6807 0.0434 15.4979 0.024
246.91251499999998 -73.00273299999999 13 0.983 15.6048 0.0069 nan nan 14.9897 0.0071 14.8947 0.0054
246.263348 -72.901258 11 0.971 17.8207 0.0209 17.4728 0.0174 17.2243 0.0081 17.1304 0.0219
246.14314 -73.06212099999999 9 0.963 17.5502 0.1078 17.4105 0.0191 17.1222 0.0094 17.0014 0.0082
246.502381 -73.121321 19 0.9740000000000001 16.4932 0.0264 16.1531 0.0071 15.9809 0.0054 15.9298 0.0104
246.08512000000002 -72.996261 10 0.981 15.9879 0.0132 15.3986 0.0089 15.0354 0.0126 14.9184 0.0232
246.85907000000003 -73.061904 15 0.9740000000000001 16.9873 0.0151 16.3875 0.0123 16.0422 0.0082 15.8971 0.0059
246.80598500000002 -72.91749 15 0.981 15.9539 0.0392 15.5281 0.0111 15.1867 0.0047 15.0331 0.0061
246.61144900000002 -72.882566 12 0.955 17.7509 0.0184 17.2615 0.0179 17.1052 0.0104 17.0383 0.04
246.50949500000002 -73.12220699999999 21 0.966 16.8465 0.0409 16.475 0.0265 16.3296 0.0327 16.2139 0.0289
246.690614 -72.891278 21 0.99 15.825 0.0239 15.3444 0.0109 14.9813 0.0054 14.8154 0.008
246.29266600000003 -73.106387 21 0.981 15.8648 0.019 15.5553 0.009000000000000001 15.3469 0.0068 15.2945 0.0057
246.380333 -73.11752800000001 8 0.9570000000000001 18.0554 0.0213 17.4717 0.0201 17.1448 0.0422 16.9787 0.0095
246.183092 -72.919668 8 0.965 17.5667 0.0806 17.3728 0.0116 17.1334 0.0075 17.1277 0.009000000000000001
246.589164 -73.120092 19 0.968 16.7062 0.0098 16.2742 0.0246 16.0183 0.009000000000000001 15.8969 0.018000000000000002
246.22491499999998 -73.093272 20 0.976 16.5219 0.0119 16.1963 0.0117 15.9858 0.0076 15.9014 0.0078
246.776728 -73.092875 11 0.9590000000000001 17.2288 0.0156 16.8406 0.0182 16.5917 0.0058 16.4428 0.0062
246.211786 -73.09002199999999 13 0.975 17.5127 0.024 17.0322 0.0213 16.7269 0.0075 16.6583 0.0113
246.867535 -72.93981600000001 24 0.983 14.3903 0.0054 14.0012 0.0061 13.7823 0.0054 13.7053 0.0047
246.081344 -72.983734 10 0.976 16.2215 0.0144 15.9369 0.012 15.7439 0.0192 15.6782 0.0084
246.92246 -73.008422 20 0.997 nan nan nan nan 11.9595 0.0053 11.9458 0.0047
246.92383700000002 -72.999863 8 0.9740000000000001 nan nan nan nan 16.8056 0.0307 16.3613 0.0184
246.16112400000003 -72.92582 19 0.983 15.2295 0.0081 14.987 0.008 14.8506 0.0066 14.8138 0.0145
246.07629300000002 -73.00522099999999 13 0.9620000000000001 16.8422 0.0091 16.5203 0.013000000000000001 16.3465 0.0074 16.24 0.0136
246.920668 -73.01895999999999 6 0.955 nan nan nan nan 16.612000000000002 0.0162 16.5836 0.0224
246.084971 -73.027847 12 0.977 17.2013 0.0468 16.8996 0.0222 16.6686 0.0076 16.5737 0.0123
246.895393 -72.954086 10 0.9590000000000001 17.1392 0.0117 16.7321 0.0358 16.5862 0.0111 16.5113 0.0073
246.889745 -73.050741 23 0.983 14.8451 0.0115 14.3708 0.0064 14.0296 0.0053 13.8794 0.0048
246.76981600000002 -72.903449 26 0.983 14.8625 0.0124 14.5524 0.0134 14.3569 0.0049 14.2796 0.005
246.21561200000002 -72.906937 15 0.977 17.915 0.0568 17.0253 0.0231 15.8718 0.0094 15.4289 0.0099
246.44689100000002 -72.87592 14 0.9690000000000001 17.2911 0.013000000000000001 16.9368 0.0228 16.6144 0.0099 16.4804 0.0104
246.82496 -73.08192 11 0.965 17.2841 0.0417 16.8906 0.0445 16.7162 0.0193 16.649 0.0108
246.167836 -73.079461 7 0.9690000000000001 17.8412 0.0355 17.583 0.0117 17.0892 0.0112 16.93 0.0188
246.171057 -73.080721 12 0.971 16.6427 0.0088 16.4218 0.0293 16.1849 0.0092 16.1114 0.0067
246.21754199999998 -73.094601 13 0.973 17.8292 0.0955 17.2623 0.0156 16.5392 0.013000000000000001 16.2718 0.0087
246.10968799999998 -72.948222 10 0.983 13.8496 0.0623 13.5789 0.0826 13.3675 0.0339 13.3383 0.0391
246.37920899999997 -72.879189 16 0.983 14.8556 0.0061 14.6 0.0074 14.4287 0.0074 14.3851 0.0079
246.48321800000002 -72.873987 16 0.98 16.5034 0.0116 16.0507 0.0087 15.7358 0.0062 15.5688 0.0064
246.577667 -73.12414100000001 18 0.982 16.2303 0.0069 15.4884 0.0153 14.9336 0.0181 14.6828 0.0069
246.92948399999997 -73.014235 9 0.977 nan nan nan nan 15.5581 0.0222 15.4201 0.013999999999999999
246.13352700000002 -72.933256 13 0.978 17.1722 0.0203 16.3795 0.0085 15.7242 0.0252 15.4565 0.0126
246.822081 -72.915662 8 0.965 nan nan nan nan 17.3617 0.0116 16.8279 0.0098
246.928926 -73.01835600000001 9 0.972 nan nan nan nan 16.2272 0.0084 16.1014 0.0122
246.703802 -73.112206 18 0.9540000000000001 17.0866 0.0113 16.8751 0.0156 16.6777 0.027000000000000003 16.5788 0.0071
246.61586699999998 -73.1225 14 0.9620000000000001 17.6225 0.0124 17.2432 0.021 17.0965 0.0308 17.0719 0.0428
246.864437 -72.930918 13 0.973 17.7499 0.0165 17.0863 0.0159 16.7028 0.025 16.4785 0.0067
246.174239 -73.084692 17 0.981 15.7512 0.0229 15.789000000000001 0.0082 15.8452 0.0064 15.8623 0.0094
246.254691 -72.89497800000001 15 0.977 17.1527 0.0466 16.7261 0.03 16.4124 0.0068 16.3066 0.0148
246.896668 -72.947874 12 0.983 16.5274 0.0133 15.6294 0.0121 14.0887 0.0076 13.5003 0.0053
246.432415 -73.125801 16 0.983 15.9467 0.02 15.1065 0.0064 14.4805 0.0053 14.202 0.0071
246.08152400000003 -73.037824 26 0.983 14.8085 0.0095 14.6037 0.0084 14.4629 0.0053 14.4454 0.0067
246.092646 -73.047262 16 0.97 16.680999999999997 0.0431 16.2426 0.0114 15.9377 0.0066 15.8056 0.0051
246.068025 -72.97901 6 0.9790000000000001 16.3751 0.013999999999999999 15.9066 0.0113 15.5319 0.0239 15.3631 0.0079
246.30255499999998 -72.88472800000001 7 0.975 nan nan nan nan 17.2351 0.0231 16.7416 0.0123
246.811992 -72.908626 14 0.978 16.9641 0.0305 16.5725 0.012 16.1971 0.0137 16.0272 0.0099
246.068433 -73.029229 13 0.983 16.0389 0.0072 15.4845 0.0077 15.0839 0.0068 14.9411 0.0105
246.222638 -72.899245 15 0.973 16.8223 0.0095 16.4663 0.0081 16.1361 0.0071 16.0518 0.0201
246.22458500000002 -73.101714 18 0.977 16.9054 0.0291 16.6529 0.0227 16.4057 0.0111 16.335 0.0108
246.89691499999998 -72.942546 16 0.977 16.7539 0.0072 16.0772 0.0065 15.6424 0.008 15.4477 0.0054
246.33687400000002 -72.879186 16 0.973 16.6259 0.027999999999999997 16.3659 0.008 16.1981 0.0059 16.173 0.006999999999999999
246.17505 -73.089205 19 0.985 14.3311 0.023 13.7971 0.0109 13.4178 0.0099 13.2469 0.0079
246.945758 -72.999447 6 0.9640000000000001 nan nan nan nan 16.3686 0.0103 16.2215 0.009000000000000001
246.10970299999997 -72.93732299999999 18 0.982 15.4704 0.0075 15.1589 0.0062 14.9318 0.0061 14.8676 0.0081
246.35252799999998 -72.87695 8 0.971 17.9141 0.0406 17.2382 0.0132 17.0445 0.0116 16.9174 0.0086
246.82877599999998 -73.088534 11 0.956 17.736 0.0216 17.3327 0.0144 17.0096 0.0077 16.9429 0.0105
246.804789 -73.09595999999999 14 0.971 17.3585 0.0159 16.8301 0.0187 16.4774 0.0144 16.3003 0.0112
246.16078599999997 -73.085548 18 0.9840000000000001 14.6597 0.008 14.2882 0.0074 14.0532 0.0061 13.9829 0.0055
246.79944500000002 -72.90304300000001 20 0.986 14.2787 0.0074 13.8622 0.0096 13.6008 0.0047 13.4974 0.0047
246.88477999999998 -72.932822 11 0.9620000000000001 17.9021 0.0471 17.2889 0.0161 17.0929 0.0103 17.011 0.0286
246.904563 -73.057237 16 0.98 17.0418 0.0548 16.6446 0.008 16.342 0.0098 16.2922 0.0175
246.051955 -72.98973000000001 8 0.9690000000000001 17.7672 0.0309 17.428 0.016 17.1543 0.0098 17.0241 0.0197
246.08262799999997 -72.951581 8 0.9620000000000001 18.0918 0.0554 17.5729 0.0237 17.3085 0.018000000000000002 17.1961 0.0176
246.07727999999997 -72.95557 7 0.976 17.6898 0.027999999999999997 16.893 0.0124 16.405 0.0126 16.1798 0.0105
246.342385 -72.876749 10 0.9790000000000001 17.1841 0.0085 16.8853 0.0382 16.6382 0.0083 16.5498 0.0074
246.462591 -72.868638 19 0.982 15.7414 0.0195 15.4245 0.0065 15.2073 0.0058 15.1484 0.0067
246.68742999999998 -72.879774 18 0.9640000000000001 16.8468 0.0109 16.574 0.0268 16.366 0.0155 16.3039 0.0223
246.17013599999999 -72.90950500000001 13 0.982 15.9963 0.0079 15.5896 0.0078 15.3102 0.0063 15.229000000000001 0.0085
246.106702 -73.06656600000001 15 0.978 16.5149 0.033 16.0595 0.0081 15.7709 0.0069 15.6469 0.0067
246.050838 -72.981435 6 0.98 16.1701 0.0162 15.6796 0.0109 15.3862 0.0209 15.2804 0.027999999999999997
246.92187400000003 -72.951449 12 0.987 15.1682 0.0114 14.6329 0.0125 14.2379 0.0053 14.0528 0.0053
246.158631 -73.088059 11 0.973 16.4425 0.006999999999999999 16.5347 0.02 16.5753 0.008 16.5888 0.0273
246.57697799999997 -72.86898000000001 16 0.972 16.7421 0.0289 16.3355 0.0146 16.0243 0.0144 15.9361 0.0143
246.85199900000003 -73.08465799999999 15 0.976 17.0801 0.0497 16.7403 0.013000000000000001 16.5397 0.0079 16.4999 0.0251
246.366973 -72.872665 9 0.972 16.9488 0.0649 16.4404 0.0095 16.0979 0.0166 15.9674 0.0206
246.38968799999998 -73.129272 14 0.975 16.5513 0.0092 16.224 0.0157 16.024 0.0072 15.9801 0.0083
246.90495299999998 -72.93928199999999 16 0.981 15.7832 0.008 15.3951 0.0126 15.0972 0.0054 14.9914 0.005
246.54430299999999 -72.867207 16 0.966 17.3315 0.0168 17.0261 0.0189 16.8266 0.0072 16.8132 0.011000000000000001
246.285721 -73.118127 14 0.9690000000000001 17.7913 0.0151 17.0852 0.0142 16.5542 0.011000000000000001 16.3456 0.0111
246.89852799999997 -72.934929 16 0.978 16.287 0.0246 15.8419 0.0159 15.5275 0.009000000000000001 15.4102 0.0087
246.372827 -72.871645 10 0.968 16.5012 0.0087 16.2398 0.0073 16.0555 0.0205 16.0184 0.0342
246.24365699999998 -73.110863 17 0.976 16.8243 0.0272 16.4242 0.0107 16.1022 0.0074 15.9933 0.0073
246.732023 -73.115641 30 0.99 12.4584 0.0053 12.2256 0.0071 12.0757 0.0047 12.0369 0.0043
246.568327 -72.86713 22 0.985 14.5102 0.0068 14.0775 0.0053 13.7888 0.0073 13.6663 0.0063
246.89303199999998 -73.070226 12 0.9670000000000001 nan nan 16.7739 0.0113 16.5531 0.0112 16.5005 0.0079
246.110559 -73.072113 14 0.98 17.1643 0.03 16.8654 0.0127 16.6272 0.0127 16.5383 0.0074
246.137207 -72.916475 20 0.9940000000000001 12.1048 0.0073 11.9434 0.0061 11.8781 0.0061 11.8852 0.0053
246.586077 -72.866822 16 0.977 16.6796 0.0115 16.3464 0.0074 16.0691 0.0134 16.0231 0.0104
246.62036099999997 -73.131029 13 0.953 18.276 0.0511 17.4514 0.0214 16.9842 0.0193 16.7322 0.0199
246.236645 -72.888358 15 0.978 16.7138 0.0288 16.4213 0.0074 16.1301 0.0126 16.0481 0.0205
246.81305099999997 -73.100817 15 0.972 16.7324 0.0118 16.4155 0.0083 16.2389 0.0108 16.1578 0.006
246.357657 -73.129674 9 0.978 17.1413 0.0174 16.7867 0.0102 16.5035 0.0105 16.4627 0.0103
246.383566 -73.131901 15 0.983 16.6265 0.0131 15.8299 0.0162 15.0523 0.0063 14.7596 0.0083
246.87828 -73.07987299999999 8 0.983 nan nan nan nan 14.9202 0.0054 14.7295 0.0095
246.598696 -72.866863 14 0.976 17.449 0.0357 16.8803 0.0097 16.4631 0.0301 16.3525 0.0087
246.35069500000003 -72.870935 11 0.978 16.9684 0.0131 16.7174 0.0087 16.4999 0.0067 16.4447 0.0124
246.806092 -72.896923 21 0.986 14.163 0.0074 13.5826 0.0066 13.1308 0.0047 12.9253 0.0048
246.06099300000002 -73.048597 15 0.981 16.2996 0.0075 15.8744 0.0074 15.5495 0.0073 15.4136 0.0121
246.24734500000002 -73.115942 17 0.971 17.3312 0.042 16.7574 0.025 16.4069 0.0125 16.2589 0.0089
246.041008 -73.031255 5 0.953 nan nan 17.7298 0.0207 17.6322 0.0104 17.5923 0.0117
246.954165 -72.963208 11 0.956 17.4393 0.0208 16.6773 0.015 16.2036 0.026000000000000002 16.0145 0.0324
246.40823199999997 -73.13534200000001 6 0.9540000000000001 nan nan 17.9691 0.0265 17.4353 0.0136 17.2459 0.0101
246.494525 -72.86199 28 0.986 13.3969 0.0064 12.7989 0.0047 12.370999999999999 0.0053 12.174000000000001 0.0047
246.06033399999998 -72.950189 8 0.981 15.9584 0.0117 15.5255 0.0105 15.1354 0.0102 14.9637 0.0074
246.034396 -72.97677 8 0.978 16.0696 0.0147 15.7976 0.0259 15.5911 0.0121 15.517999999999999 0.0097
246.939427 -72.949063 11 0.9640000000000001 17.5029 0.0189 17.0544 0.0531 16.9137 0.0147 16.7639 0.0252
246.84318900000002 -73.095855 20 0.966 16.9678 0.0249 16.6308 0.0075 16.3208 0.0095 16.1805 0.0293
246.03800499999997 -72.96939499999999 10 0.987 13.5409 0.0105 13.2887 0.0105 13.1372 0.0061 13.1012 0.0061
246.21716600000002 -73.111685 10 0.958 17.8843 0.1064 17.711 0.0382 17.5722 0.0079 17.5646 0.0094
246.452542 -72.86188299999999 22 0.9840000000000001 14.2916 0.0116 14.0181 0.0053 13.8221 0.0062 13.7641 0.0086
246.785095 -73.1115 14 0.9670000000000001 17.3037 0.0148 17.035 0.0448 16.7955 0.0229 16.7435 0.0244
246.83147799999998 -72.90049499999999 18 0.9790000000000001 16.2871 0.0109 15.9224 0.0122 15.6836 0.0061 15.5803 0.0062
246.043731 -73.04029399999999 8 0.968 nan nan 17.6279 0.0523 16.9725 0.0065 16.7003 0.0141
246.36623799999998 -73.13379 15 0.9840000000000001 14.5661 0.0115 13.8668 0.0053 13.3358 0.0062 13.0865 0.0053
246.670329 -73.13024399999999 23 0.983 14.3469 0.0067 14.148 0.0063 14.0468 0.0058 14.0423 0.0047
246.272141 -72.877634 11 0.9670000000000001 18.0339 0.022000000000000002 17.4376 0.0116 17.0135 0.0068 16.8138 0.0108
246.121115 -73.085864 10 0.971 17.7968 0.1147 17.3503 0.0177 17.0034 0.0121 16.8977 0.018000000000000002
246.25155299999997 -73.11977399999999 19 0.982 15.9352 0.0074 15.3241 0.0085 14.8651 0.005 14.6794 0.0084
246.028046 -73.024457 11 0.9690000000000001 17.4804 0.0521 17.1055 0.0093 16.8515 0.0202 16.7761 0.0141
246.68176 -73.12966800000001 14 0.9620000000000001 17.137999999999998 0.0219 16.7308 0.0108 16.5213 0.0059 16.4197 0.0069
246.524333 -72.86010300000001 9 0.976 nan nan 17.4735 0.0558 16.6721 0.0083 16.3728 0.0208
246.02075499999998 -73.00160799999999 23 0.983 15.1041 0.0066 14.7595 0.0053 14.5557 0.0062 14.5018 0.006999999999999999
246.929731 -72.938067 8 0.956 18.1491 0.0304 17.902 0.057 17.5101 0.0235 17.4012 0.0088
246.88795499999998 -72.91761600000001 18 0.982 16.0045 0.0124 15.639000000000001 0.0061 15.3273 0.0063 15.2265 0.0068
246.41539300000002 -73.138374 7 0.956 nan nan 17.6423 0.0843 17.3338 0.0092 17.1762 0.0098
246.876038 -73.088167 7 0.973 nan nan nan nan 16.834 0.0068 16.7098 0.0138
246.755041 -72.880711 27 0.983 14.6081 0.0091 14.35 0.0081 14.2023 0.0047 14.1625 0.0051
246.812104 -72.89286899999999 15 0.982 16.2009 0.0122 15.5273 0.0097 15.0395 0.0049 14.8421 0.0087
246.816069 -73.106651 16 0.98 16.3817 0.0069 15.9705 0.0147 15.7274 0.0051 15.658 0.0086
246.18006 -72.894726 12 0.98 16.5637 0.0128 16.2538 0.0092 16.0477 0.0127 15.9915 0.0148
246.056329 -72.943555 7 0.966 18.0037 0.0551 17.7532 0.0296 17.4457 0.0079 17.4275 0.0138
246.70056499999998 -73.129287 17 0.9690000000000001 17.4126 0.0433 17.102999999999998 0.0278 16.8891 0.0069 16.7775 0.0096
246.038769 -73.045955 7 0.955 nan nan 17.9073 0.0518 17.5182 0.0075 17.3035 0.0398
246.655161 -72.86502 17 0.973 16.6333 0.0133 16.234 0.0121 15.9695 0.0102 15.8485 0.0074
246.636023 -73.136922 9 0.955 17.9833 0.0221 17.7683 0.0194 17.5241 0.006999999999999999 17.4929 0.0406
246.055717 -73.060121 17 0.981 16.1907 0.0335 15.7925 0.0085 15.498 0.019 15.374 0.0216
246.83283799999998 -73.105207 12 0.9670000000000001 17.8946 0.0151 17.5369 0.0847 17.2806 0.0082 17.177 0.0241
246.62579700000003 -72.86167900000001 16 0.981 15.7472 0.0061 15.442 0.0136 15.2338 0.0491 15.2106 0.0249
246.09609 -72.919234 12 0.968 17.9064 0.0918 17.6098 0.0538 17.2779 0.0206 17.1375 0.0157
246.79201899999998 -72.88510500000001 14 0.976 17.1796 0.0126 16.9556 0.0091 16.7249 0.0119 16.6449 0.0059
246.79602999999997 -73.114512 14 0.9740000000000001 17.0909 0.0149 16.7894 0.0093 16.5672 0.0132 16.4815 0.0125
246.073677 -72.92899399999999 11 0.9790000000000001 16.954 0.0111 16.175 0.0078 15.6468 0.0074 15.4068 0.0062
246.23608900000002 -72.87882900000001 10 0.96 18.0283 0.0572 17.7247 0.0225 17.4053 0.0301 17.3671 0.0118
246.930642 -72.930904 24 0.9840000000000001 13.9357 0.0068 13.6811 0.0053 13.5075 0.0053 13.4705 0.0047
246.966265 -73.046656 8 0.955 nan nan nan nan 16.6756 0.0082 16.5411 0.0079
246.312623 -73.13320999999999 9 0.953 nan nan 17.7753 0.069 17.4627 0.0117 17.3618 0.03
246.12313999999998 -72.907619 26 0.996 12.2657 0.0098 12.0916 0.0056 12.0021 0.0053 12.0044 0.0052
246.46715600000002 -72.856268 10 0.9740000000000001 16.8771 0.0371 16.625 0.0111 16.333 0.0219 16.2922 0.0267
246.855482 -73.100484 19 0.978 16.098 0.0068 15.7781 0.0139 15.5892 0.0062 15.5295 0.0048
246.706297 -72.868943 16 0.956 17.1932 0.0217 16.8666 0.0276 16.6147 0.0099 16.5761 0.021
246.53316600000002 -72.85538000000001 6 0.9540000000000001 nan nan nan nan 17.0052 0.0088 16.6949 0.011000000000000001
246.139378 -72.900638 12 0.9790000000000001 16.9396 0.0248 16.6337 0.0418 16.4097 0.0064 16.3427 0.0101
246.99483700000002 -73.01581999999999 2 0.955 nan nan nan nan 16.5346 0.0121 16.3668 0.0712
246.00794199999999 -72.978911 8 0.982 15.5784 0.0109 15.2299 0.011000000000000001 14.9755 0.0074 14.9023 0.0089
246.613571 -73.141774 14 0.963 17.5445 0.1069 16.980999999999998 0.0269 16.5351 0.0105 16.3695 0.0077
246.669898 -72.862864 10 0.968 nan nan 18.1617 0.0458 16.8278 0.0131 16.3725 0.0136
246.905302 -72.915225 15 0.97 17.0541 0.0156 16.6541 0.0121 16.4418 0.011000000000000001 16.4063 0.0085
246.768829 -72.877144 22 0.983 15.3408 0.0188 14.9542 0.027999999999999997 14.7127 0.0061 14.6327 0.0185
246.61947 -73.141974 16 0.96 16.9982 0.0339 16.5924 0.0238 16.3579 0.0138 16.2733 0.0113
246.968208 -73.05239300000001 20 0.9840000000000001 14.2409 0.0083 nan nan 13.7501 0.0053 13.6953 0.0047
246.77421299999997 -72.877379 9 0.9670000000000001 16.9388 0.0211 16.4622 0.0344 16.1528 0.0126 16.0089 0.0085
246.78291600000003 -72.879052 4 0.953 nan nan nan nan 17.7971 0.0102 17.7417 0.0393
246.996536 -73.02183199999999 9 0.998 nan nan nan nan nan nan nan nan
246.161884 -73.108767 14 0.975 16.4808 0.0184 16.1033 0.0193 15.8625 0.0094 15.8095 0.006999999999999999
246.070906 -72.923767 13 0.972 17.1335 0.02 16.7876 0.0591 16.4337 0.0106 16.3456 0.0147
246.197291 -72.882384 14 0.9990000000000001 11.4019 0.0074 10.9311 0.0098 10.6039 0.0105 10.4295 0.0105
246.05200699999997 -73.068185 14 0.9740000000000001 17.6807 0.0631 17.1198 0.0407 16.7768 0.0121 16.6469 0.0072
246.99472000000003 -72.971423 14 0.982 15.3866 0.008 15.0421 0.0075 14.800999999999998 0.0053 14.7302 0.0063
246.035038 -72.94303199999999 7 0.958 17.3108 0.0184 16.8217 0.0202 16.401 0.0095 16.2297 0.0074
246.55566299999998 -73.146878 7 0.968 nan nan nan nan 16.7146 0.0166 16.1858 0.0121
246.33297400000004 -73.139538 24 0.983 14.8391 0.0107 14.377 0.0087 14.0462 0.0053 13.9085 0.0047
246.89539700000003 -72.908321 10 0.956 17.7814 0.0174 17.4265 0.0099 17.1053 0.0144 17.0011 0.0085
246.175426 -72.886741 9 0.9740000000000001 17.6264 0.0169 17.1134 0.0508 16.8574 0.0082 16.7599 0.0304
246.09166000000002 -72.912898 14 0.9740000000000001 17.1135 0.0485 16.8561 0.0218 16.6441 0.0063 16.6003 0.0113
246.352792 -72.858335 9 0.978 16.0043 0.01 15.6412 0.0061 15.4387 0.0112 15.390999999999998 0.0079
246.838627 -73.110663 17 0.98 17.7648 0.0224 17.0819 0.0281 16.4379 0.0073 16.1911 0.0088
246.23206000000002 -73.126102 17 0.9790000000000001 17.0888 0.0084 16.8056 0.0082 16.5477 0.0066 16.4858 0.0187
247.00758100000002 -73.002496 8 0.976 nan nan nan nan 15.7382 0.0209 15.6584 0.0093
246.594677 -73.145921 21 0.982 15.7593 0.0122 15.5155 0.0071 15.3385 0.0099 15.2904 0.0063
246.56690899999998 -72.852766 9 0.975 16.5368 0.0099 16.2104 0.0076 15.9259 0.0122 15.8073 0.0279
246.46123799999998 -72.851745 7 0.976 17.5042 0.0184 17.1861 0.0308 16.9133 0.0467 16.7942 0.012
246.50026699999998 -72.85129599999999 14 0.977 16.5288 0.0073 16.2881 0.0145 16.0867 0.0116 16.0162 0.022000000000000002
246.98087 -73.04937199999999 15 0.982 15.4761 0.0057 nan nan 14.6869 0.0061 14.5497 0.0051
246.792252 -72.878158 13 0.978 17.4558 0.02 16.5329 0.0203 15.9101 0.0063 15.6319 0.0057
246.313842 -73.13883100000001 9 0.9590000000000001 17.9258 0.0414 17.6185 0.063 17.3556 0.0097 17.2294 0.0094
246.04374199999998 -72.932813 10 0.972 17.6659 0.0194 17.2413 0.0132 17.0846 0.0071 17.0092 0.0248
245.99463500000002 -73.02521899999999 14 0.973 17.0336 0.0664 16.6177 0.0131 16.2297 0.0096 16.0878 0.0103
246.93822200000002 -72.92280500000001 9 0.955 nan nan 17.6305 0.0509 17.1561 0.0117 16.951 0.0076
246.450755 -72.85010600000001 16 0.983 15.0996 0.0122 15.0183 0.0066 14.9672 0.0192 14.9628 0.0245
246.57677200000003 -72.85033 12 0.9690000000000001 16.5932 0.0111 16.3381 0.0087 16.0869 0.0148 16.0237 0.025
246.97846600000003 -73.058908 12 0.9740000000000001 17.6458 0.0166 17.0962 0.0343 16.7359 0.0122 16.5661 0.0075
246.152947 -73.112903 15 0.98 16.3364 0.0143 15.8395 0.0081 15.4686 0.0054 15.3066 0.0065
246.168914 -72.883122 12 0.9740000000000001 17.2579 0.0255 17.0186 0.0133 16.7716 0.01 16.7099 0.0079
246.05970200000002 -73.081312 7 0.9690000000000001 nan nan 17.8575 0.0337 17.3431 0.0192 17.0969 0.0098
247.01996699999998 -73.003188 6 0.965 nan nan nan nan 17.1932 0.0094 17.0627 0.0236
246.773796 -72.87091600000001 29 0.993 12.9525 0.0061 12.4715 0.0066 12.1225 0.0047 11.9733 0.0043
246.725923 -72.863098 25 0.982 15.5521 0.0093 15.3144 0.0057 15.2001 0.0076 15.1636 0.0071
246.597728 -73.14968 16 0.9740000000000001 17.1287 0.0382 16.7655 0.0146 16.5331 0.0266 16.4636 0.0305
245.98118 -72.985295 14 0.9840000000000001 14.5788 0.0079 14.0587 0.0092 13.6265 0.0061 13.4401 0.0061
246.411652 -72.849753 10 0.9790000000000001 16.4575 0.0248 16.0631 0.0241 15.7709 0.009000000000000001 15.6563 0.0088
246.797228 -72.874512 15 0.9790000000000001 16.7595 0.0174 16.0635 0.0114 15.472999999999999 0.0094 15.248 0.0064
246.393276 -72.85028 5 0.9570000000000001 nan nan 17.5208 0.0324 17.1265 0.0357 16.9413 0.0126
246.814443 -72.877667 12 0.971 17.4547 0.0144 17.1192 0.0316 16.8787 0.0167 16.7941 0.0072
247.019873 -73.020312 6 0.982 nan nan nan nan 15.0347 0.0105 14.9954 0.0248
246.78088599999998 -73.12960799999999 15 0.98 16.9504 0.0129 16.4153 0.0094 16.0365 0.0105 15.8712 0.006
246.261121 -73.136813 21 0.981 15.8552 0.0081 15.5257 0.0069 15.3032 0.0075 15.2342 0.0051
246.918754 -72.907718 10 0.9690000000000001 nan nan 17.6029 0.0211 16.4795 0.0065 16.02 0.0152
247.01877799999997 -73.02504300000001 5 0.978 nan nan nan nan 15.7229 0.0067 15.558 0.0169
246.829526 -72.88035500000001 15 0.978 16.6171 0.0179 16.2585 0.0133 16.011 0.0158 15.9628 0.0053
246.182088 -73.123644 15 0.976 16.6451 0.0253 16.2069 0.0078 15.847000000000001 0.0067 15.7274 0.011000000000000001
246.33092599999998 -73.14648199999999 16 0.9570000000000001 16.6835 0.0205 16.378 0.0202 16.1864 0.0148 16.131 0.0116
246.45693300000002 -73.154104 13 0.978 17.0496 0.0123 16.7073 0.0242 16.4807 0.0081 16.4209 0.0064
246.54018 -73.154224 32 0.991 13.9462 0.0062 13.7422 0.0057 13.6335 0.0047 13.6133 0.0043
246.91917 -72.905823 17 0.961 16.935 0.0183 16.5636 0.0267 16.2961 0.0242 16.1991 0.0125
247.027211 -73.016919 10 0.9840000000000001 nan nan nan nan 13.5594 0.0061 13.3545 0.0089
246.19181 -72.874038 12 0.9690000000000001 17.5171 0.012 17.0201 0.0338 16.590999999999998 0.0123 16.4779 0.017
246.041302 -72.922336 8 0.975 nan nan 17.5549 0.0152 16.7354 0.0122 16.4025 0.0091
246.27525699999998 -72.859391 7 0.956 17.8126 0.0268 17.3493 0.0486 16.9502 0.0158 16.791 0.0387
245.99515 -73.049035 10 0.9570000000000001 17.1642 0.04 16.8394 0.035 16.6111 0.0352 16.4893 0.0149
246.88510499999998 -73.10742900000001 14 0.9690000000000001 17.6358 0.0477 17.1928 0.012 16.9744 0.0081 16.8742 0.0173
246.065438 -73.089938 12 0.973 17.3553 0.0394 17.0075 0.0145 16.8549 0.0289 16.7565 0.0124
246.23187400000003 -72.865837 24 0.985 15.0289 0.0063 14.7325 0.0099 14.539000000000001 0.0061 14.4993 0.0047
246.03989500000003 -73.078797 16 0.966 16.7625 0.02 16.3779 0.0306 16.2401 0.0313 16.1527 0.0294
246.87063999999998 -73.112351 30 0.983 14.8517 0.0094 14.5505 0.0065 14.3396 0.0065 14.2786 0.0059
245.97423500000002 -73.026924 16 0.981 16.1469 0.0103 15.8418 0.0087 15.6357 0.0095 15.5469 0.0054
246.997853 -73.056686 12 0.978 18.1739 0.0383 17.1573 0.0507 16.2026 0.0163 15.8426 0.0076
246.329454 -72.85208100000001 8 0.961 17.1575 0.0366 16.7525 0.0126 16.5095 0.0088 16.4877 0.0287
246.93993199999997 -72.911849 13 0.977 17.874000000000002 0.0278 17.1106 0.0156 16.5288 0.0059 16.2212 0.0068
246.24533399999999 -73.137499 7 0.965 nan nan nan nan 17.6053 0.0081 17.2703 0.0412
245.983002 -72.960693 7 0.9540000000000001 18.0776 0.0342 17.612000000000002 0.0188 17.2892 0.0208 17.1243 0.0266
245.991032 -73.048986 15 0.9670000000000001 17.5923 0.0354 16.8634 0.0131 16.250999999999998 0.0154 15.9144 0.0169
246.176663 -73.12495899999999 14 0.9690000000000001 17.845 0.0201 17.01 0.0207 16.2772 0.0104 15.9792 0.0139
246.947092 -73.086656 3 1.0 nan nan nan nan nan nan nan nan
247.02197 -73.03564300000001 5 0.972 nan nan nan nan 16.416 0.0087 16.3743 0.0418
246.201833 -73.130287 14 0.961 17.980999999999998 0.0683 17.5929 0.0238 17.2375 0.0259 17.0987 0.0208
246.213259 -73.132458 8 0.9670000000000001 nan nan 18.0854 0.0154 17.5466 0.0315 17.3237 0.0141
246.330055 -73.1489 11 0.97 17.392 0.0236 16.8307 0.0155 16.5373 0.0058 16.4073 0.0117
246.066904 -73.093124 21 0.982 15.76 0.0127 15.2869 0.0073 14.9494 0.0049 14.8189 0.0094
246.284872 -72.856339 4 0.95 nan nan nan nan 17.4682 0.05 17.1386 0.0276
245.964594 -73.012292 22 0.985 14.7492 0.0062 14.3857 0.0092 14.1308 0.0066 14.062000000000001 0.0076
246.412569 -72.84490500000001 17 0.983 14.3596 0.0077 14.1167 0.0074 13.9533 0.0176 13.9013 0.0061
246.1821 -73.127092 23 0.982 15.4078 0.0075 15.1075 0.0064 14.9051 0.0054 14.8468 0.0079
246.236047 -72.862912 14 0.982 16.6391 0.0169 16.1545 0.0189 15.8313 0.0079 15.7287 0.0102
246.041525 -72.917855 14 0.9670000000000001 17.4219 0.0111 17.0412 0.0371 16.8665 0.0085 16.7617 0.0482
247.037219 -72.988908 14 0.977 16.3018 0.013999999999999999 15.8668 0.0078 15.4942 0.0119 15.3444 0.0169
246.290305 -73.14556800000001 15 0.973 17.4777 0.0561 17.2048 0.0088 17.0146 0.022000000000000002 17.0091 0.0392
246.025975 -72.924516 6 0.955 nan nan nan nan 16.9444 0.0108 16.4493 0.0219
246.983107 -72.929463 17 0.973 16.8637 0.0112 16.4008 0.028999999999999998 16.0439 0.006 15.9095 0.0055
246.04290299999997 -73.085048 12 0.971 17.7646 0.034 17.3279 0.0346 17.1563 0.0094 17.0924 0.025
247.04007000000001 -73.010111 8 0.956 nan nan nan nan 17.155 0.0147 16.8569 0.0318
247.04019 -72.991465 9 0.9690000000000001 16.8849 0.0398 nan nan 16.2431 0.0246 16.0988 0.013000000000000001
246.05574 -73.091252 22 0.9790000000000001 16.0436 0.0127 15.8349 0.0184 15.6934 0.006 15.6701 0.0139
245.97069100000002 -73.03479200000001 10 0.968 18.0027 0.0823 17.6216 0.0189 17.4254 0.0129 17.3376 0.0108
246.104584 -73.109086 16 0.9790000000000001 16.4317 0.0146 15.8777 0.0067 15.5308 0.0055 15.3763 0.0062
246.182492 -72.87151 13 0.977 16.3551 0.0265 16.0681 0.0103 15.9006 0.0074 15.8443 0.0068
246.832116 -73.125887 14 1.0 12.2357 0.0207 11.3018 0.0224 9.9573 0.0219 nan nan
246.92948199999998 -73.097914 18 0.983 nan nan nan nan 14.8063 0.0069 14.7792 0.0049
246.84848 -73.12253 22 0.9840000000000001 15.6298 0.012 15.3677 0.0051 15.2089 0.0081 15.1702 0.0224
