ra dec ngood class_star g_psf e_g_psf r_psf e_r_psf i_psf e_i_psf z_psf e_z_psf
286.997537 -64.498749 10 0.983 nan nan 17.7635 0.0487 16.2786 0.0131 15.6811 0.0061
287.008461 -64.498571 25 0.9840000000000001 14.8638 0.0076 14.6034 0.0055 14.4646 0.0069 14.4417 0.0051
286.99186000000003 -64.505719 2 0.978 nan nan nan nan 18.5452 0.0196 18.3189 0.0291
286.9878 -64.504676 14 0.983 17.2918 0.027999999999999997 17.0065 0.0264 16.8644 0.0079 16.8427 0.012
287.004303 -64.50715699999999 2 0.965 nan nan nan nan 18.7622 0.0141 18.631 0.0212
286.973503 -64.495035 12 0.982 17.8369 0.038 17.4844 0.0134 17.3176 0.0401 17.2997 0.0247
286.983017 -64.510898 21 0.995 12.6826 0.0053 12.0121 0.0053 11.6111 0.0074 11.4239 0.0061
286.96882400000004 -64.502976 12 0.982 17.8265 0.0331 17.4854 0.0446 17.1551 0.0143 17.0519 0.0119
286.99762799999996 -64.51371400000001 2 0.9670000000000001 nan nan nan nan 18.6288 0.0179 18.6973 0.0206
287.009778 -64.513131 17 0.987 17.2751 0.0453 16.3505 0.0164 15.5551 0.0216 15.2374 0.0079
286.969169 -64.490712 1 0.982 nan nan nan nan 17.7717 0.0189 nan nan
286.96833300000003 -64.489903 17 0.983 17.1314 0.0109 16.934 0.017 16.7201 0.015 16.672 0.0248
286.963782 -64.493089 16 0.983 16.1312 0.0108 15.7784 0.01 15.582 0.0064 15.5156 0.0088
287.015133 -64.483013 4 0.981 nan nan nan nan 18.1991 0.0128 18.1057 0.0153
287.029912 -64.513364 4 0.976 nan nan nan nan 18.3795 0.0626 18.179000000000002 0.0795
287.046018 -64.499685 14 0.985 17.6937 0.040999999999999995 17.2698 0.0218 16.9579 0.0068 16.836 0.0083
287.027276 -64.517651 6 0.98 nan nan nan nan 17.9284 0.0083 17.4043 0.0156
286.952754 -64.509264 13 0.983 nan nan 17.4376 0.0512 16.79 0.0064 16.5278 0.0061
286.948716 -64.504351 8 0.985 nan nan 17.6464 0.017 17.4612 0.0285 17.3541 0.0131
286.969436 -64.518713 8 0.983 nan nan 17.8171 0.0147 17.1668 0.0827 16.7657 0.015
287.001635 -64.522909 22 0.985 15.0774 0.0094 14.6802 0.0053 14.437000000000001 0.0062 14.334000000000001 0.0063
286.97572599999995 -64.478941 25 0.996 14.338 0.0097 13.9067 0.0111 13.613 0.0126 13.5056 0.0113
286.95799700000003 -64.515862 12 0.982 17.5247 0.0264 17.408 0.0099 17.2066 0.0069 17.1602 0.0092
287.005704 -64.475965 10 0.983 nan nan 17.63 0.0146 17.0358 0.0179 16.7967 0.0172
286.969447 -64.521563 15 0.9840000000000001 16.6907 0.0193 16.3933 0.0093 16.1205 0.0065 16.0532 0.0068
287.01754500000004 -64.524509 4 0.978 nan nan nan nan 18.315 0.0106 18.1919 0.0188
286.955331 -64.482907 11 0.983 nan nan nan nan 17.1129 0.0103 16.5667 0.0078
286.933342 -64.499443 15 0.986 17.2511 0.0388 16.9989 0.0261 16.7465 0.0098 16.6312 0.0201
287.066737 -64.49953599999999 19 0.986 15.120999999999999 0.0068 14.627 0.0064 14.3204 0.0053 14.195 0.0063
287.021013 -64.471812 4 0.9670000000000001 nan nan nan nan 18.7765 0.0189 18.2757 0.0307
286.985273 -64.470252 2 0.958 nan nan nan nan 18.8687 0.0184 18.6908 0.0223
286.933996 -64.484377 4 0.972 nan nan nan nan 18.2721 0.0217 18.308 0.0092
286.960216 -64.528494 14 0.985 17.9249 0.0291 16.9106 0.0102 16.0698 0.0171 15.7334 0.0123
287.000863 -64.533283 4 0.9790000000000001 nan nan nan nan 17.9796 0.0122 17.838 0.0702
287.011459 -64.534267 4 0.97 nan nan nan nan 18.6748 0.0086 18.5793 0.0308
287.030815 -64.467732 6 0.981 nan nan 17.7688 0.0402 17.7167 0.0226 17.7016 0.0288
287.02475899999996 -64.533473 4 0.983 nan nan nan nan 18.0551 0.013999999999999999 18.0684 0.0512
286.95912200000004 -64.531185 2 0.98 nan nan nan nan 18.1631 0.011000000000000001 17.9764 0.0163
287.040721 -64.468742 4 0.953 nan nan nan nan 18.7182 0.031 18.2535 0.021
287.068179 -64.479276 15 0.985 16.708 0.0164 16.3206 0.0159 16.1024 0.0053 16.0179 0.0061
287.078349 -64.487367 5 0.981 nan nan nan nan 18.0117 0.0095 17.86 0.043
286.93528 -64.52287199999999 4 0.976 nan nan nan nan 18.24 0.0191 18.1654 0.0222
287.065335 -64.522803 5 0.98 nan nan 18.0419 0.0508 17.9443 0.0076 17.8953 0.0109
286.961507 -64.467098 10 0.982 17.8586 0.0435 17.8176 0.0567 17.5836 0.0067 17.5093 0.026000000000000002
287.034085 -64.46570600000001 12 0.985 nan nan 17.2739 0.0324 16.9426 0.0099 16.76 0.0134
287.06575499999997 -64.52467299999999 10 0.9840000000000001 nan nan 17.3074 0.0247 16.547 0.0065 16.2581 0.0083
286.90840499999996 -64.50076899999999 4 0.958 nan nan nan nan 18.873 0.0178 18.6534 0.0283
287.051314 -64.53321 4 0.98 nan nan nan nan 17.9758 0.0093 17.9461 0.0305
287.041295 -64.53605400000001 18 0.9890000000000001 16.7274 0.009000000000000001 16.1933 0.0263 15.9029 0.0073 15.7728 0.0095
286.984794 -64.539672 2 0.978 nan nan nan nan 18.6576 0.0112 18.1356 0.0135
287.042799 -64.464182 4 0.973 nan nan nan nan 18.616 0.0137 18.5954 0.0486
286.989583 -64.540216 16 0.983 16.7299 0.027000000000000003 16.4559 0.0333 16.2726 0.0245 16.2146 0.0083
286.906884 -64.49439100000001 7 0.981 nan nan nan nan 17.8468 0.0096 17.2641 0.0133
287.06071000000003 -64.468858 12 0.982 17.7616 0.0281 17.4352 0.0706 17.2248 0.0145 17.1707 0.0128
287.084992 -64.480805 8 0.981 nan nan 17.854 0.0378 17.3884 0.0153 17.1392 0.0074
287.009484 -64.457397 2 0.9640000000000001 nan nan nan nan 18.9873 0.0134 18.3875 0.0428
286.900783 -64.504587 6 0.981 nan nan nan nan 17.79 0.017 17.4103 0.0236
287.051731 -64.463013 17 0.983 16.6634 0.0089 16.3562 0.0249 16.2109 0.0061 16.1573 0.0099
286.948081 -64.53710799999999 16 0.993 15.5458 0.0071 15.0475 0.0082 14.7295 0.006 14.6243 0.0063
287.08689 -64.477165 4 0.976 nan nan nan nan 18.2901 0.0304 18.3063 0.0168
287.010196 -64.456231 2 0.96 nan nan nan nan 18.8459 0.0119 18.3294 0.0113
287.030507 -64.542112 4 0.972 nan nan nan nan 18.6467 0.0126 18.4001 0.0694
286.900886 -64.48751 4 0.977 nan nan nan nan 18.0953 0.0154 18.1186 0.0117
286.898277 -64.49000600000001 4 0.978 nan nan nan nan 18.0796 0.0392 18.005 0.01
286.980091 -64.455664 16 0.9840000000000001 16.3259 0.0109 15.8082 0.0144 15.5059 0.0071 15.3605 0.0068
286.895105 -64.50505 4 0.9790000000000001 nan nan nan nan 18.3661 0.012 18.3473 0.0307
287.102096 -64.48843000000001 4 0.9590000000000001 nan nan nan nan 18.9568 0.0196 19.0318 0.0594
287.055583 -64.53868100000001 15 0.983 16.7953 0.0142 16.4263 0.0167 16.2646 0.0103 16.2257 0.0081
286.948586 -64.460249 4 0.977 nan nan nan nan 18.1714 0.0127 18.1273 0.0124
286.92227 -64.468013 4 0.977 nan nan nan nan 18.4774 0.0095 18.0213 0.0252
286.96909 -64.544629 2 0.968 nan nan nan nan 18.6619 0.0149 18.5119 0.0131
287.092818 -64.4759 6 0.98 nan nan 18.0437 0.0645 17.7305 0.0074 17.737000000000002 0.0155
286.952466 -64.457637 5 0.981 nan nan nan nan 17.9422 0.0087 17.4555 0.0084
287.093388 -64.524691 15 0.9890000000000001 16.598 0.0106 15.8121 0.0084 15.2493 0.0065 15.02 0.0071
287.002088 -64.452795 2 0.961 nan nan nan nan 18.8058 0.015 18.3399 0.0119
287.09700899999996 -64.52321500000001 13 0.983 17.7536 0.0469 17.4475 0.0177 17.1633 0.0174 17.1008 0.0113
286.892402 -64.51205999999999 6 0.96 nan nan nan nan 17.8353 0.0305 17.6172 0.0202
286.952397 -64.54338 8 0.98 nan nan nan nan 17.1955 0.0332 16.8775 0.0193
287.112313 -64.503855 19 0.987 16.2915 0.0191 15.8073 0.0059 15.5458 0.0074 15.439 0.0059
287.067264 -64.538969 4 0.956 nan nan nan nan 18.8429 0.01 18.7726 0.0276
287.010935 -64.548425 8 0.982 nan nan nan nan 17.5235 0.0079 17.08 0.0201
287.102234 -64.521497 4 0.968 nan nan nan nan 18.5777 0.0247 18.5292 0.0491
286.916944 -64.53394200000001 5 0.98 nan nan 17.9094 0.0481 17.7865 0.0104 17.6792 0.0311
286.89145299999996 -64.519543 18 0.985 17.4996 0.0475 16.5897 0.026000000000000002 15.8192 0.0058 15.517000000000001 0.0074
286.8853 -64.51348 11 0.982 17.736 0.0467 17.4406 0.0656 17.2769 0.0083 17.2341 0.0184
286.894731 -64.476099 4 0.973 nan nan nan nan 18.5627 0.0298 18.2723 0.0276
287.079258 -64.461453 4 0.9790000000000001 nan nan nan nan 18.1452 0.0167 18.0981 0.0102
287.021838 -64.550632 25 0.987 15.4513 0.0083 15.0462 0.0065 14.7892 0.0112 14.7215 0.0048
286.88244 -64.489653 14 0.983 16.9883 0.0343 16.7186 0.0095 16.53 0.0157 16.4719 0.0119
287.006232 -64.55184 2 0.98 nan nan nan nan 17.9802 0.0121 17.9417 0.0129
287.100659 -64.528853 4 0.961 nan nan nan nan 18.7046 0.0162 18.457 0.0211
287.090499 -64.46494799999999 9 0.983 nan nan 17.5792 0.0352 16.5431 0.0065 16.1166 0.0117
286.88059 -64.512443 13 0.983 16.725 0.0153 16.4505 0.0147 16.2414 0.0181 16.2326 0.016
287.015905 -64.552536 18 0.9840000000000001 16.4367 0.0168 16.0694 0.0055 15.8211 0.0094 15.7382 0.005
287.091672 -64.535464 4 0.9790000000000001 nan nan nan nan 18.2574 0.0245 18.1736 0.0403
287.10168500000003 -64.53026899999999 12 0.982 17.7281 0.0729 17.5091 0.0105 17.2724 0.0085 17.2219 0.0085
286.950878 -64.548978 17 0.983 16.8891 0.0093 16.547 0.0087 16.3666 0.0083 16.2854 0.0118
286.91900499999997 -64.540684 4 0.963 nan nan nan nan 18.6797 0.0272 18.4698 0.0438
286.878098 -64.511464 14 0.983 16.5724 0.0157 16.2416 0.0143 16.0471 0.0093 16.0205 0.0126
286.875517 -64.505033 6 0.982 nan nan 17.8028 0.0592 17.5347 0.021 17.5649 0.07
286.888403 -64.47545799999999 4 0.955 nan nan nan nan 18.905 0.0318 18.4915 0.0118
286.886318 -64.522889 11 0.983 nan nan 17.3301 0.0342 16.9353 0.0067 16.7818 0.0088
286.878432 -64.48670899999999 4 0.965 nan nan nan nan 19.0077 0.027000000000000003 18.2831 0.0538
287.125966 -64.50466 4 0.9590000000000001 nan nan nan nan 18.9265 0.0136 18.8827 0.0621
286.89936800000004 -64.53334100000001 4 0.95 nan nan nan nan 18.9781 0.0282 18.6404 0.0183
286.997274 -64.554709 14 0.983 17.3288 0.0218 17.1386 0.0252 17.0048 0.0079 16.9359 0.0156
287.12681499999997 -64.494647 8 0.982 nan nan 18.1188 0.0277 17.5586 0.0131 17.3671 0.0131
287.09162200000003 -64.538676 15 0.983 17.1022 0.0368 16.8626 0.013999999999999999 16.6905 0.0058 16.646 0.0097
287.097252 -64.46342299999999 18 0.995 15.6302 0.0127 15.2315 0.0111 14.9628 0.0066 14.8495 0.0074
287.057275 -64.54995500000001 14 0.9940000000000001 15.5441 0.0081 15.0552 0.0067 14.7447 0.0071 14.6171 0.0072
286.966773 -64.553854 16 0.9990000000000001 16.8901 0.0098 16.0297 0.009000000000000001 15.0448 0.0055 14.6334 0.0089
286.881039 -64.476279 8 0.99 nan nan 17.4882 0.0206 17.5281 0.0071 17.4607 0.0521
286.868843 -64.49573000000001 7 0.98 17.8876 0.0397 17.6875 0.0633 17.5021 0.0118 17.4875 0.024
286.877258 -64.479079 18 0.9890000000000001 15.6306 0.0064 15.3569 0.0091 15.2025 0.0089 15.1725 0.0058
286.88926000000004 -64.531207 9 0.982 nan nan 17.7249 0.0761 17.6519 0.0078 17.6218 0.009000000000000001
286.938975 -64.550636 5 0.9620000000000001 nan nan nan nan 17.947 0.1147 18.1382 0.0175
286.971504 -64.443675 2 0.9640000000000001 nan nan nan nan 18.867 0.0149 18.6004 0.0336
287.131414 -64.511798 4 0.973 nan nan nan nan 18.6834 0.0142 18.3934 0.0142
287.069907 -64.45054 4 0.966 nan nan nan nan 18.8279 0.0164 18.2938 0.0209
286.921629 -64.547688 21 0.99 14.1836 0.0066 13.8355 0.0062 13.6479 0.0067 13.5991 0.0072
287.133164 -64.48884699999999 10 0.982 nan nan 17.8123 0.0162 17.4974 0.0232 17.4184 0.0144
286.866623 -64.488037 2 0.977 nan nan nan nan 18.1531 0.0105 17.9175 0.0144
286.871164 -64.519178 2 0.971 nan nan nan nan 18.3764 0.012 18.1487 0.0177
286.969595 -64.559032 2 0.958 nan nan nan nan 18.9745 0.0283 18.705 0.0252
287.002166 -64.56048299999999 16 0.987 16.6779 0.0555 16.2884 0.0079 15.9895 0.0219 15.9265 0.009000000000000001
287.116452 -64.465807 7 0.981 nan nan nan nan 17.4805 0.0098 17.1627 0.0153
287.117888 -64.533394 4 0.9740000000000001 nan nan nan nan 18.5741 0.0151 18.3249 0.0494
287.113015 -64.536412 8 0.981 nan nan nan nan 17.655 0.0109 17.2792 0.0295
286.859818 -64.508925 2 0.973 nan nan nan nan 18.2373 0.0121 18.1075 0.0147
286.868668 -64.523371 2 0.977 nan nan nan nan 18.2055 0.011000000000000001 18.2153 0.0106
286.857867 -64.498174 2 0.978 nan nan nan nan 18.0239 0.011000000000000001 17.9335 0.0107
287.136545 -64.519263 24 0.995 15.4118 0.0084 14.9977 0.0054 14.7626 0.0047 14.68 0.0088
287.032975 -64.439689 13 0.983 17.5576 0.0982 17.2984 0.0705 17.1734 0.0074 17.1387 0.0165
287.05715699999996 -64.55700999999999 4 0.98 nan nan nan nan 18.2264 0.0095 18.1463 0.0732
286.918293 -64.551357 4 0.968 nan nan nan nan 18.762999999999998 0.0354 18.3758 0.0353
286.90081499999997 -64.545466 7 0.982 nan nan nan nan 17.8099 0.0153 17.447 0.0111
287.119242 -64.464626 16 0.986 17.327 0.0327 16.8082 0.0091 16.5593 0.0062 16.435 0.0072
286.86922999999996 -64.52700300000001 9 0.982 17.6681 0.0198 17.3718 0.0693 17.0722 0.0214 16.9793 0.0138
286.86124700000005 -64.481562 12 0.982 17.4029 0.0221 17.2281 0.061 17.03 0.0223 16.9867 0.0357
286.918321 -64.44795500000001 4 0.977 nan nan nan nan 18.4426 0.025 18.2215 0.0195
287.065067 -64.443715 4 0.978 nan nan nan nan 18.1848 0.0085 18.1828 0.0538
286.95726099999996 -64.560142 2 0.9740000000000001 nan nan nan nan 18.5097 0.0115 18.3129 0.0237
287.040906 -64.560452 26 0.9990000000000001 13.9252 0.0113 13.4853 0.0053 13.2235 0.0049 13.1249 0.0043
287.108236 -64.542575 16 0.985 16.7915 0.0154 16.359 0.0076 16.2232 0.006 16.1718 0.0175
287.11298700000003 -64.540318 4 0.981 nan nan nan nan 17.8643 0.0179 17.758 0.0396
286.854983 -64.490236 2 0.977 nan nan nan nan 18.155 0.0234 17.9882 0.022000000000000002
287.146222 -64.493897 4 0.975 nan nan nan nan 18.2499 0.0084 18.1131 0.0138
286.876936 -64.46544399999999 19 0.986 15.1053 0.0064 14.812999999999999 0.0062 14.6194 0.0115 14.5933 0.0063
286.927981 -64.444599 4 0.963 nan nan nan nan 18.8132 0.0088 18.6172 0.0411
286.979323 -64.43704699999999 14 0.983 17.4443 0.0139 17.1804 0.0268 16.9919 0.0124 16.9388 0.0155
287.139275 -64.478225 15 0.9840000000000001 17.3809 0.0561 17.0343 0.0103 16.7259 0.0131 16.6284 0.0061
286.979752 -64.56367 16 0.983 16.4494 0.025 15.9649 0.0078 15.6674 0.0067 15.5397 0.0058
286.869126 -64.468689 6 0.983 nan nan 17.7463 0.0472 17.2455 0.009000000000000001 17.0186 0.0073
287.150418 -64.499966 17 0.983 16.8634 0.0402 16.5553 0.0077 16.3829 0.0097 16.3577 0.0112
286.991594 -64.565139 16 0.982 17.4619 0.0259 17.2487 0.0192 17.0755 0.0442 16.9855 0.0366
287.11193399999996 -64.455814 4 0.9520000000000001 nan nan nan nan 19.0791 0.0811 18.8228 0.0294
286.959016 -64.563097 2 0.978 nan nan nan nan 18.3348 0.0155 18.3259 0.0252
287.040566 -64.436815 7 0.982 nan nan nan nan 17.7438 0.0202 17.4305 0.0127
287.032936 -64.564551 15 0.988 17.5905 0.1101 17.3482 0.0484 17.1432 0.0142 17.0521 0.0073
287.149444 -64.484514 4 0.972 nan nan nan nan 18.8398 0.0095 18.3385 0.0418
286.945195 -64.562166 7 0.981 nan nan 17.9437 0.02 17.7378 0.0092 17.6329 0.0226
287.078845 -64.557477 19 0.992 14.6582 0.0159 14.229000000000001 0.0061 13.9174 0.0053 13.7791 0.0051
287.003783 -64.56707 2 0.9690000000000001 nan nan nan nan 18.5592 0.0124 18.4796 0.0162
287.128402 -64.53840500000001 4 0.9590000000000001 nan nan nan nan 18.9503 0.0236 18.349 0.0241
286.938734 -64.562381 4 0.975 nan nan nan nan 18.4898 0.0112 18.365 0.0107
287.1541 -64.485401 19 0.983 16.8954 0.0101 16.5517 0.0149 16.3762 0.013999999999999999 16.3201 0.0123
287.143436 -64.471509 12 0.983 17.8068 0.0222 17.5744 0.0241 17.3599 0.0083 17.2894 0.0185
286.842231 -64.493434 2 0.961 nan nan nan nan 18.5059 0.0149 18.1885 0.011000000000000001
287.058067 -64.436502 15 0.987 17.1335 0.0117 16.7768 0.022000000000000002 16.6092 0.0098 16.5757 0.0082
286.96524300000004 -64.432807 4 0.965 nan nan nan nan 18.6714 0.0108 18.5704 0.0273
287.085671 -64.441681 19 0.993 12.864 0.0061 12.6709 0.0061 12.5792 0.0074 12.5745 0.0047
286.852758 -64.471075 6 0.982 nan nan 17.7246 0.1232 17.5912 0.015 17.55 0.01
287.153816 -64.477923 4 0.976 nan nan nan nan 18.2306 0.0252 18.1136 0.0329
287.079672 -64.439066 18 0.9990000000000001 13.7617 0.0093 13.455 0.0073 13.2841 0.0062 13.22 0.0052
287.16251800000003 -64.50139399999999 4 0.958 nan nan nan nan 18.8817 0.0405 18.5487 0.0441
286.967574 -64.431416 4 0.982 nan nan 17.8808 0.0319 17.9382 0.0105 17.8104 0.0147
286.94401400000004 -64.434088 4 0.98 nan nan nan nan 18.1592 0.0192 18.0335 0.0206
287.148934 -64.529744 4 0.9620000000000001 nan nan nan nan 19.072 0.0191 18.8722 0.0251
287.041559 -64.431407 9 0.983 nan nan 17.686 0.0127 17.0006 0.006999999999999999 16.6832 0.0061
286.858813 -64.536764 2 0.955 nan nan nan nan 18.6136 0.0167 18.5269 0.022000000000000002
287.130833 -64.456742 27 0.985 15.1608 0.0053 14.8467 0.008 14.6535 0.0049 14.5858 0.0064
287.079456 -64.437682 18 0.991 13.5514 0.013000000000000001 13.2408 0.0062 13.0894 0.0072 13.0322 0.005
286.901483 -64.55711600000001 20 0.998 14.7829 0.0085 14.3208 0.0093 14.0333 0.0053 13.9153 0.0069
287.015386 -64.428842 23 0.983 15.4504 0.0085 15.0866 0.0053 14.8763 0.0092 14.8083 0.0058
287.045291 -64.56932900000001 8 0.9840000000000001 nan nan nan nan 17.483 0.0173 17.1555 0.0107
286.968253 -64.570735 5 0.978 nan nan 17.8127 0.0133 17.7528 0.0104 17.6837 0.0161
286.858014 -64.539213 4 0.98 nan nan nan nan 17.5292 0.0317 17.3017 0.0196
287.07030499999996 -64.566254 6 0.982 nan nan nan nan 17.6813 0.0277 17.5347 0.0144
287.063203 -64.567725 4 0.9940000000000001 nan nan nan nan 18.0472 0.0077 18.0855 0.0545
287.05104 -64.56965799999999 4 0.971 nan nan nan nan 18.7791 0.0098 18.2083 0.0191
287.02162999999996 -64.42726400000001 4 0.9640000000000001 nan nan nan nan 18.7967 0.028999999999999998 18.4929 0.0449
287.091795 -64.438005 14 0.985 16.4956 0.0197 16.1557 0.0206 15.9281 0.0057 15.8632 0.0056
287.048764 -64.429294 25 0.998 14.5715 0.0062 14.3589 0.0053 14.2436 0.0048 14.2245 0.0057
287.060276 -64.430943 13 0.982 17.5382 0.098 17.1747 0.0173 16.964000000000002 0.0095 16.923 0.0109
286.866379 -64.546645 4 0.9790000000000001 nan nan nan nan 17.9153 0.0534 17.82 0.0532
287.11285699999996 -64.444186 4 0.97 nan nan nan nan 18.8547 0.0261 18.7461 0.0194
286.82676000000004 -64.508044 24 0.9840000000000001 14.4498 0.0091 14.209000000000001 0.0071 14.0704 0.0053 14.0539 0.0047
287.000025 -64.42496 16 0.983 16.4501 0.0079 16.1315 0.0059 15.9756 0.0128 15.877 0.0081
286.91771600000004 -64.56644399999999 4 0.977 nan nan nan nan 18.2133 0.0105 18.1165 0.0213
287.162983 -64.52781800000001 4 0.9670000000000001 nan nan nan nan 18.6753 0.0336 18.3307 0.0163
287.172007 -64.485512 4 0.982 nan nan nan nan 17.952 0.0105 17.9364 0.0433
287.131252 -64.449984 4 0.9640000000000001 nan nan nan nan 19.0363 0.0143 18.8914 0.0207
286.877427 -64.554069 4 0.98 nan nan nan nan 18.0444 0.0289 18.0206 0.0141
287.033693 -64.4257 4 0.977 nan nan nan nan 18.364 0.0207 18.0894 0.0715
287.128027 -64.5538 12 0.983 17.7887 0.0695 17.3758 0.031 17.2385 0.0095 17.2109 0.0165
287.171256 -64.5227 19 0.986 16.0375 0.0171 15.395999999999999 0.0062 14.9182 0.005 14.7163 0.0045
287.163504 -64.53177099999999 4 0.9690000000000001 nan nan nan nan 18.5142 0.0293 18.3281 0.0235
287.172894 -64.47849699999999 4 0.9590000000000001 nan nan nan nan 18.8991 0.0154 18.7057 0.0168
286.840555 -64.536218 2 0.973 nan nan nan nan 18.2898 0.0143 18.0401 0.0146
287.098629 -64.434997 4 0.9520000000000001 nan nan nan nan 18.8593 0.0519 18.7902 0.0507
287.1714 -64.47478000000001 4 0.971 nan nan nan nan 18.5694 0.0199 18.2435 0.0537
286.81874300000004 -64.496811 4 0.972 nan nan nan nan 18.528 0.0133 18.3002 0.0592
287.01871 -64.422252 10 0.982 nan nan 18.0552 0.0204 17.1881 0.0092 16.8221 0.0162
287.142441 -64.451435 23 0.991 15.599 0.0064 15.282 0.0053 15.0613 0.0053 15.0005 0.0065
287.07113599999997 -64.427762 4 0.961 nan nan nan nan 19.0036 0.0165 18.7463 0.0389
286.818317 -64.508219 11 0.982 17.8212 0.0547 17.6705 0.0321 17.3979 0.0113 17.3698 0.0144
286.82622299999997 -64.47453900000001 19 0.983 16.439 0.0299 15.8828 0.0078 15.4993 0.0074 15.3582 0.0053
287.148349 -64.452662 15 0.991 nan nan 16.9385 0.0171 15.3811 0.0049 14.7605 0.006
287.15184700000003 -64.545934 13 0.983 17.86 0.0127 17.4613 0.0278 17.2827 0.0097 17.1666 0.0133
286.90913900000004 -64.430121 7 0.981 nan nan 17.9687 0.0251 17.793 0.0522 17.7505 0.0076
286.961255 -64.421651 17 0.985 16.4807 0.0181 16.1475 0.0061 15.9964 0.0064 15.931 0.0104
286.99560299999996 -64.58023100000001 5 0.981 nan nan nan nan 17.9287 0.0509 17.4774 0.0127
287.12737200000004 -64.441446 4 0.95 nan nan nan nan 18.8883 0.0194 18.5283 0.0837
286.886963 -64.56392 19 0.998 16.0345 0.0066 15.6035 0.0152 15.3184 0.0062 15.2119 0.0086
286.842345 -64.543835 9 0.983 17.8133 0.0249 17.2635 0.0114 16.8616 0.0104 16.6801 0.0472
286.829472 -64.466445 2 0.9740000000000001 nan nan nan nan 18.2596 0.0105 17.9761 0.022000000000000002
287.145376 -64.551171 8 0.981 nan nan 17.7806 0.0369 17.5096 0.0338 17.3177 0.0095
286.825316 -64.469987 25 0.99 15.4371 0.0081 15.0971 0.0092 14.832 0.0064 14.7555 0.0046
286.812456 -64.50769 4 0.972 nan nan nan nan 18.4852 0.0089 18.4551 0.0458
287.188346 -64.50354399999999 4 0.966 nan nan nan nan 18.7067 0.0363 18.7495 0.0301
287.16809 -64.462947 6 0.981 nan nan nan nan 18.1092 0.0125 17.5566 0.0215
286.857691 -64.553586 12 0.983 16.686 0.0435 16.4262 0.0138 16.2287 0.0083 16.1914 0.0137
287.01696499999997 -64.418964 2 0.968 nan nan nan nan 18.7214 0.0105 18.7837 0.0374
286.836575 -64.459212 7 0.98 nan nan nan nan 17.5056 0.0117 17.2284 0.0416
286.815211 -64.481708 4 0.978 nan nan nan nan 18.1312 0.0118 18.0829 0.0093
286.864542 -64.557299 2 0.978 nan nan nan nan 18.0451 0.0139 17.8356 0.0124
286.81014300000004 -64.500198 27 0.988 14.7971 0.0125 14.501 0.0077 14.3214 0.0055 14.2907 0.0044
286.959909 -64.580347 23 0.997 14.8959 0.0068 14.5835 0.0054 14.4107 0.0053 14.3657 0.0075
286.808828 -64.49659399999999 7 0.9890000000000001 nan nan 17.8332 0.0469 17.6004 0.018000000000000002 17.5803 0.0104
287.126262 -64.561993 4 0.976 nan nan nan nan 18.1885 0.0135 17.7171 0.0157
287.051075 -64.579617 15 0.985 nan nan 17.3742 0.0316 16.9489 0.0182 16.7881 0.0183
287.007754 -64.582548 5 0.982 nan nan nan nan 17.9514 0.0185 17.8618 0.0081
286.874317 -64.437554 4 0.98 nan nan nan nan 17.7446 0.0131 17.5991 0.0325
286.809482 -64.511084 4 0.968 nan nan nan nan 18.5878 0.0173 18.1166 0.012
286.83898500000004 -64.454323 15 0.983 17.1418 0.0108 16.7027 0.0172 16.480999999999998 0.0102 16.4206 0.0125
286.86441 -64.559329 5 0.9790000000000001 nan nan 17.7809 0.0181 17.6755 0.0237 17.5284 0.069
286.834672 -64.543648 15 0.983 17.6349 0.0135 17.0963 0.0306 16.6873 0.0188 16.5461 0.016
286.913015 -64.574724 15 0.986 16.3525 0.021 15.9881 0.0302 15.7867 0.0081 15.7333 0.0081
287.089329 -64.425724 13 0.982 17.4417 0.0539 17.2269 0.0119 17.0877 0.0071 17.0378 0.0125
287.117031 -64.43324 4 0.963 nan nan nan nan 18.7248 0.015 18.596 0.0219
287.144044 -64.44383499999999 4 0.978 nan nan nan nan 18.4118 0.0123 18.0974 0.0183
287.194097 -64.509005 4 0.975 nan nan nan nan 18.4205 0.0099 18.4227 0.0238
287.127655 -64.563677 15 0.983 nan nan 17.3323 0.046 16.2824 0.0068 15.9063 0.0058
287.194723 -64.506736 4 0.972 nan nan nan nan 18.5682 0.0093 18.2407 0.008
287.19341299999996 -64.51321999999999 6 0.98 nan nan nan nan 18.0475 0.0305 17.4493 0.0181
287.187674 -64.524956 4 0.95 nan nan nan nan 19.0781 0.0204 19.024 0.0187
286.881635 -64.567807 9 0.983 nan nan 17.9009 0.0606 16.6955 0.0104 16.1989 0.021
287.156293 -64.551725 4 0.981 nan nan nan nan 18.0301 0.0184 17.9256 0.0327
286.804012 -64.510479 13 0.9840000000000001 nan nan 17.7327 0.039 16.3664 0.0095 15.8418 0.0064
287.10508799999997 -64.572172 4 0.975 nan nan nan nan 18.4128 0.0089 18.4006 0.0367
287.053548 -64.582167 4 0.972 nan nan nan nan 18.7193 0.0084 18.5983 0.0145
286.971444 -64.415363 2 0.981 nan nan nan nan 18.086 0.0156 17.9986 0.0155
287.07969199999997 -64.421213 1 0.975 nan nan nan nan 18.0028 0.0273 nan nan
286.908273 -64.423651 10 0.9840000000000001 nan nan 18.1301 0.0346 17.517 0.0188 17.2519 0.0264
287.166339 -64.547784 17 0.985 17.0829 0.0726 16.6526 0.0259 16.222 0.0092 16.064 0.0084
286.93993900000004 -64.417811 8 0.983 nan nan 17.6219 0.0167 17.4383 0.0082 17.3482 0.027000000000000003
286.85728900000004 -64.43960600000001 13 0.983 16.066 0.0106 15.6901 0.0121 15.4776 0.0065 15.3844 0.0069
287.164633 -64.549356 19 0.991 15.899000000000001 0.0165 15.4736 0.0066 15.2056 0.0085 15.1208 0.0052
287.07908 -64.420693 10 0.983 nan nan 18.0571 0.1106 16.8961 0.0112 16.3761 0.0196
286.826383 -64.543397 17 0.9840000000000001 17.0965 0.0268 16.7769 0.0308 16.6344 0.0283 16.6139 0.0098
287.09017 -64.57739699999999 6 0.995 nan nan nan nan 17.7261 0.0154 17.4739 0.033
286.823525 -64.541724 2 0.98 nan nan nan nan 17.8571 0.0115 17.7679 0.0241
286.800723 -64.512484 7 0.982 nan nan nan nan 17.4535 0.0112 17.1351 0.0179
287.012575 -64.413437 2 0.973 nan nan nan nan 18.2732 0.0125 18.3124 0.0227
287.147088 -64.440338 4 0.9570000000000001 nan nan nan nan 19.1291 0.0139 19.0186 0.0326
287.201594 -64.493134 4 0.975 nan nan nan nan 18.6968 0.0102 18.323 0.0178
286.952562 -64.41508 4 0.9520000000000001 nan nan nan nan 18.9851 0.0184 18.8926 0.0342
287.16700699999996 -64.450233 4 0.978 nan nan nan nan 18.2346 0.0155 17.9384 0.0133
286.895251 -64.423866 4 0.956 nan nan nan nan 19.0771 0.0181 18.8042 0.0104
287.157576 -64.557958 4 0.9740000000000001 nan nan nan nan 18.3515 0.0083 18.023 0.0097
286.80885 -64.465723 9 0.983 nan nan 17.8274 0.0744 17.5595 0.0124 17.4319 0.0083
286.804297 -64.529747 13 0.982 17.9564 0.061 17.5406 0.036000000000000004 17.3947 0.0075 17.3244 0.0091
286.989421 -64.410728 2 0.9690000000000001 nan nan nan nan 18.5689 0.0149 18.5176 0.0136
286.903175 -64.420751 4 0.9670000000000001 nan nan nan nan 18.7848 0.0161 18.0708 0.0211
287.123335 -64.427762 10 0.982 17.8515 0.0363 17.9345 0.0354 17.6461 0.0092 17.6304 0.0151
286.948027 -64.412754 15 0.983 17.1894 0.0125 16.9867 0.0186 16.8043 0.0231 16.8563 0.0428
286.951728 -64.587856 4 0.976 nan nan nan nan 18.2058 0.0133 17.7695 0.013000000000000001
286.920736 -64.583611 12 0.983 17.7024 0.0576 17.3492 0.0297 16.9907 0.0073 16.8584 0.0204
286.817515 -64.455167 26 0.996 14.7713 0.0055 14.4418 0.0055 14.2375 0.0047 14.1831 0.0043
287.205143 -64.479277 4 0.9620000000000001 nan nan nan nan 18.8901 0.0167 18.7884 0.0164
287.194563 -64.46476899999999 26 0.993 13.4592 0.0053 13.2122 0.0053 13.0973 0.0068 13.0872 0.0053
287.12945099999996 -64.42819399999999 4 0.963 nan nan nan nan 18.8102 0.0086 18.5978 0.0438
287.208061 -64.483921 19 0.983 16.3634 0.0202 15.9838 0.0183 15.7001 0.006999999999999999 15.5988 0.0047
287.184838 -64.45535 17 0.991 16.1389 0.009000000000000001 15.7893 0.0061 15.6021 0.0066 15.5546 0.0098
286.844835 -64.562395 4 0.981 nan nan nan nan 17.8709 0.0647 17.6101 0.0641
286.949126 -64.411085 4 0.9790000000000001 nan nan nan nan 18.1423 0.0094 18.123 0.0593
287.100363 -64.41919200000001 4 0.951 nan nan nan nan 18.9016 0.0322 18.7177 0.0177
286.90769700000004 -64.583187 5 0.98 nan nan 18.101 0.0297 18.034000000000002 0.0155 17.9579 0.0092
287.06397400000003 -64.588103 19 0.9890000000000001 15.8535 0.0072 15.505999999999998 0.006999999999999999 15.3326 0.0055 15.2819 0.0143
287.191246 -64.54184000000001 4 0.976 nan nan nan nan 18.3147 0.0086 18.2164 0.0104
287.033836 -64.591171 4 0.958 nan nan nan nan 18.8473 0.0105 18.5249 0.115
287.156589 -64.56334 4 0.972 nan nan nan nan 18.588 0.0249 18.2768 0.0554
287.177546 -64.552114 5 0.981 nan nan nan nan 17.8553 0.0152 17.5391 0.0169
286.873226 -64.574774 4 0.98 nan nan nan nan 18.0595 0.009000000000000001 17.861 0.0162
287.175208 -64.445576 5 0.978 nan nan 18.1795 0.0426 18.2327 0.0108 18.1799 0.0088
286.840466 -64.437151 2 0.972 nan nan nan nan 18.4019 0.0105 18.2644 0.0126
287.204181 -64.53157 4 0.961 nan nan nan nan 18.7846 0.0595 18.116 0.0185
287.048138 -64.408855 4 0.98 nan nan nan nan 18.1759 0.0142 17.8309 0.0098
286.805936 -64.542309 10 0.983 nan nan 17.6365 0.0236 17.1022 0.011000000000000001 16.9323 0.0069
287.15013999999996 -64.56831600000001 16 0.983 17.5487 0.0118 17.2239 0.0167 16.967 0.0099 16.8526 0.0186
286.90164100000004 -64.416073 5 0.972 nan nan nan nan 18.4671 0.0233 17.8735 0.0153
287.197425 -64.540462 8 0.981 nan nan 17.924 0.0239 17.8997 0.0184 17.8374 0.0168
286.860247 -64.427272 7 0.978 17.7677 0.0299 17.6304 0.0394 17.5235 0.0555 17.4959 0.0308
286.958798 -64.406981 4 0.972 nan nan nan nan 18.761 0.0196 18.6406 0.0353
287.138525 -64.573654 21 0.987 15.5624 0.0072 15.1857 0.0069 14.9338 0.0055 14.8296 0.0046
286.78461 -64.519777 4 0.9620000000000001 nan nan nan nan 18.0429 0.0201 17.8448 0.0237
287.03589 -64.406387 11 0.982 nan nan 17.5288 0.0175 17.4687 0.0158 17.3909 0.0417
287.212752 -64.5251 4 0.973 nan nan nan nan 18.5621 0.0171 18.0498 0.0236
286.846567 -64.56845799999999 2 0.97 nan nan nan nan 18.4636 0.0114 18.39 0.012
287.05625 -64.40762600000001 14 0.985 17.1981 0.0476 16.4033 0.0188 15.8866 0.0136 15.6912 0.0055
286.959953 -64.406033 4 0.976 nan nan nan nan 18.4372 0.0091 18.3718 0.0114
286.956189 -64.593686 7 0.98 nan nan 18.1253 0.0299 17.4342 0.0345 17.2508 0.0144
286.797439 -64.460697 4 0.9570000000000001 nan nan nan nan 18.9632 0.0513 18.9293 0.094
286.79807900000003 -64.54053 9 0.981 nan nan 18.1287 0.0301 17.4809 0.0148 17.1789 0.0209
286.844117 -64.43158100000001 2 0.9740000000000001 nan nan nan nan 18.1238 0.0113 17.9822 0.0171
287.22095099999996 -64.51292 9 0.983 nan nan 17.8011 0.073 17.6789 0.0259 17.6336 0.0137
287.009342 -64.595946 16 0.986 16.4257 0.0072 16.1537 0.0152 15.9696 0.0078 15.9275 0.0054
286.78067999999996 -64.518215 27 0.9840000000000001 15.2574 0.0187 15.0 0.0127 14.8791 0.0065 14.8532 0.0094
287.08583500000003 -64.588786 20 0.993 14.9513 0.0078 14.5709 0.0075 14.3142 0.0053 14.2034 0.0048
287.070845 -64.59132 4 0.973 nan nan nan nan 18.6343 0.0098 18.5833 0.0115
287.093866 -64.412643 10 0.983 nan nan 17.384 0.0641 17.114 0.0071 16.9735 0.0112
287.152468 -64.570931 4 0.956 nan nan nan nan 18.8957 0.0375 18.6025 0.0154
287.18509900000004 -64.554845 4 0.975 nan nan nan nan 18.4331 0.0092 18.4251 0.0294
286.999853 -64.403249 25 0.993 14.3061 0.0054 13.9956 0.0053 13.8193 0.0053 13.7768 0.0047
286.91385499999996 -64.589493 6 0.98 nan nan 18.1094 0.028999999999999998 17.8006 0.0091 17.6432 0.0115
286.974008 -64.596319 3 0.9790000000000001 nan nan nan nan 17.955 0.0482 17.7051 0.0142
286.864083 -64.577836 12 0.993 15.5805 0.0092 15.0917 0.008 14.7328 0.008 14.602 0.0063
287.164288 -64.433171 6 0.98 nan nan nan nan 17.8014 0.0146 17.4254 0.0345
286.77370299999995 -64.503194 4 0.975 nan nan nan nan 18.6151 0.0193 18.4585 0.034
287.22391 -64.51780600000001 16 0.985 16.8678 0.0079 16.4976 0.0077 16.2672 0.0057 16.2179 0.0075
287.220714 -64.476198 4 0.9690000000000001 nan nan nan nan 18.7552 0.0112 18.59 0.0474
286.77143 -64.497857 4 0.9690000000000001 nan nan nan nan 18.5839 0.0322 18.4531 0.021
286.948942 -64.404035 5 0.963 nan nan nan nan 18.2107 0.0243 17.7075 0.0194
287.17331 -64.564448 4 0.96 nan nan nan nan 18.9801 0.0218 18.4962 0.0335
286.80103399999996 -64.45134200000001 6 0.982 nan nan nan nan 17.357 0.0072 17.0577 0.0178
286.772511 -64.488298 8 0.982 nan nan 17.9554 0.0516 17.689 0.0083 17.5733 0.0249
286.904703 -64.410276 4 0.9690000000000001 nan nan nan nan 18.7552 0.0199 18.4317 0.0128
287.006772 -64.598753 18 0.983 17.1486 0.0205 16.887 0.0303 16.6978 0.0148 16.6549 0.0104
286.948571 -64.596519 4 0.972 nan nan nan nan 18.5756 0.0455 18.4091 0.0543
286.958862 -64.597513 9 0.983 nan nan 17.813 0.0186 16.7138 0.0229 16.1932 0.0071
286.78961200000003 -64.459587 5 0.9790000000000001 nan nan 18.1083 0.0281 18.1013 0.0265 18.0329 0.0581
287.135961 -64.419815 4 0.955 nan nan nan nan 18.9738 0.0507 18.6557 0.0157
286.859683 -64.420857 2 0.9740000000000001 nan nan nan nan 18.1628 0.0106 18.1089 0.0145
287.226824 -64.480006 12 0.981 nan nan 17.5364 0.0614 17.3076 0.0178 17.2333 0.0117
287.146444 -64.577442 18 0.981 17.410999999999998 0.0339 16.9357 0.0427 16.6257 0.017 16.51 0.0102
287.021918 -64.40054599999999 21 0.997 15.6044 0.0098 15.2799 0.0099 15.085 0.0083 15.0411 0.0104
286.768855 -64.510834 15 0.983 17.494 0.032 17.2857 0.0097 17.0313 0.0092 17.021 0.0168
286.82473500000003 -64.434097 13 0.983 17.8094 0.0099 17.289 0.0329 17.0808 0.0167 16.9784 0.0102
287.011749 -64.399648 4 0.98 nan nan nan nan 17.7644 0.0251 17.5001 0.0116
287.120281 -64.58620400000001 14 0.982 17.7187 0.0948 17.5906 0.0718 17.5193 0.0073 17.4771 0.0072
286.89689100000004 -64.590252 4 0.9740000000000001 nan nan nan nan 18.54 0.0198 18.4726 0.0573
286.864427 -64.582054 13 0.983 17.2371 0.0247 16.9127 0.0259 16.7012 0.0276 16.6331 0.0169
286.767423 -64.489632 4 0.981 nan nan nan nan 18.5582 0.0156 18.442999999999998 0.0414
286.9551 -64.40118100000001 4 0.963 nan nan nan nan 18.7409 0.0248 18.725 0.0372
287.007522 -64.39926 2 0.965 nan nan nan nan 18.7879 0.0175 18.6798 0.0253
287.19077400000003 -64.55859 6 0.982 nan nan 17.6736 0.0294 17.679000000000002 0.0134 17.6151 0.0223
287.090095 -64.59309 19 0.992 15.6887 0.0077 15.4686 0.0091 15.3099 0.0063 15.2818 0.0097
287.233987 -64.495003 8 0.981 nan nan nan nan 17.675 0.0258 17.0575 0.0121
287.208439 -64.546715 7 0.982 nan nan 17.9872 0.0383 17.6473 0.0075 17.4211 0.0292
286.88395099999997 -64.41201099999999 14 0.983 17.4453 0.0637 17.1652 0.0625 16.9497 0.0069 16.8811 0.0318
286.841362 -64.425069 14 0.982 17.4684 0.0915 17.0757 0.0237 16.7296 0.012 16.6431 0.0119
286.86080699999997 -64.418185 10 0.9840000000000001 nan nan 17.5226 0.0132 16.8665 0.0563 16.6264 0.0122
287.234492 -64.510419 16 0.9840000000000001 16.6184 0.0081 16.0268 0.0078 15.6666 0.0056 15.5153 0.0069
286.801852 -64.444979 4 0.978 nan nan nan nan 18.1734 0.0265 17.7181 0.0212
286.992554 -64.398452 2 0.982 nan nan nan nan 18.0591 0.0105 17.7349 0.0105
286.76439700000003 -64.5067 26 0.992 14.1885 0.0061 13.8941 0.0053 13.7346 0.0047 13.705 0.0043
287.22040400000003 -64.463206 4 0.9790000000000001 nan nan nan nan 18.3153 0.0244 18.2256 0.0116
286.773474 -64.470617 13 0.991 17.8471 0.0361 17.6265 0.0488 17.3645 0.0087 17.2841 0.0327
287.22434 -64.467617 26 0.998 14.7046 0.0065 14.3783 0.0054 14.202 0.0047 14.1553 0.0045
287.010761 -64.602017 17 0.988 16.687 0.0267 16.2155 0.0186 15.9919 0.0066 15.8847 0.0196
286.915948 -64.404328 13 0.9790000000000001 17.8325 0.0162 17.2176 0.0128 16.832 0.0443 16.7689 0.0226
287.151781 -64.578981 11 0.983 nan nan 17.7069 0.0354 17.4449 0.0129 17.3724 0.01
287.215149 -64.456195 17 0.983 17.245 0.0163 16.9369 0.0183 16.7586 0.0087 16.7592 0.0145
287.206457 -64.551795 18 0.983 17.303 0.0219 16.8844 0.0133 16.5908 0.0243 16.4758 0.0132
287.196437 -64.558773 4 0.975 nan nan nan nan 18.5342 0.0307 18.3459 0.0247
287.227629 -64.531909 5 0.977 nan nan 18.1356 0.0611 18.2261 0.0219 18.254 0.0097
286.909956 -64.404562 4 0.9740000000000001 nan nan nan nan 18.6944 0.0096 18.704 0.0148
286.87398199999996 -64.587682 11 0.985 17.6758 0.023 17.3102 0.0516 17.0506 0.0147 16.9977 0.0129
286.89892000000003 -64.593642 4 0.968 nan nan nan nan 18.7492 0.0396 18.6927 0.051
286.796925 -64.445063 10 0.9840000000000001 nan nan 17.7146 0.0159 17.3346 0.0154 17.1949 0.0108
287.221983 -64.460875 18 0.983 17.0019 0.0169 16.8125 0.0087 16.6486 0.0069 16.6035 0.0128
286.76710099999997 -64.47443100000001 4 0.9790000000000001 nan nan nan nan 18.2386 0.0211 18.1517 0.0164
287.102286 -64.406163 4 0.953 nan nan nan nan 19.0561 0.0226 18.8918 0.0193
286.764257 -64.478931 5 0.98 nan nan nan nan 17.9105 0.0074 17.6987 0.0091
286.786155 -64.45233 4 0.9690000000000001 nan nan nan nan 18.558 0.0367 18.3225 0.0184
287.240652 -64.5074 4 0.9640000000000001 nan nan nan nan 18.8892 0.0265 18.8064 0.0132
287.205465 -64.445257 10 0.983 nan nan 17.5064 0.0152 17.2433 0.0095 17.0323 0.0108
286.95119 -64.60220600000001 26 0.986 15.1826 0.0179 14.8449 0.0085 14.6554 0.0061 14.6009 0.006
287.05378199999996 -64.398248 7 0.98 nan nan 17.8974 0.0302 17.75 0.0103 17.569000000000003 0.0355
286.801649 -64.439932 4 0.976 nan nan nan nan 18.3308 0.0105 18.1749 0.0318
287.087444 -64.402203 4 0.9640000000000001 nan nan nan nan 18.8884 0.0095 18.7638 0.0559
287.21946 -64.454748 12 0.982 17.5351 0.0134 17.3205 0.0213 17.1859 0.0074 17.1758 0.0087
286.807093 -64.564098 4 0.963 nan nan nan nan 18.7747 0.0403 18.1152 0.0278
286.780561 -64.454492 16 0.983 17.8009 0.0738 17.2718 0.0464 17.061 0.0127 16.9769 0.012
286.757047 -64.491417 26 0.991 14.7796 0.0071 14.3874 0.0053 14.1048 0.0047 14.0069 0.0043
287.140579 -64.414253 7 0.982 nan nan 17.8525 0.0234 17.6826 0.0142 17.6482 0.0167
286.767388 -64.465887 4 0.978 nan nan nan nan 18.0592 0.0095 18.0229 0.0094
287.09587999999997 -64.59761999999999 4 0.981 nan nan nan nan 18.017 0.0207 17.7891 0.0097
287.168927 -64.42240600000001 13 0.982 nan nan 17.500999999999998 0.0812 17.285 0.0097 17.1906 0.0127
287.19753399999996 -64.56426 10 0.9840000000000001 nan nan 17.6843 0.0831 17.4492 0.0113 17.3695 0.0111
287.10400699999997 -64.596686 9 0.982 nan nan 17.5673 0.0384 17.355999999999998 0.0068 17.2191 0.0078
287.10832999999997 -64.404274 20 0.985 16.3659 0.0094 16.2169 0.0113 16.1346 0.0051 16.1409 0.0153
287.224241 -64.45490500000001 4 0.9790000000000001 nan nan nan nan 18.0971 0.0166 18.0056 0.0343
286.944687 -64.603996 25 0.998 15.7247 0.0181 15.49 0.0282 15.2832 0.0107 15.3622 0.0336
287.078039 -64.398736 4 0.9540000000000001 nan nan nan nan 19.0412 0.0308 18.8056 0.0298
286.93940499999997 -64.60355600000001 5 0.981 nan nan nan nan 17.5119 0.0074 17.147000000000002 0.0147
286.796821 -64.561595 4 0.975 nan nan nan nan 18.4351 0.009000000000000001 18.4264 0.0558
287.007213 -64.606941 4 0.9690000000000001 nan nan nan nan 18.6545 0.0239 18.4188 0.0455
287.20788500000003 -64.558835 13 0.9890000000000001 17.6516 0.0532 17.2306 0.0551 17.0177 0.0068 16.9455 0.0085
286.946371 -64.604547 1 0.983 nan nan nan nan 16.6114 0.0172 nan nan
286.830596 -64.57878000000001 2 0.9740000000000001 nan nan nan nan 18.2929 0.0164 18.1592 0.0159
286.875946 -64.406511 10 0.983 nan nan 17.4112 0.0204 16.9346 0.0369 16.7225 0.0085
286.865185 -64.590822 2 0.9690000000000001 nan nan nan nan 18.6053 0.0139 18.5574 0.0134
287.132817 -64.59194000000001 25 0.99 13.2689 0.0089 12.9807 0.0053 12.8173 0.0061 12.7906 0.0043
286.824514 -64.577603 5 0.981 nan nan nan nan 17.8226 0.0747 17.2729 0.0155
287.004105 -64.391772 2 0.978 nan nan nan nan 18.3984 0.0106 17.7051 0.0207
287.236127 -64.462987 26 0.993 14.6472 0.0053 14.3573 0.0053 14.1919 0.0047 14.1541 0.0047
286.83589900000004 -64.582339 5 0.982 nan nan 17.6884 0.0153 17.485 0.0101 17.3641 0.0102
286.868525 -64.592687 13 0.983 16.9905 0.0138 16.7033 0.0106 16.3838 0.0064 16.259 0.0055
286.769006 -64.456575 16 0.991 17.2769 0.0114 17.0431 0.038 16.9643 0.0102 16.8978 0.0244
287.075691 -64.603628 4 0.973 nan nan nan nan 18.5702 0.0116 18.5764 0.0254
287.224477 -64.450265 22 0.998 15.161 0.0053 14.7113 0.0054 14.4375 0.0049 14.3281 0.0054
286.84553700000004 -64.413896 2 0.975 nan nan nan nan 18.1888 0.0115 18.1601 0.0118
287.189611 -64.572225 4 0.978 nan nan nan nan 18.163 0.0083 18.0015 0.0307
287.01396800000003 -64.391186 15 0.9840000000000001 16.2108 0.0194 15.880999999999998 0.0069 15.6942 0.0071 15.6417 0.0062
287.23455099999995 -64.459012 17 0.9840000000000001 16.7921 0.01 16.4344 0.0067 16.221 0.0073 16.1538 0.0074
286.944152 -64.393589 15 0.983 17.0658 0.0109 16.6887 0.0155 16.4895 0.0085 16.4229 0.0096
286.762464 -64.53834 4 0.976 nan nan nan nan 18.8694 0.0248 18.8502 0.0628
287.252783 -64.509701 8 0.981 nan nan 17.7107 0.0188 17.6203 0.025 17.6097 0.0181
287.246509 -64.526101 14 0.982 17.6117 0.0201 17.3807 0.0395 17.2159 0.0241 17.1794 0.0127
287.200198 -64.56764100000001 17 0.985 17.05 0.0198 16.9255 0.0179 16.6545 0.0141 16.6212 0.0071
286.954123 -64.392303 14 0.99 16.2289 0.0068 15.8333 0.0076 15.5984 0.0086 15.5109 0.006999999999999999
286.805042 -64.42975600000001 17 0.973 17.6041 0.1088 17.1794 0.0591 16.6781 0.0342 16.5889 0.0115
286.911541 -64.397322 4 0.96 nan nan nan nan 18.7816 0.0243 18.7468 0.0338
286.970543 -64.60893 15 0.983 16.9083 0.0094 16.5098 0.0264 16.3167 0.0074 16.2472 0.0181
287.251509 -64.51775400000001 4 0.9790000000000001 nan nan nan nan 18.101 0.0082 17.9203 0.0118
286.75670099999996 -64.53343199999999 4 0.973 nan nan nan nan 18.2515 0.0201 18.1663 0.0104
286.96024900000003 -64.39126 13 0.99 17.2903 0.0209 16.7789 0.009000000000000001 16.5469 0.0072 16.4047 0.0111
286.97772599999996 -64.39015400000001 2 0.9790000000000001 nan nan nan nan 18.0787 0.012 18.0156 0.0111
286.767342 -64.546345 8 0.981 nan nan 17.6575 0.0347 17.6912 0.0333 17.6564 0.0199
287.21585699999997 -64.55975600000001 4 0.971 nan nan nan nan 18.8712 0.0181 18.1185 0.011000000000000001
286.743812 -64.49214 10 0.983 nan nan 17.67 0.019 16.9367 0.0066 16.6455 0.0104
287.05848100000003 -64.60813 4 0.978 nan nan nan nan 18.3369 0.0167 18.2742 0.01
287.054521 -64.608551 4 0.956 nan nan nan nan 18.7301 0.0217 18.4508 0.0134
286.742787 -64.51056 4 0.98 nan nan nan nan 18.0308 0.01 17.9063 0.028999999999999998
287.061223 -64.391917 18 0.993 15.4995 0.0156 15.0908 0.0086 14.8223 0.006 14.7293 0.0049
287.250395 -64.472311 25 0.997 14.5232 0.0053 14.0905 0.0054 13.8247 0.0047 13.7233 0.0043
287.243558 -64.462445 19 0.985 16.4135 0.0148 16.1352 0.0171 15.9087 0.0054 15.8387 0.0108
286.81695 -64.5791 24 0.99 15.2488 0.0057 14.9483 0.0062 14.8017 0.0051 14.7637 0.0048
287.22673 -64.446074 10 0.982 nan nan 17.6892 0.0169 17.414 0.0173 17.3031 0.022000000000000002
287.135657 -64.595701 9 0.983 nan nan 17.6637 0.0177 16.7568 0.0074 16.3891 0.0077
287.243566 -64.460516 4 0.982 nan nan nan nan 18.4186 0.0187 18.4352 0.015
286.742539 -64.483298 4 0.9740000000000001 nan nan nan nan 18.4784 0.0172 18.4432 0.0432
286.754794 -64.53955 4 0.975 nan nan nan nan 18.4941 0.0167 18.2616 0.0646
287.08637799999997 -64.393641 13 0.985 17.4435 0.0218 16.8695 0.0118 16.6159 0.0125 16.4745 0.0118
286.756362 -64.542233 18 0.986 16.1738 0.0077 15.8145 0.0088 15.6002 0.0059 15.5371 0.0047
286.848 -64.59227800000001 8 0.982 nan nan 17.4717 0.0135 17.148 0.0104 16.9913 0.0119
286.755448 -64.458589 4 0.965 nan nan nan nan 18.7176 0.0375 18.718 0.0101
287.023652 -64.387179 25 0.986 15.4952 0.0071 15.1738 0.0056 14.9913 0.0049 14.9478 0.0055
287.149863 -64.406616 4 0.976 nan nan nan nan 18.3541 0.0093 18.1942 0.0077
286.806509 -64.422921 4 0.9790000000000001 nan nan nan nan 18.3271 0.0253 18.2265 0.0143
286.96912799999996 -64.3872 4 0.977 nan nan nan nan 18.1275 0.0091 17.9684 0.0089
287.253329 -64.466879 18 0.998 16.7627 0.011000000000000001 16.1004 0.0211 15.5842 0.008 15.3734 0.0075
286.735047 -64.50196700000001 4 0.976 nan nan nan nan 18.3917 0.0467 18.1508 0.0139
287.02815 -64.61348100000001 18 0.992 16.0216 0.0156 15.5827 0.0118 15.2623 0.0049 15.1373 0.0049
286.954459 -64.61258199999999 2 0.966 nan nan nan nan 18.7675 0.025 18.5846 0.0167
286.929391 -64.389865 4 0.953 nan nan nan nan 19.0414 0.0479 18.8321 0.0104
287.139498 -64.59733299999999 4 0.955 nan nan nan nan 19.1053 0.033 18.7057 0.018000000000000002
286.90657200000004 -64.392747 4 0.961 nan nan nan nan 18.7352 0.0091 18.6926 0.0225
287.154308 -64.406378 7 0.98 nan nan nan nan 17.7298 0.0097 17.3224 0.0357
287.016738 -64.614642 12 0.983 nan nan 17.5004 0.027000000000000003 17.005 0.0078 16.7641 0.0137
286.732723 -64.50237 11 0.982 17.9967 0.0219 17.6695 0.0163 17.3996 0.0127 17.2915 0.0171
286.838978 -64.407986 6 0.981 17.8706 0.0308 17.843 0.0434 17.6396 0.0527 17.6074 0.0101
286.78837799999997 -64.570888 11 0.983 17.9057 0.0149 17.5954 0.0132 17.362000000000002 0.0378 17.2706 0.0219
287.22415099999995 -64.563355 4 0.975 nan nan nan nan 18.385 0.0083 18.3497 0.0533
287.192587 -64.419901 4 0.982 nan nan nan nan 18.0319 0.0085 17.7748 0.0113
286.869974 -64.39914 2 0.971 nan nan nan nan 18.5095 0.0153 18.188 0.03
286.803615 -64.57869000000001 6 0.971 nan nan nan nan 18.5289 0.028999999999999998 17.7039 0.0196
287.087229 -64.609261 4 0.968 nan nan nan nan 18.7255 0.0149 18.6306 0.0499
286.818345 -64.415026 4 0.976 nan nan nan nan 18.3382 0.0087 18.1727 0.0328
287.101498 -64.607038 4 0.976 nan nan nan nan 18.3013 0.0106 18.0635 0.025
287.023613 -64.384625 4 0.9690000000000001 nan nan nan nan 18.6878 0.0103 18.0635 0.0177
287.24264700000003 -64.449843 25 0.996 15.2956 0.0067 14.9014 0.0053 14.6347 0.0048 14.5325 0.0048
287.124379 -64.397109 5 0.981 nan nan nan nan 17.9996 0.0076 17.4183 0.0089
287.21317400000004 -64.57176199999999 26 0.998 14.1004 0.0055 13.8383 0.0053 13.6858 0.0047 13.6574 0.0043
287.07575 -64.611863 4 0.971 nan nan nan nan 19.041 0.0349 18.5165 0.0594
286.875492 -64.396457 13 0.996 15.6088 0.0108 15.168 0.0061 14.9113 0.0104 14.8187 0.0058
286.740517 -64.53390300000001 14 0.988 nan nan 17.456 0.037000000000000005 16.4971 0.0087 16.1426 0.0151
286.993317 -64.616752 14 0.983 17.6027 0.0143 16.9497 0.0122 16.4169 0.0172 16.1946 0.0207
286.825726 -64.41033399999999 9 0.981 nan nan nan nan 17.5642 0.0158 17.1084 0.0175
286.92105699999996 -64.61203499999999 8 0.982 nan nan 17.7607 0.0178 17.4364 0.0078 17.2333 0.0201
286.870617 -64.396799 7 0.982 17.6266 0.0245 17.4885 0.0321 17.3038 0.0459 17.3115 0.0465
287.05807599999997 -64.38524100000001 4 0.963 nan nan nan nan 19.0693 0.0459 18.5894 0.0179
286.759565 -64.556044 4 0.971 nan nan nan nan 18.5193 0.0312 18.4956 0.0101
287.262026 -64.466859 4 0.9790000000000001 nan nan nan nan 18.1229 0.0156 17.9055 0.0134
287.109262 -64.392185 5 0.981 nan nan nan nan 17.8241 0.0122 17.7395 0.0085
287.168094 -64.407034 4 0.9670000000000001 nan nan nan nan 18.5791 0.0111 18.4815 0.0381
287.02092200000004 -64.617548 4 0.9590000000000001 nan nan nan nan 18.8691 0.0211 18.2672 0.0121
287.205658 -64.422102 4 0.981 nan nan nan nan 17.9497 0.008 17.7659 0.0122
287.034714 -64.382888 4 0.971 nan nan nan nan 18.6161 0.015 18.4714 0.0122
287.261367 -64.464065 10 0.982 nan nan 17.7685 0.0748 17.6383 0.0411 17.6089 0.0208
286.823344 -64.409626 4 0.977 nan nan nan nan 18.4601 0.024 18.0155 0.0126
287.249711 -64.451037 17 0.9840000000000001 17.5692 0.026000000000000002 17.09 0.0414 16.9083 0.0089 16.819000000000003 0.0095
287.197761 -64.582237 17 0.9840000000000001 17.631 0.0156 16.9551 0.0436 16.3336 0.0085 16.0482 0.0087
286.999983 -64.38167 24 0.997 13.7634 0.0062 13.491 0.0053 13.3195 0.0067 13.2803 0.0053
286.833331 -64.405984 2 0.978 nan nan nan nan 17.975 0.0141 17.8667 0.0153
287.15986200000003 -64.40360799999999 6 0.983 nan nan nan nan 17.289 0.0091 16.928 0.0115
286.888263 -64.391509 5 0.981 nan nan nan nan 17.8046 0.0198 17.590999999999998 0.0312
286.732635 -64.529645 10 0.9840000000000001 nan nan 17.4746 0.0444 17.2725 0.0278 17.1115 0.0503
286.91799 -64.38655200000001 4 0.976 nan nan nan nan 18.2353 0.0123 17.7923 0.0116
287.262005 -64.462733 4 0.968 nan nan nan nan 19.0409 0.0426 18.9522 0.0796
286.747391 -64.452136 15 0.983 17.5792 0.08800000000000001 17.2614 0.0325 17.0263 0.0068 16.9595 0.0099
286.962549 -64.382144 6 0.981 nan nan 17.968 0.0359 17.8181 0.0096 17.7144 0.0098
287.157464 -64.402233 19 0.996 15.7367 0.0152 15.1691 0.0094 14.8033 0.0063 14.6647 0.0068
287.095201 -64.388042 12 0.9840000000000001 17.6927 0.0552 17.2608 0.0118 17.0186 0.0074 16.8898 0.0167
287.121464 -64.392808 6 0.982 nan nan nan nan 17.8815 0.0141 17.5283 0.03
286.779257 -64.57271999999999 18 0.986 17.1042 0.0111 16.8074 0.009000000000000001 16.6333 0.0113 16.5208 0.0224
287.00495 -64.380051 24 0.9990000000000001 14.6237 0.0053 14.2229 0.0054 13.9987 0.0054 13.9165 0.0047
286.721249 -64.49825799999999 21 0.985 16.313 0.0095 15.9028 0.0057 15.6804 0.0043 15.6048 0.0064
287.250505 -64.44730899999999 4 0.953 nan nan nan nan 18.8496 0.025 18.725 0.0301
287.032748 -64.619348 12 0.9840000000000001 nan nan 17.6309 0.0293 16.4556 0.0055 15.9552 0.0056
286.727917 -64.52802199999999 28 0.9990000000000001 13.6466 0.0048 13.2343 0.0047 12.9512 0.0092 12.8634 0.0064
287.003856 -64.620536 9 0.9840000000000001 nan nan nan nan 17.378 0.0097 16.9733 0.0298
286.77250699999996 -64.570685 11 0.985 17.7166 0.021 17.6169 0.0276 17.4073 0.0295 17.3642 0.0105
287.02910299999996 -64.37991099999999 4 0.9690000000000001 nan nan nan nan 18.8676 0.0218 18.6148 0.0312
286.7564 -64.439711 4 0.963 nan nan nan nan 18.8465 0.0175 18.657 0.0433
286.9917 -64.378851 3 0.978 nan nan nan nan 18.1167 0.0226 17.6003 0.0133
287.210756 -64.580663 4 0.9740000000000001 nan nan nan nan 18.4481 0.0141 18.4182 0.0356
287.111841 -64.611398 5 0.9790000000000001 nan nan nan nan 17.9423 0.0119 17.8691 0.0242
286.946466 -64.38089699999999 5 0.9790000000000001 nan nan 18.1118 0.038 18.1358 0.0077 18.0666 0.0133
286.718211 -64.496039 6 0.98 nan nan nan nan 18.028 0.0116 17.6181 0.0157
287.28165099999995 -64.492784 4 0.976 nan nan nan nan 18.3577 0.0444 18.3939 0.0108
287.273592 -64.470016 6 0.986 nan nan nan nan 17.9287 0.0113 17.4891 0.017
287.28247700000003 -64.504832 4 0.971 nan nan nan nan 18.7563 0.0105 18.3716 0.011000000000000001
286.882062 -64.61072 13 0.983 17.2911 0.0478 17.1035 0.0204 17.226 0.0329 17.1749 0.0638
286.817535 -64.40700799999999 24 0.997 13.4807 0.0053 13.1207 0.0053 12.9155 0.0062 12.8673 0.0046
286.774602 -64.57419200000001 4 0.975 nan nan nan nan 18.2863 0.0119 18.1243 0.0687
287.24484 -64.438325 4 0.976 nan nan nan nan 18.4944 0.031 18.0962 0.063
287.272423 -64.534718 12 0.981 17.8277 0.0264 17.4195 0.0798 17.4181 0.0088 17.3404 0.0204
287.133494 -64.39200500000001 19 0.985 16.8216 0.0196 15.895999999999999 0.0112 14.7139 0.0048 14.2605 0.0044
287.249187 -64.44124000000001 6 0.9840000000000001 nan nan nan nan 18.0768 0.0245 17.4388 0.0084
287.0102 -64.37756800000001 2 0.968 nan nan nan nan 18.8036 0.0138 18.4264 0.0245
286.842983 -64.602614 5 0.982 nan nan 17.6264 0.028999999999999998 17.5656 0.0099 17.3726 0.01
287.277958 -64.472594 19 0.986 16.6679 0.0276 16.0913 0.0228 15.7292 0.0082 15.62 0.0134
286.72674 -64.464673 6 0.98 nan nan nan nan 17.8451 0.0258 17.4346 0.0086
287.063805 -64.619906 4 0.977 nan nan nan nan 18.2111 0.0164 18.235 0.0169
287.208073 -64.415446 19 0.9840000000000001 16.2489 0.0108 15.9191 0.0122 15.7206 0.0085 15.6698 0.0128
286.716634 -64.518843 19 0.982 17.7928 0.0293 17.4703 0.0184 17.3932 0.0073 17.3843 0.0059
287.264298 -64.452235 5 0.977 nan nan nan nan 18.167 0.0095 17.6127 0.0154
286.723995 -64.534048 19 0.983 17.1683 0.0173 16.9795 0.0111 16.7977 0.0088 16.764 0.0087
287.234208 -64.571967 16 0.987 17.6695 0.0183 17.0797 0.0286 16.8065 0.0064 16.6589 0.0153
286.727133 -64.461253 4 0.975 nan nan nan nan 18.3585 0.0093 17.8389 0.0308
287.032761 -64.37701899999999 8 0.983 nan nan 17.687 0.051 17.5618 0.0123 17.477 0.0102
286.84406 -64.604472 3 0.978 nan nan nan nan 18.0028 0.0168 17.9079 0.0721
287.039693 -64.37704599999999 4 0.9520000000000001 nan nan nan nan 18.913 0.0161 18.7337 0.013999999999999999
287.021329 -64.624003 26 0.9890000000000001 15.1388 0.0069 14.6991 0.0053 14.4428 0.0048 14.3517 0.0043
286.742696 -64.443678 2 0.96 nan nan nan nan 18.8241 0.02 18.3941 0.0309
287.283805 -64.476753 19 0.983 17.1423 0.0323 16.7858 0.018000000000000002 16.5383 0.0094 16.4457 0.0121
286.79160099999996 -64.413938 26 1.0 14.2617 0.0073 13.6591 0.0053 13.2449 0.0081 13.0528 0.0055
287.288531 -64.50940200000001 11 0.982 nan nan 17.5029 0.0175 17.3319 0.009000000000000001 17.2631 0.011000000000000001
287.004408 -64.624553 8 0.988 nan nan nan nan 17.6342 0.0093 17.1174 0.0089
287.227465 -64.57764 26 0.997 14.6773 0.0072 14.2576 0.0056 13.9803 0.0048 13.8601 0.0043
287.290355 -64.501049 4 0.975 nan nan nan nan 18.2142 0.0195 18.1179 0.0118
287.28738 -64.518377 4 0.9590000000000001 nan nan nan nan 18.9615 0.0109 18.6495 0.0133
286.843886 -64.39419000000001 2 0.96 nan nan nan nan 18.7342 0.0153 18.3708 0.0162
286.892635 -64.616682 13 0.983 17.3472 0.0154 16.9934 0.0143 16.9508 0.0134 16.8772 0.0326
287.11616200000003 -64.384971 4 0.973 nan nan nan nan 18.8145 0.0552 18.7298 0.0233
286.945035 -64.37674200000001 10 0.983 nan nan 17.5027 0.0211 17.1959 0.0143 17.0197 0.0192
286.932743 -64.622254 12 0.982 nan nan 17.4668 0.0168 17.055 0.0113 16.8082 0.0166
286.964672 -64.62475500000001 16 0.983 16.9236 0.0083 16.5533 0.0331 16.3149 0.009000000000000001 16.208 0.0214
287.28598700000003 -64.530925 24 0.991 13.6215 0.0104 13.1808 0.0134 12.8894 0.0196 12.7691 0.0137
287.099739 -64.619437 4 0.977 nan nan nan nan 18.115 0.0198 18.0341 0.011000000000000001
286.93620699999997 -64.376083 4 0.96 nan nan nan nan 18.9195 0.013000000000000001 18.4628 0.0369
287.08152 -64.37799100000001 21 0.986 15.2651 0.0085 14.9856 0.0076 14.8488 0.0067 14.8117 0.0064
287.290317 -64.477568 24 0.9940000000000001 15.0493 0.0066 14.6395 0.0065 14.3862 0.0048 14.2914 0.0049
287.082065 -64.622109 4 0.966 nan nan nan nan 18.9459 0.0274 18.477999999999998 0.0147
286.773237 -64.58174 10 0.983 nan nan 17.725 0.013999999999999999 17.3784 0.0164 17.235 0.0327
286.704741 -64.505668 4 0.955 nan nan nan nan 19.0919 0.0332 19.1802 0.0966
287.186367 -64.599091 8 0.98 nan nan 17.9731 0.0311 17.6279 0.0214 17.5529 0.0194
287.169824 -64.395586 4 0.973 nan nan nan nan 18.9256 0.0108 18.8099 0.096
286.726566 -64.450869 4 0.9620000000000001 nan nan nan nan 18.7979 0.0487 18.7152 0.0454
286.780131 -64.414475 4 0.977 nan nan nan nan 18.1709 0.009000000000000001 18.0736 0.0243
286.70946299999997 -64.526278 5 0.955 nan nan nan nan 18.832 0.0268 18.8586 0.0546
287.220777 -64.414739 19 0.983 16.0438 0.015 15.6282 0.0058 15.357999999999999 0.0051 15.2387 0.0072
287.295753 -64.51153199999999 26 0.992 14.5755 0.0054 14.208 0.0053 13.9639 0.0047 13.8877 0.0044
286.782347 -64.587176 18 0.983 17.2836 0.0204 16.9001 0.0166 16.6692 0.0059 16.5451 0.0077
287.25080099999997 -64.568795 19 0.977 17.1708 0.0289 16.3113 0.0262 15.4045 0.0196 15.034 0.0153
286.945081 -64.62609499999999 9 0.988 nan nan nan nan 16.7959 0.0085 16.2169 0.006
286.954947 -64.626894 16 0.992 15.8762 0.0076 15.4598 0.0062 15.1737 0.0071 15.0578 0.0066
287.239779 -64.423698 23 0.9840000000000001 16.4026 0.0163 16.557000000000002 0.0063 16.8131 0.006999999999999999 16.8738 0.013999999999999999
287.290569 -64.530936 10 0.985 16.5596 0.0149 16.1144 0.0119 15.8347 0.0085 15.7231 0.0097
287.156934 -64.39025500000001 16 0.983 16.9615 0.0084 16.3994 0.0077 15.9858 0.009000000000000001 15.8059 0.0109
286.89524700000004 -64.378651 4 0.9690000000000001 nan nan nan nan 18.658 0.0092 18.6764 0.0227
286.924373 -64.374606 10 0.982 nan nan 17.4229 0.012 17.2454 0.0111 17.1577 0.0158
287.261797 -64.43603 4 0.9790000000000001 nan nan nan nan 18.2257 0.0261 18.0796 0.0118
286.91039900000004 -64.623935 16 0.983 16.3336 0.0141 16.0353 0.0077 15.8753 0.0053 15.8248 0.0077
287.23774199999997 -64.420203 15 0.992 17.6276 0.0177 16.8845 0.0312 16.3562 0.0055 16.1168 0.0057
286.9514 -64.628232 2 0.953 nan nan nan nan 18.7624 0.0133 18.7795 0.0176
287.21862200000004 -64.410256 17 0.983 17.1266 0.0304 16.7227 0.0238 16.5182 0.0092 16.4541 0.006
287.134612 -64.61689 27 0.997 14.5255 0.0085 14.1456 0.0054 13.8675 0.0048 13.7574 0.0043
287.070727 -64.626868 4 0.95 nan nan nan nan 19.0599 0.0098 18.9354 0.0952
287.277572 -64.553023 11 0.983 nan nan 17.5836 0.0179 17.0724 0.0072 16.7937 0.0093
286.84938700000004 -64.61362199999999 18 0.9990000000000001 13.1185 0.006999999999999999 13.0228 0.0061 13.0267 0.0086 13.0658 0.0053
287.003984 -64.630792 17 0.99 16.9461 0.0065 16.4659 0.0309 16.2322 0.0066 16.154 0.0064
286.89516000000003 -64.622928 9 0.9840000000000001 17.7886 0.0317 17.3515 0.0158 17.0873 0.0073 17.0059 0.0085
287.28744900000004 -64.45740699999999 26 0.995 14.7591 0.0084 14.2727 0.0054 13.9671 0.0047 13.8478 0.0049
287.141274 -64.384054 10 0.981 nan nan 17.6106 0.0201 17.524 0.0109 17.4735 0.0161
286.74858 -64.426393 18 0.983 17.1417 0.0267 16.8893 0.0151 16.7462 0.006 16.6765 0.0243
286.755806 -64.578506 10 0.982 nan nan 17.8641 0.0673 17.4804 0.0116 17.427 0.0205
287.060387 -64.371525 4 0.977 nan nan nan nan 18.2521 0.0098 18.1598 0.0292
286.76000899999997 -64.581858 4 0.978 nan nan nan nan 18.3158 0.0106 18.2158 0.0243
287.30129300000004 -64.523111 7 0.982 nan nan nan nan 17.5844 0.0158 17.2782 0.0128
286.933425 -64.62857199999999 6 0.981 nan nan 17.9947 0.017 17.820999999999998 0.0078 17.7395 0.0088
287.26439500000004 -64.433784 23 0.998 15.2708 0.0053 14.7603 0.0064 14.3973 0.0049 14.2369 0.0058
287.25391 -64.573925 4 0.9690000000000001 nan nan nan nan 18.7266 0.0161 18.3497 0.0198
287.160081 -64.387487 9 0.9840000000000001 nan nan nan nan 16.5489 0.0054 16.0173 0.0083
286.694378 -64.486675 23 0.983 16.9285 0.0096 16.6436 0.0072 16.4659 0.012 16.4648 0.0107
287.26694100000003 -64.566148 4 0.958 nan nan nan nan 18.8075 0.0115 18.535999999999998 0.0104
286.770108 -64.588265 4 0.966 nan nan nan nan 18.5318 0.0238 18.2703 0.033
287.284455 -64.551568 14 0.982 17.7934 0.0136 17.3912 0.0198 17.2821 0.0094 17.1982 0.0236
286.742404 -64.426363 4 0.978 nan nan nan nan 18.1891 0.0274 17.9566 0.0162
286.703126 -64.538701 20 0.9840000000000001 16.2555 0.0077 15.9588 0.0195 15.6978 0.0054 15.5936 0.0117
286.69399100000004 -64.522398 6 0.973 nan nan nan nan 18.6577 0.0259 18.289 0.0216
286.85303999999996 -64.382305 5 0.982 nan nan nan nan 17.4503 0.018000000000000002 16.7944 0.0091
286.809585 -64.605757 27 0.993 15.645 0.0115 15.347000000000001 0.015 15.187999999999999 0.0048 15.1386 0.0072
286.83797200000004 -64.38589300000001 2 0.976 nan nan nan nan 18.1624 0.0125 17.8326 0.0122
286.79252 -64.400413 4 0.977 nan nan nan nan 18.1317 0.027000000000000003 18.1223 0.0117
287.280083 -64.441851 4 0.975 nan nan nan nan 18.3925 0.0117 18.358 0.0115
286.73165 -64.56836 8 0.98 18.3031 0.03 18.061 0.0779 17.8601 0.009000000000000001 17.7821 0.043
286.88348199999996 -64.624592 4 0.9690000000000001 nan nan nan nan 18.8833 0.0192 18.5898 0.0174
287.19106899999997 -64.393902 4 0.9790000000000001 nan nan nan nan 17.8856 0.0099 17.7977 0.0524
286.710782 -64.44965 21 0.983 17.4093 0.0437 17.1202 0.011000000000000001 16.9394 0.0073 16.8924 0.0097
286.93262599999997 -64.368762 10 0.981 nan nan 17.6236 0.0154 17.4927 0.0121 17.4575 0.0089
286.69714300000004 -64.53311500000001 18 0.982 17.6809 0.0141 17.3567 0.0308 17.2422 0.0165 17.1625 0.0102
287.24561600000004 -64.583786 4 0.9640000000000001 nan nan nan nan 18.8445 0.0119 18.0276 0.0207
287.312551 -64.49237099999999 4 0.978 nan nan nan nan 18.1982 0.0114 18.1558 0.0475
287.019697 -64.365404 17 0.985 16.708 0.0401 16.2775 0.0137 16.0449 0.0187 15.9778 0.0165
287.313405 -64.494842 18 0.988 15.2277 0.0077 14.7315 0.0089 14.4397 0.0053 14.3241 0.0051
286.72492 -64.565187 11 0.981 18.1293 0.0204 17.8083 0.0092 17.6824 0.0068 17.6664 0.0165
287.305716 -64.530689 13 0.983 17.5538 0.0307 17.1057 0.0726 16.9621 0.0072 16.9129 0.0106
286.693687 -64.529872 23 0.9840000000000001 17.0794 0.0096 16.4819 0.006999999999999999 16.0719 0.0103 15.918 0.008
287.274586 -64.565884 4 0.977 nan nan nan nan 18.4906 0.0165 18.3375 0.0117
287.29418300000003 -64.45213299999999 4 0.9620000000000001 nan nan nan nan 19.097 0.0124 19.1395 0.0885
287.146863 -64.380223 4 0.951 nan nan nan nan 18.945 0.0143 18.9273 0.0232
287.144445 -64.62070600000001 4 0.9690000000000001 nan nan nan nan 18.8256 0.0212 18.5969 0.0639
286.902585 -64.629149 13 0.986 17.0352 0.012 16.4785 0.0094 16.2182 0.0113 16.1045 0.0056
286.782796 -64.401604 4 0.975 nan nan nan nan 18.3823 0.028999999999999998 18.0223 0.0236
287.179522 -64.388318 4 0.97 nan nan nan nan 18.5102 0.0088 18.3877 0.0317
287.243782 -64.41382800000001 4 0.97 nan nan nan nan 18.469 0.0219 18.316 0.0448
287.307033 -64.53251 7 0.982 nan nan 17.4862 0.057 17.3385 0.0074 17.2862 0.0078
287.168093 -64.615372 8 0.991 nan nan 17.8287 0.0298 17.7533 0.0137 17.692999999999998 0.0283
286.889763 -64.372276 4 0.96 nan nan nan nan 18.8435 0.0129 18.4233 0.0094
286.69235299999997 -64.532855 6 0.977 nan nan nan nan 18.5195 0.0215 18.2681 0.0099
287.166406 -64.38398000000001 17 0.985 16.9796 0.013999999999999999 16.6392 0.0082 16.4422 0.0066 16.3798 0.0192
287.245291 -64.58671 17 0.987 16.8677 0.013999999999999999 16.6005 0.0168 16.4453 0.0065 16.3871 0.0126
286.682841 -64.502747 5 0.9640000000000001 nan nan nan nan 18.6584 0.0162 18.266 0.0147
287.264798 -64.575489 4 0.968 nan nan nan nan 18.6122 0.0099 18.5387 0.0094
286.814006 -64.389424 4 0.968 nan nan nan nan 18.7759 0.0158 18.6723 0.0137
286.696541 -64.460279 6 0.98 nan nan nan nan 17.9993 0.012 17.8644 0.021
286.861338 -64.62321 2 0.9640000000000001 nan nan nan nan 18.7549 0.0108 18.7182 0.0317
287.254225 -64.41795 7 0.981 nan nan nan nan 17.7521 0.0166 17.2689 0.0075
287.283162 -64.562983 4 0.966 nan nan nan nan 18.8824 0.0103 18.8362 0.0337
286.89066 -64.629138 4 0.98 nan nan nan nan 18.7011 0.0078 18.4208 0.0488
287.22053 -64.59957 4 0.977 nan nan nan nan 18.3229 0.0288 18.2436 0.0102
287.117657 -64.372038 19 0.987 16.3813 0.0095 15.9673 0.0169 15.6913 0.0079 15.5849 0.0085
287.261167 -64.42059 6 0.9790000000000001 nan nan 18.1274 0.0311 17.947 0.0292 17.8635 0.0147
287.19002 -64.611067 4 0.971 nan nan nan nan 18.3485 0.0152 17.9673 0.0096
286.992513 -64.36217099999999 2 0.98 nan nan nan nan 18.3389 0.0134 18.2066 0.0194
287.211077 -64.60384499999999 16 0.985 17.0105 0.0163 16.6092 0.0166 16.3837 0.0086 16.3215 0.0169
287.234179 -64.594246 18 0.9840000000000001 17.288 0.0279 16.5315 0.0123 16.0399 0.0052 15.8165 0.0085
286.90157200000004 -64.631385 15 0.9840000000000001 16.5119 0.0278 16.0702 0.0261 15.8085 0.0084 15.7233 0.0059
287.320882 -64.504266 8 0.982 nan nan 17.8118 0.0178 17.3056 0.0073 17.0769 0.0077
286.690269 -64.53678599999999 24 0.983 16.9051 0.0116 16.543 0.0289 16.3701 0.0065 16.3375 0.013000000000000001
286.81307799999996 -64.387598 14 0.9890000000000001 17.708 0.044000000000000004 17.317 0.0254 17.0811 0.0108 16.9867 0.0166
287.321204 -64.494828 14 0.988 16.7153 0.0259 16.3753 0.0168 16.2145 0.0102 16.1628 0.006999999999999999
286.993922 -64.638384 14 0.982 17.6938 0.0997 17.132 0.0144 16.7915 0.0224 16.6689 0.012
287.321529 -64.500812 11 0.983 17.7072 0.0142 17.2034 0.0151 17.1568 0.0232 17.123 0.0075
287.017981 -64.638288 4 0.977 nan nan nan nan 18.1968 0.0109 18.0061 0.025
286.775426 -64.40095 15 0.983 17.5329 0.0154 17.2259 0.0548 17.0979 0.0109 17.0531 0.0125
286.931758 -64.635406 5 0.976 nan nan nan nan 18.2491 0.0461 17.5432 0.0129
287.04567000000003 -64.637274 17 0.9840000000000001 16.8565 0.0164 16.5412 0.0138 16.3881 0.0108 16.3273 0.01
287.207773 -64.60611899999999 11 0.983 nan nan 17.7087 0.0779 17.2426 0.0171 17.0483 0.0097
286.918562 -64.634362 4 0.9590000000000001 nan nan nan nan 18.8668 0.0526 18.3663 0.0117
287.26427 -64.57990799999999 19 0.9840000000000001 16.6842 0.0174 16.3378 0.0271 16.1145 0.0151 16.0377 0.0122
287.01465 -64.638816 4 0.975 nan nan nan nan 18.2561 0.0118 18.0985 0.0193
286.770267 -64.402463 4 0.977 nan nan nan nan 18.305 0.0194 17.9363 0.0241
286.75073199999997 -64.41153 4 0.977 nan nan nan nan 18.1059 0.0076 17.9831 0.0176
286.718977 -64.43078 10 0.983 nan nan 17.820999999999998 0.0133 17.6171 0.0413 17.4705 0.013000000000000001
287.079474 -64.364609 9 0.983 nan nan 17.660999999999998 0.0144 17.1009 0.0084 16.8898 0.0078
286.702361 -64.444418 4 0.9520000000000001 nan nan nan nan 19.0891 0.01 18.3696 0.036000000000000004
287.315462 -64.467125 20 0.995 14.3449 0.0074 14.0611 0.0079 13.8837 0.0053 13.8458 0.0062
286.969444 -64.360754 6 0.988 nan nan nan nan 17.8408 0.0119 17.5598 0.0108
287.305737 -64.547826 21 0.9990000000000001 12.8268 0.0066 13.126 0.0061 13.5059 0.0053 13.7654 0.0058
287.265466 -64.58103 4 0.983 nan nan nan nan 17.546 0.0085 17.4114 0.0092
287.186814 -64.61470600000001 4 0.9740000000000001 nan nan nan nan 18.8439 0.013000000000000001 18.3564 0.0107
287.007954 -64.64008100000001 16 0.983 17.5995 0.0185 17.1016 0.0214 16.8257 0.0069 16.7338 0.0149
287.21346600000004 -64.394202 10 0.9840000000000001 nan nan 17.9393 0.0504 17.2662 0.0201 16.9724 0.0089
287.295982 -64.559331 4 0.9790000000000001 nan nan nan nan 18.1198 0.0452 18.1053 0.0198
286.739711 -64.415562 15 0.982 17.5477 0.0463 17.3649 0.0201 17.2998 0.0064 17.3099 0.0073
286.71522000000004 -64.5688 7 0.976 18.3967 0.0204 nan nan 18.2157 0.0078 18.1215 0.0273
287.326173 -64.49571999999999 5 0.982 nan nan 17.9601 0.0439 17.7197 0.0181 17.6114 0.01
287.181733 -64.616864 8 0.982 nan nan 17.6489 0.0174 17.6006 0.0071 17.5005 0.0271
286.692115 -64.453213 6 0.98 nan nan nan nan 18.3403 0.0078 18.1026 0.0363
287.155309 -64.62401899999999 4 0.977 nan nan nan nan 18.0875 0.0123 18.0438 0.0385
286.793199 -64.390958 8 0.982 nan nan nan nan 17.3858 0.0109 17.118 0.0071
287.285097 -64.431111 8 0.982 nan nan nan nan 17.3378 0.0232 16.9995 0.016
287.30553 -64.449493 12 0.986 nan nan 17.8264 0.1196 17.0474 0.0089 16.6558 0.0162
286.759755 -64.404137 4 0.9690000000000001 nan nan nan nan 18.8813 0.0117 18.6065 0.0179
287.305568 -64.551601 4 0.972 nan nan nan nan 18.7832 0.0131 18.6749 0.0214
287.325806 -64.517403 4 0.9790000000000001 nan nan nan nan 17.9035 0.0121 17.6682 0.0128
286.681965 -64.53525400000001 31 0.992 14.9279 0.008 14.6349 0.0056 14.4996 0.0049 14.4858 0.0044
286.685276 -64.45926700000001 25 0.985 15.9513 0.0099 15.5775 0.0082 15.4036 0.0076 15.356 0.0041
286.78400800000003 -64.39299 4 0.9690000000000001 nan nan nan nan 18.5419 0.0084 18.2342 0.0122
286.996547 -64.357683 22 0.987 13.0428 0.0053 12.3616 0.0053 11.9335 0.0063 11.7365 0.0054
287.257314 -64.589658 27 0.996 14.5846 0.0081 14.3275 0.0072 14.1989 0.0052 14.1833 0.0051
287.323375 -64.46835 4 0.98 nan nan nan nan 17.8212 0.009000000000000001 17.5878 0.0114
286.67871 -64.536611 10 0.982 nan nan nan nan 17.2558 0.0164 16.7675 0.0122
286.73308399999996 -64.41506700000001 11 0.982 17.8584 0.0469 17.5411 0.0164 17.4391 0.0158 17.3556 0.013000000000000001
287.259586 -64.41068299999999 4 0.968 nan nan nan nan 18.7281 0.0098 18.1471 0.0331
286.918302 -64.36119000000001 13 0.983 nan nan 17.349 0.0125 16.7993 0.0079 16.6173 0.0119
287.168112 -64.62398 4 0.9740000000000001 nan nan nan nan 18.5791 0.0339 18.399 0.0617
286.667876 -64.512918 17 0.983 17.743 0.0303 17.5858 0.0419 17.4104 0.0207 17.3523 0.0209
287.08847799999995 -64.361508 12 0.983 18.0758 0.027000000000000003 17.5472 0.0114 17.2028 0.0079 17.0718 0.018000000000000002
287.14396800000003 -64.370406 4 0.973 nan nan nan nan 18.6189 0.0284 18.5523 0.033
286.66909300000003 -64.481278 5 0.973 nan nan nan nan 18.692 0.0363 18.533 0.0256
286.724896 -64.418791 19 0.988 16.8052 0.0157 16.5066 0.0162 16.3241 0.0218 16.2547 0.0227
286.68388500000003 -64.54685699999999 19 0.983 17.5148 0.0605 17.3156 0.0153 17.1154 0.0061 17.0865 0.0159
286.857072 -64.63033 2 0.9670000000000001 nan nan nan nan 18.4754 0.0132 18.555999999999997 0.0174
287.224562 -64.607008 8 0.982 nan nan 18.0854 0.0397 17.4715 0.0183 17.2138 0.0076
286.87469100000004 -64.633721 6 0.98 nan nan nan nan 17.961 0.0165 17.6755 0.0143
287.241725 -64.60009000000001 4 0.977 nan nan nan nan 18.2187 0.0143 18.1786 0.0246
287.114599 -64.63571800000001 19 0.9840000000000001 15.9172 0.009000000000000001 15.5674 0.006 15.3138 0.01 15.2494 0.0116
287.181736 -64.62186700000001 12 0.982 nan nan 17.6754 0.0151 16.9618 0.015 16.6934 0.0093
287.043152 -64.356351 4 0.9640000000000001 nan nan nan nan 18.7164 0.0244 18.6881 0.0177
287.334548 -64.51783 4 0.9740000000000001 nan nan nan nan 18.2538 0.0113 18.2437 0.012
286.923187 -64.358628 14 0.983 17.3002 0.0116 16.4086 0.0073 15.4807 0.0059 15.1003 0.006999999999999999
287.000498 -64.645212 4 0.981 nan nan nan nan 17.9845 0.0087 17.9024 0.0308
286.805635 -64.381345 17 0.9840000000000001 17.3612 0.0568 16.9411 0.0166 16.6728 0.02 16.608 0.0072
286.820317 -64.623263 4 0.98 nan nan nan nan 17.8014 0.037000000000000005 17.281 0.0202
287.23792000000003 -64.396826 18 0.983 17.0349 0.0388 16.2264 0.0095 15.7034 0.009000000000000001 15.4674 0.0142
287.247931 -64.401133 5 0.9790000000000001 nan nan nan nan 17.9057 0.0231 17.8563 0.0193
286.76427 -64.395437 17 0.9840000000000001 16.5468 0.0113 16.107 0.0195 15.8092 0.0104 15.7146 0.0087
286.909186 -64.359493 6 0.985 nan nan nan nan 17.4897 0.0095 17.3631 0.0077
286.68309500000004 -64.552199 4 0.958 nan nan nan nan 18.8839 0.0187 18.6642 0.0224
287.318632 -64.550433 4 0.97 nan nan nan nan 18.6739 0.0111 18.2288 0.0263
286.814596 -64.622446 6 0.98 nan nan 18.0557 0.0264 17.7507 0.0141 17.5752 0.0385
287.153138 -64.36963399999999 4 0.968 nan nan nan nan 18.85 0.0156 18.3791 0.0462
286.719448 -64.41721700000001 4 0.965 nan nan nan nan 18.5593 0.0116 18.3272 0.0285
286.736367 -64.40680400000001 15 0.9840000000000001 17.782 0.0158 17.1407 0.0542 16.7555 0.0072 16.5585 0.0096
286.659467 -64.51213100000001 27 0.991 15.1647 0.0088 14.9059 0.0055 14.7913 0.0043 14.7883 0.0067
286.893371 -64.360294 14 0.982 17.0569 0.0154 16.612000000000002 0.0086 16.4079 0.0091 16.2995 0.0117
287.3232 -64.45223399999999 6 0.981 nan nan 17.7662 0.0218 17.7295 0.0076 17.6775 0.0172
286.692185 -64.43599300000001 11 0.981 nan nan 18.1621 0.0314 17.8199 0.0062 17.621 0.0154
287.32847799999996 -64.45911600000001 4 0.981 nan nan nan nan 17.8595 0.0102 17.5504 0.0092
287.051626 -64.354364 10 0.983 17.8774 0.0212 17.7588 0.019 17.4709 0.0218 17.4318 0.0095
286.97142599999995 -64.646836 9 0.982 nan nan 17.7499 0.0246 17.3053 0.0403 17.1335 0.0116
286.711392 -64.57961800000001 5 0.9690000000000001 nan nan nan nan 18.7932 0.0101 18.3433 0.0135
287.16820099999995 -64.628693 4 0.977 nan nan nan nan 18.3206 0.017 18.2513 0.0148
287.03800099999995 -64.646897 6 0.98 nan nan 17.8552 0.028999999999999998 17.7232 0.0131 17.5639 0.0103
287.19135 -64.377187 19 0.985 17.275 0.0103 16.9513 0.01 16.7489 0.0151 16.6587 0.0218
286.76986800000003 -64.610444 4 0.972 nan nan nan nan 18.5642 0.0127 18.3918 0.0194
286.795023 -64.380895 8 0.981 nan nan nan nan 17.7936 0.0082 17.2197 0.0143
286.747425 -64.39919499999999 15 0.983 15.8348 0.0156 15.5159 0.0063 15.2799 0.0094 15.214 0.0055
287.32882 -64.545461 8 0.982 nan nan 17.8441 0.0231 17.2248 0.0077 16.9738 0.0179
286.85744 -64.635825 2 0.9640000000000001 nan nan nan nan 18.5059 0.0156 18.517 0.0174
286.765716 -64.60998599999999 10 0.983 nan nan 17.6736 0.0115 17.4059 0.0086 17.2546 0.0107
287.34400800000003 -64.518438 4 0.98 nan nan nan nan 18.4685 0.0466 18.3848 0.0598
287.26173700000004 -64.598197 8 0.982 nan nan 17.8289 0.0666 17.5809 0.0245 17.4555 0.0098
286.740135 -64.401113 25 0.996 14.7427 0.0062 14.4439 0.0053 14.2782 0.0049 14.24 0.0045
286.702091 -64.423146 9 0.9790000000000001 nan nan nan nan 17.8422 0.0092 17.2337 0.0219
286.687913 -64.43375 6 0.9670000000000001 nan nan nan nan 18.5995 0.0114 18.0474 0.0115
287.07524900000004 -64.353538 4 0.978 nan nan nan nan 18.0969 0.0114 17.93 0.0153
287.346986 -64.514966 9 0.9840000000000001 nan nan 17.9878 0.0304 16.69 0.0193 16.1729 0.0061
286.81318500000003 -64.627124 22 0.986 15.5631 0.0094 15.1965 0.0057 14.9831 0.0055 14.9103 0.0049
287.007139 -64.65029799999999 26 0.995 13.9501 0.0053 13.6127 0.0053 13.4365 0.0047 13.3901 0.0043
287.34427999999997 -64.474675 21 0.9990000000000001 13.9223 0.0073 13.6261 0.0061 13.4761 0.0053 13.4325 0.0056
287.34819 -64.487051 4 0.981 nan nan nan nan 18.2392 0.0113 18.0502 0.0648
287.15288799999996 -64.364655 4 0.9690000000000001 nan nan nan nan 18.7074 0.0176 18.6559 0.0865
286.99728 -64.34934799999999 2 0.971 nan nan nan nan 18.7439 0.0155 18.6595 0.0259
286.65368 -64.478273 28 1.0 13.7371 0.0053 13.5412 0.0053 13.4625 0.0043 13.4667 0.0048
287.310689 -64.570348 11 0.982 17.7803 0.0142 17.1836 0.0121 16.9512 0.0189 16.8415 0.0069
287.34662000000003 -64.47704499999999 3 0.975 nan nan nan nan 18.2512 0.0108 18.1397 0.0646
287.264024 -64.400446 4 0.977 nan nan nan nan 18.3847 0.0165 18.0723 0.0095
286.723131 -64.407051 15 0.993 17.6269 0.1325 17.3085 0.011000000000000001 17.0422 0.0096 16.9304 0.0161
286.6509 -64.519065 29 0.9990000000000001 14.6431 0.0053 14.3004 0.0053 14.1087 0.0043 14.0683 0.004
286.668215 -64.450005 10 0.983 nan nan 18.0727 0.0233 17.9655 0.0181 17.9707 0.0364
286.667313 -64.550102 15 0.982 17.8313 0.1023 17.519000000000002 0.0276 17.3348 0.0118 17.2791 0.0092
287.284938 -64.411175 4 0.9570000000000001 nan nan nan nan 18.878 0.0235 18.3594 0.0117
287.336029 -64.546329 14 0.983 16.5256 0.0108 16.1707 0.0147 15.9974 0.0107 15.9434 0.0086
286.798019 -64.375722 23 0.9890000000000001 15.758 0.0116 15.4768 0.0061 15.3032 0.0053 15.2608 0.0093
287.04823999999996 -64.349562 13 0.9840000000000001 17.506 0.0613 17.3431 0.0398 17.1494 0.0116 17.132 0.0058
286.898861 -64.645596 10 0.983 17.8102 0.0243 17.4382 0.0601 17.373 0.0124 17.2668 0.048
287.165677 -64.365844 4 0.977 nan nan nan nan 18.3354 0.0137 17.7487 0.0122
286.875876 -64.357541 12 0.98 17.2079 0.0222 17.0615 0.1064 16.885 0.0807 16.8722 0.0204
286.72845 -64.59776 3 0.965 nan nan nan nan 19.0864 0.0278 18.8186 0.0361
286.852219 -64.361767 4 0.978 nan nan nan nan 17.9871 0.1392 17.5399 0.0227
287.01933199999996 -64.652066 4 0.978 nan nan nan nan 18.2812 0.0205 18.2447 0.0446
286.658521 -64.541077 5 0.966 nan nan nan nan 18.6505 0.0303 18.4394 0.017
287.243084 -64.389133 5 0.98 nan nan nan nan 17.8905 0.0082 17.4672 0.0068
287.335834 -64.549589 15 0.9840000000000001 16.6103 0.0322 16.3607 0.0131 16.1997 0.0175 16.1579 0.0121
287.125063 -64.35682 4 0.97 nan nan nan nan 18.6029 0.0126 18.0764 0.024
287.330563 -64.443821 20 0.9990000000000001 14.2504 0.0075 13.8046 0.0064 13.4888 0.006 13.3606 0.0052
287.2043 -64.625502 4 0.9590000000000001 nan nan nan nan 18.8108 0.0161 18.3106 0.0484
286.64429 -64.502387 16 0.983 17.8313 0.0523 17.5516 0.0115 17.3668 0.0199 17.3046 0.0204
287.34993399999996 -64.471793 21 0.987 15.5365 0.0309 15.3269 0.0063 15.2541 0.0161 15.2268 0.0211
286.746698 -64.608151 4 0.963 nan nan nan nan 18.8615 0.0278 18.7593 0.0179
286.963724 -64.347189 13 0.995 17.17 0.0121 16.8814 0.0094 16.6645 0.0103 16.5912 0.0166
287.346043 -64.538013 4 0.9670000000000001 nan nan nan nan 18.8055 0.023 18.0931 0.0153
286.868375 -64.643343 10 0.983 17.8438 0.0654 17.485 0.0509 17.339000000000002 0.0156 17.2833 0.0084
286.77272999999997 -64.619431 4 0.975 nan nan nan nan 18.383 0.0136 18.2319 0.0269
287.33845099999996 -64.449113 6 0.978 nan nan 17.9186 0.1002 17.7775 0.0099 17.7565 0.0104
286.704427 -64.588053 23 0.9890000000000001 16.6537 0.0153 16.3067 0.0065 16.0646 0.0073 15.9731 0.0105
286.980587 -64.65436600000001 17 0.9840000000000001 16.8846 0.0173 16.4528 0.0121 16.1533 0.0109 16.0501 0.0113
286.784737 -64.623976 4 0.971 nan nan nan nan 18.825 0.0175 18.5062 0.0379
287.289808 -64.408815 4 0.976 nan nan nan nan 18.3978 0.028999999999999998 18.2596 0.0352
287.089031 -64.649939 6 0.983 nan nan nan nan 17.3839 0.0065 16.9474 0.006999999999999999
287.151615 -64.359758 4 0.975 nan nan nan nan 18.3918 0.0091 18.082 0.0134
286.745706 -64.609833 4 0.95 nan nan nan nan 18.9052 0.0158 18.487000000000002 0.0154
286.659902 -64.551651 20 0.987 15.8476 0.0088 15.4453 0.0066 15.2099 0.0075 15.126 0.0089
287.35046600000004 -64.462533 6 0.982 nan nan nan nan 17.6149 0.0095 17.3123 0.0209
287.361531 -64.497346 11 0.983 17.9049 0.0434 17.4662 0.0958 17.223 0.0081 17.1194 0.0073
286.760977 -64.617047 7 0.981 nan nan nan nan 17.7043 0.0081 17.2325 0.0173
287.35159100000004 -64.53705500000001 4 0.986 nan nan nan nan 17.861 0.0278 17.2232 0.0081
286.78026 -64.37604 17 0.983 16.9677 0.0167 16.7489 0.0168 16.5928 0.006 16.5767 0.0216
286.671512 -64.566379 7 0.975 nan nan nan nan 18.487000000000002 0.0324 17.8666 0.0163
286.751891 -64.614147 4 0.961 nan nan nan nan 19.1161 0.0212 18.9195 0.0402
286.839336 -64.360021 10 0.9790000000000001 nan nan 17.5959 0.0361 16.8579 0.0101 16.7031 0.0158
286.708758 -64.593661 4 0.96 nan nan nan nan 18.6006 0.0117 18.423 0.0226
286.777365 -64.62389499999999 14 0.983 17.7066 0.0237 17.4127 0.0178 17.1586 0.0133 17.0963 0.0087
287.105421 -64.649884 17 0.9940000000000001 12.3307 0.0063 11.8102 0.0061 11.4788 0.0074 11.3326 0.0061
287.17278799999997 -64.637897 21 0.985 16.0306 0.0086 15.7027 0.0085 15.5115 0.0108 15.4677 0.0092
286.856605 -64.644013 13 0.983 16.7494 0.0222 16.4845 0.0095 16.2737 0.0073 16.1973 0.009000000000000001
286.894472 -64.64993199999999 8 0.982 nan nan 17.5648 0.0312 17.3528 0.0077 17.248 0.0077
287.345689 -64.451432 10 0.9890000000000001 17.3534 0.0195 17.1577 0.0136 16.9657 0.0081 16.9007 0.0076
287.344359 -64.44865 8 0.982 17.9253 0.0172 17.6731 0.0503 17.4304 0.0204 17.3412 0.0134
286.850281 -64.356821 13 0.985 17.7513 0.0748 17.1651 0.0307 16.717 0.0141 16.5928 0.0085
287.106015 -64.34965799999999 27 0.99 14.9161 0.0061 14.5223 0.0053 14.2442 0.0047 14.1548 0.0068
287.359962 -64.47400400000001 5 0.9790000000000001 nan nan 18.1228 0.0327 17.9609 0.0081 17.9284 0.0291
286.797257 -64.369348 16 0.982 17.5278 0.0122 17.3167 0.0099 16.9888 0.0158 16.9499 0.0099
286.919305 -64.34662800000001 16 0.987 15.7216 0.0177 15.1088 0.0193 14.6219 0.0123 14.4048 0.0155
286.701666 -64.591185 21 0.9840000000000001 16.3735 0.028999999999999998 15.6578 0.0067 15.0867 0.0044 14.8359 0.0078
286.908189 -64.652334 8 0.981 nan nan 17.922 0.0273 17.7459 0.0146 17.6291 0.0404
287.175238 -64.362013 17 0.988 17.4041 0.0147 17.1437 0.0112 16.9519 0.0128 16.8841 0.0075
287.270821 -64.606039 19 0.987 16.9766 0.0379 16.4132 0.0269 16.0992 0.0138 15.9699 0.019
287.288434 -64.59716 16 0.985 16.34 0.0081 15.8646 0.0072 15.6542 0.0059 15.5804 0.0051
287.269224 -64.606955 1 0.981 nan nan nan nan 17.758 0.0198 nan nan
287.09899900000005 -64.348101 12 0.985 nan nan 17.2508 0.0559 16.4484 0.0156 16.1253 0.0068
287.29764700000004 -64.592975 4 0.965 nan nan nan nan 19.0088 0.0156 18.9185 0.040999999999999995
287.23295099999996 -64.62254200000001 16 0.983 17.0884 0.0269 16.8383 0.0167 16.6674 0.0087 16.6272 0.0087
287.211872 -64.62947 4 0.985 nan nan nan nan 18.2616 0.0171 17.8421 0.0103
286.715193 -64.60035699999999 5 0.955 nan nan nan nan 18.8001 0.0178 18.8213 0.037000000000000005
286.66308100000003 -64.43679200000001 4 0.958 nan nan nan nan 18.8871 0.0132 18.5702 0.0541
287.258892 -64.387701 4 0.968 nan nan nan nan 18.7731 0.0171 18.7336 0.0125
286.745669 -64.385737 13 0.982 17.8599 0.0117 17.5942 0.0248 17.5282 0.0408 17.5521 0.0088
286.918791 -64.345508 5 0.9840000000000001 nan nan nan nan 16.3323 0.0136 16.125999999999998 0.0113
286.632312 -64.493422 13 0.983 nan nan 18.2199 0.0206 16.8258 0.0065 16.261 0.0106
286.651187 -64.449116 4 0.9740000000000001 nan nan nan nan 18.7017 0.0097 18.6162 0.0362
287.323313 -64.57697900000001 4 0.9670000000000001 nan nan nan nan 18.6185 0.0283 18.3092 0.0848
287.063628 -64.34340300000001 9 0.981 nan nan nan nan 17.6391 0.0372 17.1615 0.0309
286.66603100000003 -64.568318 32 0.987 15.6214 0.0132 15.5081 0.0058 15.4574 0.0081 15.4688 0.0049
286.86314500000003 -64.352292 3 0.977 nan nan nan nan 18.0543 0.012 17.7527 0.0441
287.13118199999997 -64.351254 18 0.983 17.2439 0.017 16.9306 0.0087 16.6951 0.0074 16.5998 0.006
287.046502 -64.657944 5 0.9790000000000001 nan nan 18.0929 0.0378 18.0652 0.0254 18.0323 0.0428
286.996422 -64.659253 3 0.982 nan nan 18.0005 0.0303 17.9927 0.011000000000000001 17.9461 0.0135
287.280354 -64.604293 4 0.972 nan nan nan nan 18.8394 0.0144 18.8028 0.0863
287.012738 -64.659244 4 0.9640000000000001 nan nan nan nan 18.7854 0.0265 18.7803 0.0287
286.865729 -64.648614 4 0.956 nan nan nan nan 19.1902 0.0324 18.9141 0.1525
286.776402 -64.627337 4 0.971 nan nan nan nan 18.5844 0.0121 18.2943 0.0148
286.649075 -64.551823 21 0.99 16.9628 0.0099 16.202 0.0117 15.6783 0.006 15.4805 0.0061
286.71369300000003 -64.601777 7 0.968 nan nan nan nan 18.5226 0.0242 18.1467 0.0454
286.775338 -64.37311600000001 4 0.958 nan nan nan nan 18.9365 0.0124 18.6917 0.013000000000000001
287.344953 -64.559196 6 0.98 nan nan 17.9609 0.1596 17.7853 0.0074 17.726 0.0108
287.160793 -64.644098 9 0.983 nan nan 17.7365 0.0121 16.804000000000002 0.0073 16.3504 0.0092
287.366905 -64.525511 3 0.973 nan nan nan nan 18.562 0.03 18.5718 0.032
286.850542 -64.353569 2 0.9670000000000001 nan nan nan nan 18.5353 0.0108 18.1134 0.0137
287.11814300000003 -64.347767 4 0.966 nan nan nan nan 18.7714 0.0124 18.7669 0.0164
287.180427 -64.359589 17 0.983 17.2056 0.0171 16.8559 0.0149 16.7047 0.0214 16.6811 0.0137
287.281356 -64.394821 4 0.9640000000000001 nan nan nan nan 19.1191 0.0229 18.9101 0.1085
286.877942 -64.652074 16 0.987 13.0786 0.0062 12.5741 0.0061 12.2216 0.0074 12.0711 0.0062
287.325925 -64.579006 13 0.983 16.4598 0.0113 16.1474 0.0071 16.0148 0.008 15.9798 0.0092
287.20919399999997 -64.36681800000001 6 0.981 nan nan nan nan 17.8676 0.0077 17.1135 0.0257
287.269629 -64.388806 26 0.998 13.7316 0.0053 13.4689 0.0053 13.3344 0.0048 13.3084 0.0059
286.809042 -64.638633 6 0.981 nan nan 17.8004 0.0171 17.5446 0.0127 17.4349 0.0078
286.626786 -64.513763 10 0.981 nan nan 17.8852 0.0215 17.8824 0.0236 17.7685 0.0221
286.76094 -64.6244 4 0.973 nan nan nan nan 18.6522 0.0102 18.6045 0.0151
286.828015 -64.643528 2 0.975 nan nan nan nan 18.1111 0.011000000000000001 18.0549 0.0139
287.37432 -64.490269 12 0.981 17.7023 0.0292 17.6053 0.0238 17.3542 0.0072 17.2532 0.0139
287.155097 -64.352556 8 0.982 nan nan 17.9482 0.21 17.6406 0.0079 17.4873 0.0141
287.013508 -64.33813 6 0.98 nan nan nan nan 17.6049 0.0191 17.3491 0.0534
286.63888199999997 -64.546081 21 0.987 15.380999999999998 0.0055 14.8882 0.0059 14.5572 0.0047 14.4397 0.0047
287.037597 -64.338773 26 0.9840000000000001 15.6201 0.0066 15.3096 0.0065 15.0733 0.0054 14.9879 0.0048
287.054797 -64.33944699999999 12 0.995 17.5957 0.0869 17.1279 0.0404 16.9905 0.0098 16.8815 0.0065
287.332703 -64.57679 10 0.983 17.8006 0.0155 17.4515 0.0191 16.9872 0.0083 16.8701 0.013999999999999999
287.34252599999996 -64.432292 4 0.9790000000000001 nan nan nan nan 18.1738 0.0085 18.1312 0.0167
287.340002 -64.570852 19 0.9990000000000001 13.2594 0.006999999999999999 12.8097 0.0061 12.5075 0.0074 12.4065 0.0047
287.37645699999996 -64.489098 6 0.98 nan nan nan nan 17.9054 0.0083 17.4894 0.0191
287.336314 -64.426571 17 0.985 12.5323 0.0091 12.3206 0.0061 12.2204 0.0074 12.2197 0.0068
286.629473 -64.533692 5 0.955 nan nan nan nan 18.8328 0.0078 18.634 0.0143
287.195741 -64.36048199999999 20 0.9840000000000001 16.1731 0.0183 15.9121 0.0136 15.7408 0.0053 15.6922 0.0048
286.684596 -64.590772 23 0.992 16.0436 0.0136 15.6974 0.0065 15.4787 0.0062 15.4487 0.005
287.02520699999997 -64.662853 7 0.978 nan nan 17.9925 0.0508 17.8845 0.0083 17.837 0.0105
287.31496200000004 -64.591181 4 0.975 nan nan nan nan 18.4579 0.0092 18.1549 0.0567
286.66828599999997 -64.421286 27 0.995 15.1526 0.0058 14.9045 0.0058 14.7868 0.0047 14.7616 0.0044
286.769137 -64.629816 5 0.978 nan nan 18.0919 0.0308 18.0451 0.0085 17.9458 0.0102
287.287512 -64.607212 4 0.9570000000000001 nan nan nan nan 18.7265 0.0136 18.1976 0.0132
286.78346600000003 -64.365663 4 0.98 nan nan nan nan 18.422 0.0148 18.02 0.0399
287.07684 -64.660721 6 0.98 nan nan 17.9944 0.0858 17.9069 0.0139 17.8149 0.0369
287.290204 -64.393788 15 0.991 17.8496 0.0307 17.4453 0.039 17.1969 0.0065 17.0786 0.0116
286.650601 -64.56621 28 0.9940000000000001 14.1215 0.0053 13.9791 0.0053 13.9148 0.0045 13.9316 0.004
286.618602 -64.50027800000001 14 0.983 17.1375 0.0131 16.4845 0.0124 16.139 0.0055 16.0026 0.006999999999999999
286.69021000000004 -64.596506 8 0.9790000000000001 nan nan nan nan 18.1297 0.035 17.9686 0.040999999999999995
287.331421 -64.41843 15 0.9890000000000001 16.4439 0.0241 15.9265 0.0128 15.6383 0.006 15.5207 0.0053
286.65092799999996 -64.433298 4 0.9690000000000001 nan nan nan nan 18.5586 0.0098 18.3796 0.063
286.646367 -64.563406 8 0.981 nan nan nan nan 17.6133 0.0067 17.3338 0.0233
286.637559 -64.447425 10 0.982 nan nan 17.9919 0.0821 17.8711 0.0191 17.8289 0.0086
287.047438 -64.663648 9 0.982 nan nan nan nan 17.430999999999997 0.0125 17.0447 0.011000000000000001
287.38017 -64.520749 5 0.98 nan nan 18.0622 0.0343 18.0689 0.0114 17.9846 0.0098
286.78382999999997 -64.63630699999999 6 0.981 17.8988 0.040999999999999995 17.9057 0.0849 17.7488 0.0127 17.6952 0.0096
287.25514100000004 -64.62348399999999 16 0.9840000000000001 17.5792 0.0794 16.8583 0.0079 16.4462 0.0067 16.2398 0.0102
286.725456 -64.384949 6 0.981 nan nan nan nan 17.5961 0.0092 17.2861 0.0141
287.37883 -64.47460600000001 18 0.983 16.8599 0.0196 16.4358 0.0126 16.1438 0.0211 16.0438 0.0065
287.32458399999996 -64.588374 11 0.986 17.1284 0.0425 16.4406 0.0084 15.9501 0.0122 15.7657 0.0063
286.618746 -64.51998499999999 5 0.96 nan nan nan nan 18.8612 0.0186 18.4504 0.0958
287.326666 -64.41315999999999 8 0.982 nan nan 17.6487 0.0218 17.4689 0.0159 17.3999 0.0281
287.186202 -64.3552 16 0.9840000000000001 16.7156 0.0408 16.3876 0.0081 16.0899 0.0084 16.0095 0.0053
286.682921 -64.594227 5 0.9690000000000001 nan nan nan nan 18.6856 0.0373 18.7325 0.022000000000000002
287.361036 -64.55801 11 0.981 17.9413 0.0179 17.6129 0.0146 17.3606 0.0211 17.3288 0.0213
287.282259 -64.387523 27 1.0 15.1296 0.0073 14.8163 0.0053 14.6433 0.0052 14.5914 0.0044
287.345832 -64.42744 7 0.982 nan nan 17.6278 0.0166 17.335 0.0164 17.207 0.013999999999999999
286.78146499999997 -64.637087 8 0.982 nan nan 17.8408 0.0577 17.6727 0.0084 17.6216 0.0093
286.913287 -64.338131 10 0.982 nan nan 18.1719 0.0377 17.4262 0.0109 17.1452 0.022000000000000002
286.725229 -64.383563 8 0.981 nan nan 17.761 0.0643 17.6869 0.015 17.5971 0.0156
286.904205 -64.338738 5 0.9840000000000001 nan nan nan nan 17.6595 0.0078 17.5114 0.0138
287.234214 -64.632765 4 0.9570000000000001 nan nan nan nan 18.8609 0.0274 18.4575 0.0623
287.356041 -64.566307 10 0.9840000000000001 16.9875 0.0305 16.5705 0.0324 16.3806 0.0081 16.2733 0.0112
287.21454700000004 -64.36115699999999 4 0.956 nan nan nan nan 19.0339 0.0223 18.5084 0.0204
287.266169 -64.37884 10 0.982 17.684 0.0161 17.5 0.0163 17.3743 0.0096 17.320999999999998 0.0154
287.056744 -64.334786 4 0.975 nan nan nan nan 18.5792 0.0138 18.3727 0.0133
287.34373 -64.577926 4 0.956 nan nan nan nan 18.9679 0.0122 18.6389 0.0153
286.87406 -64.341835 2 0.968 nan nan nan nan 18.5749 0.0151 18.583 0.0231
287.133701 -64.342881 4 0.9790000000000001 nan nan nan nan 18.1393 0.0081 17.9737 0.0079
287.35705099999996 -64.567844 23 0.99 15.2422 0.0296 14.7757 0.0202 14.4935 0.0069 14.3823 0.0067
286.956613 -64.666816 2 0.968 nan nan nan nan 18.5289 0.0237 18.4712 0.0123
286.63901 -64.436691 19 0.99 16.0642 0.0064 15.6051 0.0138 15.318 0.0044 15.2225 0.0063
287.290564 -64.612429 16 0.9840000000000001 16.6301 0.0084 16.2935 0.0099 16.1435 0.0067 16.0862 0.0055
287.388128 -64.482353 4 0.973 nan nan nan nan 18.4864 0.0159 18.3682 0.0257
287.08980499999996 -64.66371099999999 4 0.978 nan nan nan nan 18.1548 0.0221 18.0375 0.0258
286.614303 -64.473724 19 0.983 17.9149 0.039 17.4116 0.0099 17.0029 0.0132 16.7801 0.0079
286.890567 -64.661635 5 0.978 nan nan nan nan 18.0349 0.0082 17.7619 0.0099
287.180258 -64.649526 4 0.98 nan nan nan nan 18.0753 0.0114 17.8204 0.022000000000000002
286.907205 -64.663922 7 0.982 nan nan 17.6579 0.0226 17.4863 0.0172 17.4817 0.0112
287.359088 -64.432903 16 0.985 16.1366 0.0233 15.8442 0.0076 15.6831 0.0061 15.6447 0.0077
287.318621 -64.401895 4 0.978 nan nan nan nan 18.2079 0.0096 18.0374 0.0148
286.911337 -64.66458 14 0.986 17.2874 0.0101 16.8731 0.0102 16.6041 0.0089 16.5155 0.011000000000000001
286.787867 -64.642308 4 0.953 nan nan nan nan 19.1748 0.0215 18.6542 0.0141
287.267125 -64.62406999999999 19 0.983 17.3154 0.059000000000000004 17.0972 0.0201 16.8739 0.0065 16.7828 0.0207
