ra dec ngood class_star g_psf e_g_psf r_psf e_r_psf i_psf e_i_psf z_psf e_z_psf
321.999329 -66.793722 7 0.998 nan nan nan nan nan nan nan nan
321.963329 -66.79299 4 0.9670000000000001 nan nan nan nan 17.1403 0.0143 17.0943 0.0888
322.02488900000003 -66.780906 7 0.9790000000000001 nan nan nan nan 16.1568 0.0074 15.9617 0.012
321.977656 -66.82242600000001 12 0.983 15.7256 0.0249 nan nan 15.3709 0.0064 15.3745 0.0109
321.953959 -66.78114000000001 5 0.9740000000000001 nan nan nan nan 16.6978 0.0125 16.6905 0.0194
321.930408 -66.815914 11 0.98 16.4598 0.0091 16.2414 0.0392 16.0623 0.0089 16.0277 0.0092
322.051395 -66.826197 8 0.97 17.5795 0.0635 17.3057 0.0256 17.059 0.0127 17.0321 0.0441
322.075809 -66.816098 9 0.9570000000000001 17.4692 0.0401 17.3511 0.0691 17.0575 0.0105 16.9834 0.0267
322.085025 -66.81104300000001 14 0.9790000000000001 16.8153 0.0092 16.5198 0.0107 16.397000000000002 0.0113 16.3956 0.0158
322.083852 -66.813574 9 0.9570000000000001 17.3643 0.0707 17.198 0.0116 16.8996 0.077 16.9117 0.0106
321.90914399999997 -66.796302 16 0.982 16.09 0.0085 15.7914 0.0109 15.6118 0.0181 15.5934 0.0082
321.916916 -66.817702 22 0.998 12.1201 0.0054 11.7205 0.0053 11.4708 0.0053 11.3958 0.0065
321.928775 -66.829003 5 0.98 nan nan nan nan 16.387999999999998 0.0173 16.3697 0.0215
322.051277 -66.835915 15 0.983 15.9914 0.01 15.619000000000002 0.0058 15.3715 0.0179 15.3129 0.0081
322.079127 -66.770176 22 0.9890000000000001 13.0055 0.0077 12.7616 0.0117 12.6343 0.0136 12.6379 0.0229
322.021211 -66.75765899999999 10 0.972 17.4298 0.0558 17.1557 0.0218 16.8261 0.0857 16.8565 0.0213
321.937501 -66.764279 17 0.995 12.3776 0.0061 12.1219 0.0094 11.9984 0.0061 11.9877 0.0061
322.082884 -66.77129000000001 4 0.977 nan nan 15.8022 0.0175 15.2935 0.0086 15.1358 0.0194
321.891683 -66.779926 14 0.983 16.9553 0.0391 16.1253 0.0243 15.1661 0.0089 14.8427 0.0114
321.879954 -66.788779 11 0.9840000000000001 13.1773 0.0079 12.7579 0.0127 12.4683 0.0075 12.3754 0.0105
321.896154 -66.82690699999999 5 0.973 17.4488 0.0222 nan nan 16.8699 0.0156 16.8453 0.009000000000000001
321.986765 -66.745221 20 0.983 14.8705 0.0105 14.4906 0.0117 14.2775 0.0074 14.2023 0.0061
321.860102 -66.803374 17 0.983 15.6018 0.0113 15.3137 0.0062 15.1244 0.0068 15.1018 0.0065
321.930673 -66.848042 5 0.997 nan nan nan nan nan nan nan nan
321.99742599999996 -66.85669 10 0.98 18.0681 0.0513 17.4113 0.0173 16.33 0.0263 15.9223 0.0254
322.07797400000004 -66.847774 22 0.983 14.4989 0.0091 14.190999999999999 0.0058 13.9872 0.0069 13.9415 0.0062
322.033167 -66.855489 4 0.9640000000000001 nan nan nan nan 17.1923 0.0901 16.7979 0.013999999999999999
321.964953 -66.744377 6 0.958 17.8313 0.0314 17.6116 0.0191 17.3749 0.0208 17.3566 0.0185
322.034165 -66.742734 11 0.975 17.1419 0.0232 16.9117 0.0651 16.7717 0.0266 16.7281 0.0438
322.145402 -66.81350400000001 10 0.971 17.4149 0.0403 17.0803 0.0319 16.9157 0.012 16.8962 0.0858
321.84963700000003 -66.811063 13 0.987 14.1509 0.0065 13.4179 0.0075 12.8769 0.0061 12.672 0.0075
322.071723 -66.85523 20 0.985 15.3609 0.0106 15.0945 0.0064 14.9238 0.0203 14.9167 0.0092
322.009879 -66.73719 8 0.971 17.4603 0.0143 17.2357 0.0499 16.9469 0.0186 16.9695 0.0077
322.15765600000003 -66.810609 11 0.9690000000000001 17.2584 0.0111 16.9376 0.0145 16.7276 0.0212 16.7026 0.0107
322.144177 -66.768049 11 0.978 17.3779 0.0512 16.9634 0.009000000000000001 16.739 0.0114 16.5511 0.0378
322.118658 -66.75406 22 0.997 10.841 0.0053 10.7789 0.0083 10.7756 0.0053 10.825 0.0061
322.171889 -66.785411 7 0.966 17.8936 0.033 17.2002 0.0214 16.7371 0.0098 16.4682 0.0115
321.86464700000005 -66.75561 5 0.983 nan nan 17.8036 0.0228 16.2007 0.0101 15.5863 0.0306
322.05812799999995 -66.8673 12 0.978 17.4938 0.0285 16.8395 0.013000000000000001 16.3794 0.0076 16.2212 0.0514
322.172888 -66.77591 15 0.98 16.8321 0.025 16.4903 0.0335 16.3577 0.0153 16.3725 0.0179
322.172165 -66.825272 15 0.98 16.4492 0.0097 16.4935 0.0096 16.5735 0.036000000000000004 16.6857 0.0327
322.04112599999996 -66.872714 21 0.99 14.379000000000001 0.0103 14.0454 0.0084 13.8451 0.0068 13.7818 0.0078
321.84585899999996 -66.843413 11 0.971 16.8433 0.0262 16.4272 0.0123 16.1583 0.0476 16.0506 0.0353
321.839123 -66.758101 11 0.9740000000000001 16.6123 0.0109 16.1723 0.0179 15.8698 0.0065 15.7398 0.0424
321.858062 -66.746499 16 0.983 15.6998 0.0064 15.2881 0.0166 15.0568 0.0053 14.9421 0.0063
321.91799100000003 -66.872727 12 0.9840000000000001 15.4101 0.0056 nan nan 14.8802 0.0141 14.8631 0.0142
321.923581 -66.875165 7 0.9740000000000001 nan nan 17.349 0.0566 16.9575 0.0476 16.7542 0.0176
321.834024 -66.850171 11 0.972 15.899000000000001 0.0298 15.9757 0.0162 16.1198 0.0115 16.2439 0.0111
321.78457599999996 -66.783208 22 0.9840000000000001 13.6454 0.0056 13.450999999999999 0.0053 13.3414 0.0056 13.3436 0.0061
322.130962 -66.871238 15 0.9840000000000001 13.6152 0.0102 13.3022 0.0122 13.129000000000001 0.0074 13.0648 0.0151
322.10148 -66.719948 4 0.963 nan nan 17.8153 0.0184 17.235 0.011000000000000001 17.0645 0.013999999999999999
321.824215 -66.856837 11 0.977 16.6204 0.0099 16.0787 0.0117 15.8194 0.0157 15.7409 0.0081
321.826642 -66.741328 12 0.982 15.5785 0.0192 15.2636 0.016 15.1323 0.0086 15.125 0.016
322.201066 -66.754041 8 0.9540000000000001 17.8906 0.0286 17.4396 0.0108 16.9984 0.0703 16.9099 0.0128
322.212779 -66.84464100000001 20 0.986 15.0895 0.0102 14.9799 0.0083 14.9331 0.0089 14.9868 0.0078
321.76814 -66.827114 16 0.9840000000000001 15.7183 0.0118 15.3573 0.0128 15.118 0.0111 15.0228 0.013000000000000001
322.032338 -66.896001 9 0.981 17.9523 0.0352 17.1974 0.0717 15.9366 0.0148 15.4933 0.0091
321.75401 -66.803042 20 0.983 15.0767 0.0066 14.8304 0.0128 14.7302 0.0149 14.7948 0.0287
321.802173 -66.742227 9 0.9740000000000001 16.3451 0.0105 15.9741 0.0087 15.7269 0.0066 15.6826 0.0083
322.031195 -66.703366 14 0.982 16.305 0.0076 15.9942 0.0132 15.774000000000001 0.0209 15.6946 0.0151
321.75171 -66.802548 1 0.975 nan nan nan nan 16.4811 0.013999999999999999 nan nan
322.043019 -66.702127 4 0.9620000000000001 nan nan 18.0338 0.0424 17.5082 0.0202 17.1791 0.0461
321.99044 -66.899411 14 0.983 16.0327 0.0068 15.6051 0.019 15.4071 0.0148 15.3059 0.011000000000000001
321.779719 -66.747141 14 0.988 15.5563 0.0074 15.0454 0.0064 14.6925 0.0054 14.5755 0.0078
321.92577 -66.898372 6 0.976 nan nan nan nan 17.0246 0.0557 16.3908 0.0069
321.922529 -66.69981700000001 15 0.981 16.4607 0.0149 16.1468 0.0109 15.9016 0.0096 15.8532 0.0117
321.74147999999997 -66.774675 18 0.9990000000000001 13.1507 0.006999999999999999 12.4017 0.0063 11.8287 0.0057 11.5843 0.0095
321.734561 -66.78785699999999 15 0.986 16.2828 0.0068 15.8483 0.0105 15.5241 0.0058 15.4083 0.013000000000000001
322.252723 -66.837466 19 0.9840000000000001 15.2181 0.0104 14.9397 0.0087 14.7904 0.0094 14.7545 0.0074
322.15551899999997 -66.887206 9 0.9690000000000001 17.3977 0.0321 17.0836 0.0381 16.9366 0.0112 16.9501 0.0177
322.267413 -66.825859 14 0.983 15.5516 0.006999999999999999 15.0227 0.0081 14.6598 0.008 14.548 0.0074
321.865238 -66.705348 14 0.991 16.3951 0.008 16.1512 0.0141 16.0379 0.0102 15.9867 0.0111
321.729181 -66.821517 11 0.983 17.7165 0.0262 16.8835 0.0281 15.4799 0.006999999999999999 14.9772 0.0114
321.727929 -66.826846 3 0.975 nan nan nan nan 17.2517 0.012 16.8248 0.0319
322.27856 -66.782759 12 0.972 17.4035 0.0855 16.899 0.038 16.7219 0.0459 16.5668 0.0074
322.283885 -66.789331 10 0.968 17.2985 0.0967 17.1441 0.0096 16.9326 0.0445 16.9911 0.0085
321.75572400000004 -66.739396 6 0.9740000000000001 nan nan 17.4571 0.0231 16.9224 0.0125 16.7054 0.021
321.877741 -66.903614 11 0.977 17.3531 0.0289 16.9688 0.0228 16.7435 0.0124 16.6499 0.026000000000000002
322.234321 -66.869178 7 0.961 nan nan 17.4765 0.0181 16.8785 0.0153 16.5609 0.0371
322.28224500000005 -66.830613 8 0.9670000000000001 17.3114 0.0556 17.2196 0.013000000000000001 16.927 0.012 16.826 0.0285
322.065615 -66.912638 17 0.9890000000000001 15.4686 0.0068 15.1162 0.008 14.9048 0.008 14.8265 0.0123
321.729131 -66.753035 15 0.982 16.2244 0.0168 15.9812 0.0147 15.805 0.0071 15.7789 0.0093
322.166204 -66.896987 18 0.983 15.9087 0.0095 15.6974 0.0105 15.5351 0.0119 15.5467 0.0247
321.998051 -66.917165 12 0.983 16.4804 0.0084 15.9193 0.0063 15.5215 0.0139 15.339 0.0098
321.751133 -66.735698 15 0.982 16.2628 0.0107 15.9578 0.008 15.8183 0.0229 15.7986 0.0244
322.068822 -66.915334 5 0.955 nan nan 17.6593 0.0178 17.1767 0.0141 16.9405 0.0122
322.067863 -66.683779 21 0.9840000000000001 13.9546 0.0059 13.6015 0.0058 13.3866 0.0054 13.325999999999999 0.0061
321.757529 -66.72795699999999 13 0.981 17.0751 0.0325 16.584 0.0113 16.2272 0.0083 16.0827 0.008
321.80595800000003 -66.892372 8 0.976 17.3991 0.0315 16.808 0.0213 15.9501 0.0138 15.6768 0.0085
321.743561 -66.73565500000001 7 0.978 nan nan 18.1624 0.0142 16.8019 0.0139 16.3433 0.0144
322.157823 -66.903312 18 0.9840000000000001 15.3738 0.0076 15.0611 0.0095 14.8729 0.0061 14.8417 0.0114
322.00656200000003 -66.92075600000001 7 0.95 17.4761 0.0256 17.3346 0.0425 17.0861 0.0153 17.0976 0.015
322.20118199999996 -66.89151899999999 13 0.982 16.5973 0.0135 16.114 0.0137 15.8386 0.0074 15.7317 0.008
322.21894 -66.714405 10 0.971 17.2612 0.0262 16.9793 0.0379 16.7682 0.0126 16.7533 0.0249
321.695197 -66.775735 5 0.9620000000000001 nan nan 18.0849 0.0416 17.3389 0.0356 17.0785 0.1605
321.736198 -66.734157 21 0.9840000000000001 14.6474 0.0055 14.2902 0.0061 14.0453 0.0053 13.9853 0.009000000000000001
321.70573199999995 -66.75545100000001 22 0.986 12.7674 0.0056 12.5733 0.0053 12.4788 0.0053 12.4936 0.0079
322.233291 -66.883973 14 0.9940000000000001 15.6729 0.0056 15.1492 0.0062 14.7814 0.0063 14.6754 0.0123
321.693407 -66.836188 21 0.985 14.4639 0.0081 14.1693 0.0054 13.959000000000001 0.0058 13.8971 0.0061
322.18587 -66.90400799999999 4 0.951 nan nan 17.9693 0.0466 17.2266 0.0171 16.9714 0.0129
322.32316000000003 -66.810014 12 0.976 16.8277 0.011000000000000001 16.6466 0.0087 16.4503 0.0151 16.4149 0.013999999999999999
322.29089799999997 -66.858319 6 0.975 nan nan 18.4093 0.0393 16.94 0.0139 16.3521 0.0108
321.673395 -66.791449 12 0.983 15.5671 0.0106 15.3433 0.0078 15.1752 0.018000000000000002 15.1348 0.0223
322.21000699999996 -66.700841 4 0.9640000000000001 nan nan nan nan 17.3535 0.0217 16.718 0.0436
322.085463 -66.925497 13 0.985 16.5178 0.0118 16.0251 0.0074 15.7917 0.0129 15.6978 0.0076
322.067456 -66.928023 9 0.983 15.9524 0.009000000000000001 15.2688 0.0084 14.8784 0.0128 14.6807 0.0192
321.794094 -66.903871 8 0.966 17.3197 0.0463 17.1878 0.1092 17.0741 0.0135 16.9996 0.0486
321.844879 -66.91786 11 0.981 16.7287 0.0145 15.9194 0.0298 15.1061 0.0071 14.773 0.0079
321.66442 -66.785268 7 0.983 16.2198 0.0384 15.7289 0.0236 15.3321 0.0085 15.1762 0.0105
322.101254 -66.672493 8 0.976 17.5565 0.0138 17.3882 0.0307 16.8001 0.0117 16.5989 0.0123
322.218727 -66.695901 6 0.977 nan nan 17.7728 0.018000000000000002 16.8288 0.0166 16.5075 0.0109
322.21026800000004 -66.692134 22 0.9990000000000001 11.9237 0.0067 11.288 0.0055 10.9008 0.0054 10.7236 0.0061
321.729122 -66.71328299999999 13 0.981 16.1746 0.0179 15.8641 0.0104 15.6342 0.0088 15.6081 0.009000000000000001
322.083186 -66.66580400000001 6 0.9520000000000001 nan nan 17.6572 0.086 17.2265 0.0645 17.1427 0.0567
321.923489 -66.664088 11 0.983 16.3027 0.0215 15.9324 0.0227 15.704 0.0075 15.6086 0.0124
322.333867 -66.754407 9 0.981 17.86 0.0148 17.0687 0.0263 16.3016 0.0087 16.0006 0.0318
321.88625299999995 -66.667715 12 0.9890000000000001 15.5815 0.0111 14.7284 0.0101 13.8689 0.0066 13.5569 0.006999999999999999
322.32309399999997 -66.741844 16 0.9890000000000001 14.8784 0.0176 14.2879 0.0072 13.9076 0.0054 13.7673 0.0067
321.720254 -66.886775 6 0.966 nan nan 17.6221 0.0261 16.9346 0.0163 16.691 0.0449
322.339425 -66.757153 14 0.985 15.9019 0.0059 15.309000000000001 0.0063 14.9517 0.0151 14.8267 0.0144
321.77095 -66.691873 11 0.981 16.9238 0.0118 nan nan 16.3476 0.0107 16.2956 0.0129
322.192475 -66.919206 7 0.9790000000000001 nan nan 17.2798 0.0798 16.6371 0.0094 16.3706 0.0115
321.72949900000003 -66.892983 4 0.9540000000000001 nan nan 17.7486 0.019 17.1362 0.0258 16.9896 0.0197
321.77182400000004 -66.690922 7 0.978 16.6674 0.03 nan nan 16.2788 0.0172 16.2737 0.0214
322.240812 -66.69494300000001 3 0.951 nan nan nan nan 17.7704 0.0299 17.2144 0.0125
321.656929 -66.84478399999999 11 0.9990000000000001 11.5941 0.0076 11.1525 0.0074 10.8578 0.0074 10.7705 0.0105
321.651691 -66.762563 7 0.983 16.1422 0.0126 15.3449 0.0157 14.5783 0.0193 14.2381 0.0105
322.238838 -66.69268100000001 13 0.978 16.7124 0.0263 16.4598 0.0213 16.3616 0.0103 16.4005 0.0102
322.26239300000003 -66.701463 15 0.983 16.6186 0.0245 15.9151 0.0135 15.5026 0.0066 15.3794 0.0071
321.76712000000003 -66.91077299999999 20 0.9840000000000001 14.6061 0.0063 14.3761 0.0058 14.1907 0.0061 14.1642 0.0062
321.73989 -66.9011 8 0.9640000000000001 17.5934 0.0426 17.1944 0.0152 16.9293 0.0705 16.8717 0.0157
322.030331 -66.655547 8 0.966 17.9914 0.0209 17.3954 0.0872 17.0257 0.0302 16.9247 0.0633
322.16051400000003 -66.930616 14 0.982 16.3164 0.0087 15.9644 0.0062 15.738 0.0084 15.6947 0.0134
321.65769 -66.856134 4 0.9690000000000001 17.3595 0.0124 17.2633 0.0217 17.0694 0.0317 17.0891 0.0193
321.693829 -66.71734000000001 13 0.9840000000000001 14.3629 0.0076 14.1563 0.0075 14.0002 0.0092 14.0002 0.0074
321.680571 -66.875517 6 0.955 17.8549 0.0267 17.4989 0.0524 17.2537 0.0174 17.2662 0.03
322.3712 -66.81571 12 0.98 17.0188 0.0415 16.5163 0.0217 16.1765 0.0241 16.0689 0.0091
322.168161 -66.931433 18 0.983 14.6781 0.0072 14.2786 0.0061 14.009 0.0062 13.9285 0.0061
321.631706 -66.825529 4 0.9620000000000001 17.2695 0.0254 17.144000000000002 0.0152 16.8543 0.0123 16.99 0.0357
322.374367 -66.81075799999999 8 0.978 17.0272 0.0172 16.7838 0.0113 16.581 0.0224 16.4994 0.0112
322.008082 -66.947866 9 0.978 17.3937 0.0415 16.9371 0.0144 16.7642 0.0152 16.7376 0.0462
321.704377 -66.709066 22 0.991 12.6522 0.0081 12.463 0.0067 12.35 0.0054 12.3677 0.0072
322.18312599999996 -66.929262 14 0.987 15.8481 0.0062 15.5106 0.0069 15.3435 0.016 15.3016 0.0099
322.360261 -66.8423 12 0.98 16.8079 0.0336 16.422 0.0125 16.2124 0.0123 16.1609 0.0152
322.034279 -66.65191899999999 12 0.982 16.7231 0.0138 16.317 0.0221 16.0399 0.0074 15.9194 0.0084
322.224013 -66.920119 9 0.9620000000000001 17.4267 0.0291 17.1516 0.0878 17.0426 0.0217 16.9587 0.0265
322.33052799999996 -66.72796899999999 13 0.982 16.5867 0.036000000000000004 16.0475 0.0191 15.7005 0.0067 15.5349 0.01
322.353072 -66.744855 12 0.976 16.8516 0.0166 16.5873 0.0099 16.4392 0.0097 16.3544 0.0226
321.62262599999997 -66.825598 5 0.9740000000000001 nan nan 17.6656 0.0215 17.0994 0.0467 16.8705 0.0196
322.162829 -66.936953 21 0.985 14.1152 0.0065 13.6745 0.0053 13.3661 0.0057 13.2504 0.0061
321.916752 -66.947864 19 0.986 15.0391 0.0137 14.8459 0.006999999999999999 14.6959 0.0075 14.7003 0.0071
321.966165 -66.64894 12 0.981 16.6157 0.0362 16.253 0.0349 16.0896 0.0078 16.0595 0.0074
321.991866 -66.95187299999999 17 0.983 15.1811 0.0064 14.7046 0.0111 14.4611 0.0139 14.3761 0.0081
321.86065299999996 -66.94195 3 0.9690000000000001 nan nan nan nan 17.5862 0.0243 17.0184 0.0209
321.766587 -66.678287 6 0.981 nan nan 17.6819 0.0261 16.980999999999998 0.0323 16.6861 0.0197
322.289262 -66.69815899999999 14 0.981 16.4699 0.0063 16.1768 0.0158 16.0216 0.0114 15.9653 0.0298
322.155143 -66.659657 11 0.993 15.6346 0.0093 14.7992 0.0074 14.0704 0.0063 13.7909 0.0062
321.968337 -66.647261 8 0.96 17.7212 0.0415 17.1757 0.0297 16.9482 0.0125 16.8849 0.0105
321.95322799999997 -66.647719 7 0.955 17.5077 0.0167 17.1188 0.0844 17.2161 0.0178 17.2373 0.0477
321.823193 -66.66207299999999 11 0.983 13.6113 0.0086 13.3679 0.0157 13.2699 0.0074 13.2659 0.0074
321.795494 -66.93251500000001 9 0.98 17.3362 0.0186 16.8434 0.0406 16.6343 0.0125 16.6039 0.012
322.249869 -66.920919 12 0.9790000000000001 16.8945 0.0154 16.651 0.0267 16.4909 0.0088 16.5361 0.0322
321.680052 -66.892139 7 0.966 nan nan 17.508 0.0606 17.1182 0.0124 17.0176 0.0206
321.602347 -66.821759 21 0.993 13.5768 0.0061 13.2761 0.0053 13.0917 0.0053 13.0475 0.0061
322.40141 -66.80627700000001 9 0.9840000000000001 15.5117 0.0281 15.2127 0.0272 14.9826 0.0157 14.913 0.0105
321.772061 -66.930842 11 0.958 17.1749 0.0561 17.0226 0.0186 16.805 0.0283 16.9184 0.0198
321.705936 -66.908979 8 0.965 17.658 0.0311 17.3209 0.0309 17.0814 0.0536 16.9892 0.02
322.122604 -66.952184 4 0.953 nan nan 18.3502 0.0627 17.4307 0.0336 17.0377 0.0651
321.971829 -66.63928 4 0.953 nan nan 17.9828 0.0233 17.345 0.0131 17.0939 0.0285
321.684518 -66.90396 15 0.985 16.2343 0.0273 15.7261 0.0141 15.3322 0.0069 15.1881 0.0159
321.706009 -66.685626 7 0.953 17.8769 0.0213 17.4458 0.1067 17.1589 0.0675 17.1129 0.0616
322.137927 -66.645442 11 0.983 17.4728 0.0309 16.5932 0.0085 15.7161 0.0087 15.3685 0.0074
322.253917 -66.669696 21 0.991 12.9333 0.0081 12.5892 0.006999999999999999 12.3949 0.0053 12.3457 0.0062
322.41727000000003 -66.796278 11 0.987 12.4155 0.0079 12.2218 0.0078 12.0784 0.01 12.0825 0.0105
322.395159 -66.746884 11 0.997 11.8439 0.0179 11.7702 0.0097 11.7667 0.0078 11.8221 0.0105
321.587512 -66.827586 22 0.991 13.6727 0.0078 13.4159 0.0053 13.2501 0.0062 13.213 0.0061
321.717677 -66.678388 6 0.965 18.0783 0.0191 17.5406 0.0124 17.2689 0.0264 17.1934 0.0122
321.888548 -66.640984 22 0.983 14.2418 0.0057 13.942 0.0072 13.7856 0.0055 13.7481 0.0072
321.672198 -66.90315 2 0.9690000000000001 nan nan nan nan 16.9772 0.0144 16.5212 0.0127
321.582223 -66.813795 7 0.961 17.7852 0.0181 17.3187 0.0247 16.954 0.0259 16.8662 0.04
321.89333500000004 -66.960126 21 0.988 14.5409 0.0061 14.3235 0.0082 14.2143 0.0094 14.2162 0.0061
322.237346 -66.936874 22 0.983 14.8213 0.0054 14.5699 0.0066 14.4306 0.0076 14.3994 0.01
322.119988 -66.64128199999999 13 0.983 16.3929 0.0132 15.8479 0.0167 15.4355 0.0071 15.2811 0.0075
322.297415 -66.91890699999999 21 0.9840000000000001 14.8843 0.0067 14.6168 0.0055 14.4542 0.0084 14.4296 0.0064
322.29017799999997 -66.67854 3 0.9640000000000001 nan nan nan nan 17.4199 0.0134 16.9294 0.0236
321.590999 -66.756614 12 0.981 17.0412 0.0415 16.474 0.0123 16.0697 0.0091 15.894 0.0299
322.074846 -66.63553 10 0.977 17.502 0.024 17.1114 0.0237 16.871 0.048 16.7456 0.0184
322.419765 -66.77232099999999 4 0.966 17.5018 0.02 17.1852 0.0262 17.0296 0.0213 16.8911 0.0153
322.18967200000003 -66.64933 22 0.982 15.353 0.0069 15.537 0.0058 15.8112 0.0124 15.8714 0.0164
322.358925 -66.891651 11 0.982 17.7756 0.0166 16.9215 0.015 15.6288 0.0162 15.12 0.0072
321.665357 -66.905868 7 0.981 16.3632 0.0085 16.0862 0.0182 15.9251 0.0112 15.9142 0.0115
321.73262900000003 -66.93255 14 0.982 16.430999999999997 0.0233 16.1204 0.0076 15.9285 0.0071 15.8766 0.0069
322.212965 -66.652697 15 0.985 14.1593 0.0074 13.7653 0.0085 13.5808 0.0061 13.5242 0.0063
321.98652000000004 -66.96966 18 0.985 15.607999999999999 0.0087 15.3522 0.006999999999999999 15.245999999999999 0.0058 15.2478 0.0138
322.196144 -66.648888 7 0.982 nan nan 17.8301 0.0399 16.0325 0.009000000000000001 15.3687 0.0164
321.57340800000003 -66.772343 20 0.983 15.3575 0.0121 15.1442 0.0066 15.0006 0.0105 14.974 0.008
322.076966 -66.968085 13 0.98 16.8544 0.0359 16.5662 0.0089 16.4437 0.0198 16.3744 0.0245
321.576498 -66.76321899999999 19 0.985 14.8099 0.0086 14.3603 0.0057 14.0453 0.0069 13.9293 0.0061
321.754961 -66.65898 16 0.9840000000000001 15.2029 0.0066 14.8076 0.0117 14.5596 0.0062 14.4882 0.0061
322.406623 -66.738793 5 0.973 17.0871 0.0225 16.9075 0.0604 16.7389 0.019 16.6347 0.0202
321.694229 -66.923379 5 0.961 nan nan 17.9857 0.0143 17.2582 0.035 17.1298 0.0483
322.066971 -66.970392 21 0.998 12.2094 0.0061 11.685 0.0053 11.3598 0.0053 11.2241 0.0061
321.757571 -66.944508 20 0.9990000000000001 13.8962 0.0074 13.432 0.0055 13.1004 0.0071 12.9588 0.0061
321.685764 -66.67936 9 0.981 16.5165 0.0091 16.2587 0.0096 16.1321 0.0588 16.0533 0.016
322.43381800000003 -66.77269 11 0.985 15.4812 0.0078 15.216 0.0119 15.0802 0.0078 15.0641 0.0123
321.658997 -66.910264 3 0.981 nan nan 18.487000000000002 0.0457 16.9369 0.0134 16.2986 0.0116
321.8701 -66.633746 8 0.977 18.0188 0.0362 17.3185 0.0231 16.5886 0.0084 16.308 0.0073
322.426038 -66.846676 4 0.9520000000000001 17.8425 0.0141 17.144000000000002 0.0252 16.8774 0.0144 16.7714 0.0239
322.09384900000003 -66.970223 15 0.981 16.551 0.018000000000000002 16.1712 0.018000000000000002 15.9237 0.0183 15.8021 0.0081
321.745226 -66.943683 20 0.983 14.6125 0.0067 14.1719 0.0053 13.8985 0.0073 13.8004 0.0071
322.359433 -66.695993 14 0.985 15.8742 0.0084 15.4207 0.0148 15.1467 0.0066 15.0661 0.0127
321.669601 -66.681441 4 0.977 17.5092 0.0179 17.2569 0.0239 16.9421 0.0183 16.9275 0.013999999999999999
321.817745 -66.639013 8 0.982 16.75 0.0283 16.1436 0.0104 15.5775 0.0085 15.3913 0.0091
322.222407 -66.954171 5 0.976 nan nan nan nan 17.1466 0.0762 16.6647 0.0271
322.370311 -66.69940799999999 12 0.9840000000000001 15.5416 0.0182 15.1557 0.0096 14.9248 0.0073 14.8726 0.0077
322.271879 -66.65842099999999 17 0.9840000000000001 14.2564 0.0061 13.9664 0.0074 13.7979 0.0061 13.7588 0.0062
321.894763 -66.627177 22 0.993 12.1463 0.006999999999999999 11.8027 0.0053 11.649000000000001 0.0053 11.6113 0.0061
321.924577 -66.97590100000001 7 0.9640000000000001 17.8648 0.0362 17.6462 0.0669 17.0623 0.0166 16.9656 0.0117
322.42394900000005 -66.736789 10 0.9840000000000001 16.4189 0.0086 16.160999999999998 0.0182 16.0645 0.018000000000000002 16.0136 0.0088
322.454519 -66.803336 15 0.983 16.6271 0.0178 15.8006 0.0164 15.2121 0.017 14.989 0.0062
321.906464 -66.976973 3 0.961 nan nan nan nan 17.6207 0.0148 17.0411 0.0184
322.291076 -66.66055300000001 4 0.961 nan nan nan nan 17.2086 0.0344 17.1215 0.013000000000000001
322.166968 -66.969451 6 0.9690000000000001 17.6681 0.0272 17.6216 0.018000000000000002 17.511 0.0322 17.3701 0.0519
321.540345 -66.818027 18 0.9840000000000001 14.9533 0.0053 14.4433 0.0053 14.064 0.0053 13.8983 0.0061
322.11714700000005 -66.976124 10 0.976 17.2162 0.0492 16.9308 0.0424 16.6849 0.0225 16.6836 0.0106
322.117242 -66.62333100000001 5 0.96 nan nan 18.4032 0.0475 17.2 0.027999999999999997 16.8602 0.013999999999999999
322.41406800000004 -66.717609 2 0.9740000000000001 nan nan nan nan 17.2427 0.0138 16.8467 0.0209
322.432316 -66.868432 5 0.975 nan nan 18.1215 0.027000000000000003 17.0846 0.0724 16.671 0.0391
322.465482 -66.805058 16 0.983 15.6558 0.0174 15.282 0.0111 15.057 0.0073 15.0094 0.0066
322.295755 -66.942515 22 0.9890000000000001 13.3274 0.0087 13.1026 0.0053 12.9935 0.0053 13.0029 0.0061
321.956377 -66.98308399999999 12 0.9840000000000001 14.1609 0.0074 13.9335 0.0099 13.843 0.0161 13.8451 0.0074
321.57253199999997 -66.875248 14 0.983 16.1069 0.0073 15.8731 0.0105 15.7807 0.0145 15.7372 0.0092
321.634998 -66.917793 11 0.983 14.0117 0.0081 13.5023 0.0074 13.1456 0.0074 12.9888 0.0105
322.215185 -66.634826 17 0.983 15.4348 0.0118 15.1158 0.0062 14.9273 0.0068 14.8979 0.0092
321.605121 -66.902332 7 0.9690000000000001 nan nan 17.3902 0.0506 16.9845 0.0436 16.7541 0.0154
322.257303 -66.643836 15 0.9790000000000001 16.4533 0.0114 16.2497 0.0127 16.11 0.0086 16.0606 0.0237
321.955336 -66.61416899999999 15 0.9790000000000001 15.9998 0.0148 16.163 0.0221 16.4103 0.0428 16.4408 0.0284
322.09310800000003 -66.98325600000001 21 0.983 14.7241 0.0053 14.3567 0.0053 14.1516 0.0055 14.1123 0.0061
322.440922 -66.72551899999999 10 0.981 17.1665 0.0739 16.4636 0.0289 16.0269 0.0157 15.8871 0.0093
322.091952 -66.986263 7 0.982 nan nan 18.1214 0.0259 16.2406 0.0103 15.5639 0.0089
322.208274 -66.628229 14 0.9840000000000001 16.5181 0.0213 15.8758 0.0089 15.4749 0.0074 15.2938 0.0073
322.438177 -66.719817 8 0.9840000000000001 15.7469 0.0087 15.1561 0.0102 14.6575 0.0074 14.4404 0.0074
321.88516 -66.985247 16 0.981 16.0509 0.0142 16.0842 0.0171 16.1934 0.01 16.3246 0.0104
321.91407599999997 -66.987717 17 0.9840000000000001 15.8298 0.0126 15.4853 0.0103 15.3018 0.0055 15.2513 0.0069
321.595098 -66.691645 10 0.977 17.0732 0.0145 16.8253 0.0236 16.6871 0.0105 16.678 0.0144
322.252741 -66.634201 15 0.982 16.5293 0.0161 16.1479 0.0113 15.9293 0.0065 15.8254 0.0166
322.00554700000004 -66.994093 21 0.9940000000000001 11.2775 0.0053 10.9012 0.0067 10.6562 0.0053 10.5818 0.0061
322.451754 -66.87844799999999 14 0.9840000000000001 15.3172 0.0064 14.9146 0.0063 14.6809 0.0066 14.6208 0.0064
321.569358 -66.70492800000001 2 0.9570000000000001 nan nan nan nan 17.292 0.0205 17.6678 0.0604
321.895319 -66.990927 22 0.988 13.5739 0.0061 13.1383 0.0084 12.8862 0.0053 12.8076 0.0061
322.165665 -66.61593 8 0.9640000000000001 17.2959 0.0164 17.0726 0.0104 16.9189 0.0154 16.9131 0.0335
322.417885 -66.69497700000001 7 0.983 16.0271 0.0101 15.2197 0.0076 14.3572 0.0081 14.0589 0.0105
321.536706 -66.87306099999999 14 0.986 16.0203 0.0083 15.6846 0.015 15.4337 0.0119 15.3744 0.0063
322.191471 -66.61828 20 0.9990000000000001 13.5251 0.0066 12.9259 0.0061 12.5234 0.0053 12.3922 0.0061
321.741624 -66.631701 16 1.0 10.665999999999999 0.0079 10.1359 0.0061 9.8103 0.0075 nan nan
322.496681 -66.77492099999999 21 0.9940000000000001 12.0733 0.0053 11.8501 0.0065 11.7524 0.0078 11.7589 0.0061
321.526625 -66.86755 7 0.961 17.4625 0.037000000000000005 17.2927 0.019 17.0476 0.0295 17.0585 0.0292
321.999379 -66.9982 12 0.983 14.4905 0.0069 13.7051 0.0071 13.05 0.0069 12.7968 0.0099
321.997627 -66.99832099999999 0 1.0 nan nan nan nan nan nan nan nan
322.397968 -66.678232 3 0.955 nan nan 18.4909 0.0493 17.4846 0.0125 17.1134 0.0131
322.473098 -66.731216 10 0.976 17.3818 0.0109 16.8157 0.0166 16.4284 0.0251 16.3219 0.0081
322.28039900000005 -66.634652 5 0.953 nan nan 18.1531 0.0571 17.2232 0.0121 16.8179 0.0251
321.526885 -66.871551 14 0.982 16.5709 0.0122 16.3155 0.0104 16.1631 0.0186 16.1892 0.0142
321.494277 -66.77606999999999 19 0.9840000000000001 15.5743 0.0202 15.2972 0.0178 15.1149 0.0063 15.0756 0.0064
321.772558 -66.979865 7 0.9540000000000001 17.9963 0.0283 17.6059 0.0433 17.2985 0.0799 17.2225 0.0167
321.879341 -66.60405899999999 21 0.983 14.6855 0.006999999999999999 14.318 0.013999999999999999 14.1108 0.0057 14.0386 0.0065
321.49366499999996 -66.766869 10 0.966 17.2906 0.0134 17.0993 0.0255 17.1245 0.0496 17.2006 0.019
321.891109 -66.601476 11 0.9740000000000001 17.1475 0.0338 16.8434 0.0492 16.6865 0.0296 16.6162 0.0116
321.887301 -66.600933 6 0.9640000000000001 nan nan 17.702 0.0185 16.9401 0.0723 16.618 0.0575
322.425982 -66.916609 10 0.983 15.5114 0.0078 15.2538 0.0176 15.1421 0.0275 15.1175 0.0105
322.301432 -66.966307 15 0.981 16.3665 0.0147 16.0381 0.0221 15.8616 0.0141 15.8445 0.0234
321.935024 -67.002542 12 0.982 16.3992 0.0084 15.9345 0.0271 15.6582 0.0063 15.5389 0.01
322.518934 -66.799588 10 0.982 nan nan 16.9101 0.0075 16.1959 0.0164 15.8892 0.0065
321.531573 -66.888703 17 0.982 15.6944 0.0112 15.4089 0.0198 15.2344 0.0064 15.2225 0.0191
322.16176 -66.99505400000001 20 0.983 14.300999999999998 0.0055 14.0535 0.0053 13.9246 0.0053 13.9065 0.0072
321.783066 -66.98765 16 0.983 15.5364 0.0146 15.0844 0.0057 14.7433 0.0079 14.6469 0.0062
321.888321 -66.598313 15 0.983 15.2704 0.0063 15.0177 0.0081 14.8726 0.0076 14.8474 0.0076
322.10076000000004 -66.59719 15 0.98 16.9727 0.0268 16.4977 0.0255 16.2733 0.0208 16.1776 0.0281
321.668041 -66.63901700000001 7 0.982 16.3286 0.0188 15.8501 0.0153 15.5427 0.023 15.4698 0.0149
321.649661 -66.644868 11 0.99 14.6401 0.0174 14.3789 0.0142 14.2063 0.0074 14.1728 0.0105
321.541751 -66.90399000000001 17 0.982 16.0823 0.0071 16.0136 0.0064 16.0671 0.0163 16.0717 0.0134
321.595623 -66.935339 8 0.973 17.5133 0.0208 17.0227 0.0417 16.7738 0.0302 16.6855 0.0163
322.449875 -66.688735 15 0.983 16.0096 0.0108 15.5636 0.0064 15.2568 0.0131 15.1695 0.0076
322.060477 -67.009478 9 0.972 17.2785 0.0628 16.9937 0.0258 16.8274 0.0109 16.8429 0.0187
322.527915 -66.835782 6 0.975 nan nan 17.9951 0.021 16.9812 0.013000000000000001 16.5532 0.0175
322.171961 -67.000146 15 0.9790000000000001 16.6817 0.0146 16.4292 0.0177 16.2506 0.009000000000000001 16.2549 0.0092
322.158142 -67.00200699999999 18 0.9840000000000001 14.4301 0.0061 14.1425 0.0062 13.9924 0.0061 13.9733 0.0061
322.523646 -66.75279300000001 9 0.963 17.2148 0.0133 16.9832 0.0178 16.7905 0.0103 16.7628 0.0352
322.188718 -66.600835 13 0.981 17.2467 0.0211 16.5095 0.01 15.7562 0.0066 15.497 0.0129
321.500046 -66.719806 21 0.9840000000000001 14.039000000000001 0.0054 13.5777 0.0109 13.2694 0.0083 13.1592 0.0069
321.468208 -66.8398 13 0.9790000000000001 16.952 0.0206 16.4718 0.0127 16.1578 0.0099 16.0587 0.0157
321.52675800000003 -66.904267 6 0.9740000000000001 nan nan 18.1992 0.0419 16.804000000000002 0.0433 16.3347 0.0111
321.74495 -66.611739 19 0.9840000000000001 14.4148 0.0094 14.1972 0.0078 14.0838 0.0063 14.0797 0.0075
322.442032 -66.676511 10 0.983 16.3414 0.0118 15.9607 0.008 15.7428 0.0086 15.6067 0.0078
321.46006800000004 -66.825244 7 0.985 nan nan 18.3364 0.0431 15.9344 0.0253 14.9558 0.0087
322.476783 -66.696786 15 0.983 15.9402 0.009000000000000001 15.2047 0.0055 14.7212 0.0135 14.5241 0.0083
321.945422 -67.013973 17 0.988 12.6647 0.0062 12.4169 0.0105 12.2856 0.0061 12.2798 0.0062
322.047171 -66.585603 8 0.973 nan nan 17.2788 0.0096 16.7744 0.0191 16.6632 0.0119
321.69028199999997 -66.979 6 0.972 nan nan 18.1131 0.0431 16.9535 0.0149 16.6314 0.0161
322.0537 -67.016612 5 0.9690000000000001 nan nan nan nan 17.2089 0.0157 16.6668 0.0223
321.476579 -66.729505 12 0.971 17.1677 0.0268 16.93 0.0291 16.7414 0.0474 16.7093 0.0205
322.01406299999996 -67.019612 14 0.982 16.4288 0.0073 16.1138 0.0125 15.9662 0.0069 15.9216 0.0108
321.462665 -66.741346 9 0.976 17.389 0.08900000000000001 17.0344 0.012 16.8664 0.0219 16.9052 0.0446
322.540417 -66.74407 15 0.982 16.6319 0.0116 16.227 0.0087 15.988 0.0174 15.9108 0.0195
322.495192 -66.697917 3 0.955 nan nan nan nan 17.3549 0.0152 16.8214 0.0393
322.15821800000003 -66.588513 7 0.973 nan nan 17.7074 0.0139 16.8531 0.0088 16.5669 0.0133
321.936607 -67.01943399999999 17 0.9840000000000001 14.0328 0.0061 13.5778 0.0072 13.2911 0.0061 13.1791 0.0074
321.522713 -66.681911 13 0.985 16.7416 0.0221 16.4245 0.0117 16.3683 0.0234 16.3151 0.0203
322.421596 -66.652603 8 0.9790000000000001 16.7294 0.0135 16.4166 0.0355 16.2688 0.0159 16.2665 0.0228
321.558761 -66.661831 9 0.976 17.3817 0.0268 17.0796 0.0553 16.9352 0.0152 16.8775 0.011000000000000001
322.494237 -66.910151 4 0.9540000000000001 nan nan 18.2173 0.0406 17.2409 0.0146 16.8601 0.0512
321.456209 -66.73383100000001 20 0.986 13.8737 0.0053 13.3535 0.0087 12.9712 0.0069 12.8276 0.0061
322.538272 -66.87535 9 0.976 17.4054 0.0794 17.0472 0.0097 16.8368 0.0108 16.7496 0.0463
321.439769 -66.756086 20 0.993 13.5433 0.0053 13.2712 0.0061 13.1136 0.0053 13.0845 0.0084
322.073533 -67.023889 9 0.95 nan nan 17.3647 0.0213 15.8037 0.0232 15.1901 0.0345
321.458433 -66.725697 15 0.987 16.0765 0.0227 15.8042 0.0087 15.6652 0.0086 15.6411 0.0077
322.402943 -66.638113 2 0.981 nan nan nan nan 17.3762 0.0311 16.3265 0.013999999999999999
322.053068 -66.571741 18 0.982 16.924 0.0227 16.6243 0.0148 16.496 0.0102 16.4604 0.0316
322.495893 -66.923343 22 0.985 14.2597 0.0056 13.9217 0.0084 13.7357 0.0053 13.6864 0.0062
321.674813 -66.99252800000001 12 0.983 16.0189 0.0094 15.7597 0.0075 15.5917 0.0153 15.5262 0.008
321.45759300000003 -66.71276999999999 9 0.965 17.2245 0.0115 16.9845 0.0459 16.8581 0.0138 16.8772 0.0404
321.608569 -66.973321 16 0.982 15.8773 0.0069 15.6509 0.0088 15.4917 0.0061 15.4635 0.0091
321.413765 -66.78123199999999 8 0.975 17.6567 0.0391 17.2476 0.1099 17.1085 0.0127 16.8662 0.0665
322.081456 -66.56995 22 0.987 15.0949 0.005 14.6351 0.0053 14.3395 0.0062 14.241 0.0086
322.415208 -66.966137 7 0.983 15.71 0.0213 14.8376 0.0076 13.925999999999998 0.0112 13.5991 0.011000000000000001
321.528848 -66.94135899999999 15 0.982 16.5104 0.031 15.9373 0.0148 15.5405 0.0058 15.3935 0.0117
322.501876 -66.926211 6 0.9520000000000001 17.5798 0.0352 17.3433 0.0137 17.2241 0.0266 17.2584 0.0118
322.50721200000004 -66.67824499999999 6 0.973 nan nan 17.7637 0.0134 16.8852 0.0103 16.5282 0.0088
321.419998 -66.85453100000001 22 0.985 14.1266 0.0075 13.5358 0.0078 13.1532 0.0053 13.007 0.0062
322.30559700000003 -67.00178000000001 22 0.995 11.1377 0.0053 10.8771 0.0053 10.7367 0.0053 10.7161 0.0061
321.41938799999997 -66.74795999999999 8 0.9690000000000001 17.5711 0.0288 17.2141 0.1532 16.9381 0.0115 16.7993 0.0156
322.11533 -66.569327 19 0.981 16.2838 0.0067 16.0328 0.0175 15.8955 0.0104 15.8919 0.0059
322.594641 -66.77935500000001 11 0.975 16.2058 0.0147 15.8755 0.0108 15.6379 0.0127 15.54 0.0281
322.502492 -66.67319499999999 22 0.998 12.8657 0.0077 12.5474 0.0071 12.3607 0.0056 12.3183 0.0064
322.065753 -67.0349 5 0.977 nan nan nan nan 17.1328 0.0109 16.6049 0.0129
321.56267599999995 -66.963047 15 0.995 15.7145 0.0203 15.319 0.0139 15.0828 0.0054 15.0207 0.0068
321.761242 -67.017912 18 0.983 16.1981 0.0235 15.9714 0.0099 15.8367 0.0074 15.7946 0.011000000000000001
322.313979 -67.00295600000001 15 0.983 15.0318 0.0065 14.2183 0.0065 13.5826 0.0072 13.3227 0.0062
322.462191 -66.648026 13 0.983 16.9489 0.024 16.1539 0.013999999999999999 15.6115 0.0125 15.4161 0.0078
322.21970699999997 -67.021564 21 0.983 14.9092 0.0062 14.6035 0.006999999999999999 14.4524 0.0053 14.4254 0.0061
321.4158 -66.86154599999999 22 0.992 13.2347 0.0055 12.9637 0.0076 12.8081 0.0055 12.7741 0.0061
322.06962799999997 -66.56346500000001 12 0.971 17.4302 0.0142 17.0203 0.0312 16.8469 0.0378 16.7692 0.0102
321.40855600000003 -66.852652 13 0.982 16.6212 0.052000000000000005 16.1271 0.0098 15.8166 0.0156 15.6738 0.0069
321.42508399999997 -66.877167 14 0.981 16.5523 0.0285 16.3291 0.0214 16.1852 0.0103 16.1996 0.0106
322.532435 -66.916178 7 0.9570000000000001 18.0091 0.0368 17.3547 0.0925 17.1529 0.0807 17.1061 0.0349
321.60156 -66.98165999999999 15 0.978 16.8766 0.0257 16.5564 0.0229 16.3167 0.0366 16.215999999999998 0.0092
321.790894 -66.575035 22 0.983 15.3372 0.0062 14.9669 0.0049 14.7623 0.0072 14.6928 0.0054
322.052816 -67.038829 13 0.982 16.6697 0.0115 15.9916 0.0148 15.4851 0.0063 15.2372 0.0077
322.49127400000003 -66.65919699999999 11 0.982 16.9113 0.0266 16.2712 0.0496 15.8547 0.008 15.6884 0.0089
322.17942400000004 -66.57075 17 0.983 16.1511 0.0099 15.6085 0.0137 15.3048 0.0058 15.1877 0.0099
322.551893 -66.69889599999999 11 0.968 16.0798 0.0304 15.7581 0.0241 15.5623 0.0088 15.5438 0.0153
321.775725 -66.57668699999999 5 0.9640000000000001 nan nan 18.3124 0.032 17.2415 0.0113 16.9216 0.0094
321.937662 -66.560354 11 0.9840000000000001 nan nan 17.5024 0.0333 15.8849 0.0141 15.2688 0.0209
321.3883 -66.79503000000001 6 0.9670000000000001 nan nan 17.7829 0.0184 17.0523 0.0107 16.7083 0.0094
322.612035 -66.801475 15 0.981 16.7421 0.0203 16.42 0.0067 16.1104 0.0197 16.0875 0.0255
322.586783 -66.732446 9 0.966 16.686 0.0176 16.3038 0.0198 16.1798 0.0103 16.1547 0.0099
321.61726699999997 -66.989594 6 0.9570000000000001 17.5514 0.0626 17.423 0.0148 17.2436 0.0144 17.293 0.0292
322.517252 -66.669327 15 0.981 16.2814 0.022000000000000002 16.0215 0.0099 15.9196 0.0076 15.8872 0.0072
321.730749 -66.581807 25 0.983 15.2788 0.0071 15.1971 0.0107 15.202 0.013999999999999999 15.2393 0.0135
322.532833 -66.923322 21 0.9840000000000001 14.8472 0.0063 14.5774 0.0079 14.427 0.0072 14.3964 0.0082
322.44147200000003 -66.97040799999999 15 0.983 15.7095 0.0064 15.2979 0.008 15.0086 0.0111 14.8976 0.0074
321.985114 -67.044156 16 0.9990000000000001 13.1847 0.0074 12.4314 0.0126 11.8166 0.0098 11.5171 0.0061
322.55950099999995 -66.692937 11 0.98 16.1496 0.0157 15.7646 0.016 15.4935 0.0209 15.3624 0.0148
322.43895499999996 -66.62599399999999 10 0.98 16.9085 0.01 16.5274 0.031 16.2295 0.0292 16.1849 0.0268
321.385965 -66.756241 17 0.983 15.9598 0.0355 15.7072 0.0202 15.5334 0.0127 15.5426 0.0199
321.385469 -66.846404 14 0.986 16.2864 0.0129 16.0061 0.0256 15.8478 0.0073 15.784 0.0092
322.602322 -66.73275699999999 13 0.975 17.0527 0.0291 16.8094 0.0222 16.63 0.0281 16.584 0.0096
322.498033 -66.950807 22 0.992 14.009 0.0071 13.7239 0.0077 13.5286 0.0053 13.47 0.0061
322.609786 -66.85861899999999 9 0.97 17.3239 0.0182 17.242 0.0933 17.122 0.0443 17.051 0.0379
322.155755 -66.560559 22 0.983 15.765 0.0075 15.4524 0.0086 15.2729 0.0094 15.2232 0.012
322.535759 -66.930898 7 0.9740000000000001 17.461 0.0204 17.2383 0.055 16.986 0.0311 17.029 0.0133
322.610031 -66.862186 14 0.983 15.9074 0.0211 15.4192 0.0073 15.0674 0.0063 14.9326 0.0088
321.396551 -66.871728 3 0.966 nan nan 17.6337 0.0211 16.7386 0.0265 16.3874 0.0231
321.380748 -66.848598 13 0.982 16.1199 0.0088 15.8751 0.0124 15.7309 0.02 15.702 0.008
322.368342 -67.002775 4 0.97 nan nan 18.1289 0.0208 17.2868 0.0151 16.935 0.0118
321.589837 -66.990385 22 0.983 15.5486 0.0134 15.4312 0.0083 15.4328 0.0087 15.4222 0.0068
321.391873 -66.871606 21 0.983 13.8604 0.006 13.5543 0.0107 13.3658 0.006 13.3084 0.0062
321.465214 -66.93537099999999 14 0.982 16.2381 0.028999999999999998 15.982999999999999 0.0068 15.8061 0.0149 15.7535 0.0431
321.974335 -66.55018199999999 13 0.982 16.4479 0.0408 16.1822 0.0112 16.0673 0.0266 15.9865 0.0092
322.633451 -66.819766 13 0.981 16.1079 0.0121 15.8131 0.0077 15.6672 0.0112 15.6156 0.0089
322.634315 -66.815033 14 0.983 16.9873 0.0494 16.1961 0.0199 15.2714 0.0077 14.895999999999999 0.0074
322.476821 -66.635026 16 0.983 14.8602 0.0066 14.2214 0.0062 13.793 0.0064 13.6375 0.0119
321.725579 -67.026364 7 0.976 nan nan 17.9738 0.0358 16.5606 0.0367 16.038 0.0114
321.398333 -66.883208 11 0.971 17.1918 0.0145 16.8423 0.0162 16.6918 0.0106 16.535999999999998 0.0223
321.387804 -66.731808 21 0.9840000000000001 13.8947 0.011000000000000001 13.6677 0.0109 13.5457 0.0064 13.5202 0.0061
321.38793799999996 -66.87119200000001 4 0.9640000000000001 16.4607 0.0168 16.1385 0.0272 15.937000000000001 0.019 15.8553 0.0244
322.42633900000004 -66.98728299999999 14 0.9840000000000001 15.7643 0.0068 15.5352 0.0148 15.379000000000001 0.0166 15.3254 0.0177
321.762177 -66.567111 18 0.981 16.5818 0.0106 16.2923 0.0092 16.1548 0.0117 16.0792 0.022000000000000002
321.39092999999997 -66.87572 13 0.98 16.7317 0.0079 16.5305 0.0357 16.3805 0.0081 16.3189 0.0083
321.47233900000003 -66.65874000000001 15 0.996 14.9964 0.0097 14.5493 0.0061 14.2434 0.0061 14.1257 0.0061
321.44653 -66.927086 10 0.977 17.2188 0.0783 16.7846 0.0095 16.5725 0.0136 16.4981 0.0129
322.00228300000003 -67.051885 3 0.958 nan nan nan nan 17.4633 0.0166 17.0304 0.0221
322.41409300000004 -66.99268599999999 4 0.9670000000000001 17.4412 0.0198 17.042 0.0168 17.0433 0.0152 17.0187 0.0139
322.631729 -66.844791 14 0.982 16.2682 0.0153 15.9379 0.013000000000000001 15.7239 0.0079 15.6213 0.0078
321.362912 -66.83277199999999 13 0.978 17.1082 0.0234 16.7327 0.0464 16.5694 0.0215 16.4945 0.0465
321.698258 -66.576826 11 0.98 16.8993 0.0117 16.5302 0.0346 16.3536 0.0076 16.3327 0.0102
322.636594 -66.76615 7 0.975 17.6966 0.0173 17.2227 0.0143 16.9711 0.0161 16.8442 0.0196
321.379825 -66.73343100000001 4 0.955 nan nan 17.6713 0.0392 17.39 0.0268 17.1147 0.076
322.587481 -66.69709399999999 7 0.9790000000000001 nan nan 16.7965 0.009000000000000001 15.9747 0.0198 15.7132 0.0162
321.859734 -66.551991 4 0.965 nan nan nan nan 17.3107 0.0429 16.6451 0.0105
322.186398 -67.04381 15 0.98 16.9338 0.0409 16.5917 0.02 16.4068 0.0237 16.379 0.0388
321.767384 -67.03840600000001 15 0.981 16.5954 0.0292 16.2111 0.0123 16.0132 0.0077 15.9389 0.0086
322.603491 -66.70768299999999 21 0.9840000000000001 14.6386 0.0116 14.3162 0.0061 14.1292 0.0054 14.0898 0.0061
321.73049 -67.03285 11 0.98 17.616 0.0236 16.9974 0.008 16.387 0.0138 16.1538 0.0085
322.076708 -66.54559 10 0.981 16.9753 0.0255 16.1976 0.0174 15.5863 0.0208 15.3268 0.0083
321.374237 -66.73095699999999 7 0.98 18.0311 0.0283 17.2384 0.0173 16.362000000000002 0.0141 16.0664 0.0093
321.964294 -66.543401 12 0.9840000000000001 15.7785 0.0099 15.383 0.0084 15.0886 0.0082 14.975999999999999 0.0084
322.345809 -67.018663 11 0.973 17.5308 0.0192 17.0339 0.0236 16.7616 0.013999999999999999 16.6527 0.0229
321.605861 -67.00619499999999 18 0.9840000000000001 15.6655 0.0068 15.374 0.0056 15.1588 0.0159 15.1044 0.0065
322.571364 -66.67540100000001 16 0.985 13.1662 0.0098 12.8559 0.0131 12.6657 0.0061 12.6289 0.0074
322.634006 -66.866161 21 0.992 13.6115 0.0074 13.0506 0.0056 12.7056 0.0079 12.5515 0.0061
322.505973 -66.96520699999999 12 0.98 16.5879 0.0198 16.347 0.0114 16.1833 0.0155 16.1704 0.0134
322.223167 -66.557124 22 0.983 15.7384 0.0109 15.4787 0.0053 15.296 0.0064 15.2486 0.0213
322.03355600000003 -67.058522 17 0.9790000000000001 16.4973 0.0146 16.3363 0.0293 16.2778 0.0134 16.2256 0.0083
321.53367000000003 -66.98342099999999 15 0.983 15.9237 0.0098 15.3909 0.0152 15.067 0.0074 14.9551 0.0093
322.182685 -66.551174 22 0.99 14.3095 0.0071 14.0002 0.006999999999999999 13.8357 0.0058 13.8146 0.0061
321.464909 -66.649461 11 0.9640000000000001 17.2381 0.0362 17.0377 0.031 16.8951 0.0315 16.8248 0.0152
321.71963900000003 -66.565223 16 0.983 16.9752 0.0109 16.1526 0.0063 15.4989 0.0083 15.2212 0.0111
322.65889599999997 -66.813158 20 0.993 14.0931 0.0071 13.6987 0.0054 13.4787 0.0061 13.4104 0.0061
322.659396 -66.79469 12 0.981 17.3567 0.0251 16.6125 0.0484 15.9755 0.0074 15.7201 0.006999999999999999
322.284261 -66.565775 18 0.9840000000000001 16.1426 0.0091 15.7428 0.0144 15.4934 0.006 15.397 0.0083
321.342583 -66.77476300000001 5 0.968 nan nan 17.7781 0.0367 17.1804 0.0246 16.9683 0.0491
322.172148 -66.54872399999999 8 0.958 17.5604 0.0171 17.1552 0.0676 17.0975 0.0139 17.0073 0.0448
322.65434 -66.838911 21 0.9940000000000001 12.6114 0.0088 12.2809 0.0053 12.114 0.0054 12.0724 0.0061
321.44093300000003 -66.661173 10 0.9840000000000001 15.9628 0.0246 15.6863 0.0094 15.4412 0.0123 15.392999999999999 0.0083
321.739693 -67.040356 18 0.983 15.2288 0.0086 14.9323 0.0056 14.7319 0.0061 14.6883 0.0068
321.591388 -67.00618100000001 3 0.968 nan nan nan nan 17.6957 0.0277 17.1146 0.0396
322.625839 -66.888187 4 0.956 nan nan nan nan 17.3578 0.1353 16.9481 0.0351
321.503451 -66.626593 16 0.986 14.8229 0.0061 14.376 0.0084 14.0728 0.0066 13.9449 0.0062
322.120275 -66.542059 12 0.968 17.1693 0.1104 16.7482 0.0641 16.6944 0.0817 16.4942 0.0225
322.609368 -66.694379 9 0.977 17.7011 0.0168 17.0997 0.0126 16.6558 0.032 16.4997 0.0179
321.332264 -66.803348 10 0.971 17.4457 0.0889 17.0559 0.0161 16.7964 0.0213 16.7305 0.0211
321.518977 -66.61826500000001 12 0.97 17.2283 0.0433 16.934 0.0355 16.746 0.0201 16.6879 0.0148
321.924172 -66.53847900000001 14 0.9840000000000001 15.1291 0.0075 14.8288 0.0062 14.6552 0.0074 14.6055 0.0157
321.455063 -66.64829399999999 12 0.971 17.1915 0.0117 16.8636 0.0161 16.6775 0.0103 16.6039 0.0101
321.342194 -66.753203 15 0.983 16.0679 0.0084 15.7606 0.023 15.6284 0.0078 15.618 0.0152
322.119206 -67.059407 12 0.98 17.5331 0.0621 16.6495 0.0305 16.0405 0.0087 15.7849 0.0081
321.478823 -66.634536 12 0.98 17.457 0.0186 16.7508 0.0249 16.1805 0.0354 15.9279 0.021
322.67026699999997 -66.818803 8 0.973 17.3974 0.0131 17.0385 0.0118 17.0128 0.0115 16.9285 0.0254
321.728723 -67.042723 21 0.987 13.3167 0.0055 13.056 0.0061 12.9084 0.0059 12.8955 0.0064
322.597359 -66.679181 10 0.968 16.4953 0.0345 16.1759 0.0143 15.9936 0.0098 16.0071 0.0282
322.615431 -66.693562 17 0.982 15.7603 0.0076 15.5632 0.0092 15.4383 0.0166 15.4314 0.0069
321.4331 -66.657585 10 0.9790000000000001 16.5712 0.0092 16.2313 0.0084 16.0438 0.009000000000000001 16.0532 0.0083
321.39542400000005 -66.918323 21 0.995 13.3176 0.0053 12.5869 0.0062 12.0862 0.0054 11.8917 0.0061
321.379482 -66.697447 13 0.985 17.3897 0.1077 16.7788 0.0463 16.2781 0.0064 16.0689 0.0131
321.366143 -66.89185 6 0.961 nan nan 17.5854 0.0885 17.1069 0.0358 16.9442 0.045
321.402172 -66.924743 7 0.98 nan nan 17.4146 0.0154 16.5043 0.0091 16.1542 0.0102
321.336444 -66.751897 3 0.981 nan nan 15.2409 0.0121 14.8975 0.0188 14.7655 0.0172
322.51935699999996 -66.97097 11 0.9790000000000001 17.3837 0.0131 16.7491 0.0174 16.3587 0.0293 16.2522 0.0111
322.668765 -66.841983 16 0.983 15.4237 0.0074 14.8901 0.0055 14.565 0.006999999999999999 14.4371 0.0065
322.45761699999997 -66.997561 7 0.971 17.4751 0.0185 17.1528 0.0568 16.9538 0.0163 16.9128 0.033
322.66252799999995 -66.858871 13 0.981 17.3346 0.0217 16.5884 0.0366 16.0892 0.0105 15.8888 0.0099
321.884972 -66.536478 11 0.982 15.8027 0.0089 15.5993 0.0092 15.4046 0.019 15.3861 0.0139
321.793103 -67.05489 14 0.982 16.4143 0.0245 16.0251 0.0144 15.7267 0.0226 15.6032 0.0102
321.331961 -66.751349 26 0.9990000000000001 11.954 0.0055 11.7006 0.0056 11.5674 0.0053 11.5591 0.0113
321.852986 -66.537937 16 0.992 11.8676 0.006999999999999999 11.6632 0.0061 11.540999999999999 0.0061 11.542 0.0075
322.620529 -66.689379 5 0.972 nan nan 18.0257 0.0206 17.0242 0.0153 16.663 0.0089
322.21365099999997 -67.055939 13 0.983 16.7999 0.0086 16.1134 0.0102 15.6266 0.0088 15.4495 0.0173
321.38593399999996 -66.682716 9 0.981 18.1439 0.0239 17.1866 0.0435 16.3781 0.0097 16.0235 0.0106
322.327357 -67.0369 21 0.9890000000000001 14.0698 0.0053 13.8964 0.008 13.8274 0.0061 13.8237 0.0061
322.51117 -66.62144 7 0.976 nan nan 17.4169 0.0395 16.6614 0.0078 16.485 0.0114
321.659306 -67.0348 10 0.992 15.2954 0.0088 15.0335 0.0078 14.8417 0.022000000000000002 14.841 0.0106
322.685717 -66.805582 14 0.985 15.360999999999999 0.0074 14.9432 0.0098 14.6879 0.0062 14.6077 0.0062
321.313682 -66.801171 28 0.998 12.1723 0.0052 11.6512 0.0049 11.3659 0.006 11.2657 0.0053
321.54668399999997 -67.004468 22 0.992 14.3099 0.008 14.142999999999999 0.0061 14.0479 0.0053 14.055 0.0093
322.60053500000004 -66.668902 15 0.983 15.7445 0.0136 15.2812 0.0145 15.0088 0.0107 14.9436 0.0078
322.00349900000003 -66.528745 9 0.975 17.4577 0.0354 17.0474 0.0255 16.6186 0.0124 16.5368 0.0371
321.4133 -66.658234 8 0.9740000000000001 17.5214 0.0216 17.0561 0.0128 16.7915 0.0233 16.766 0.0151
321.63327599999997 -67.030834 4 0.9540000000000001 17.8156 0.0193 17.3513 0.0272 17.2309 0.0264 17.1547 0.0105
322.666584 -66.73013 19 0.988 14.1452 0.0086 13.8694 0.0066 13.7248 0.01 13.6994 0.0061
321.903161 -67.069788 8 0.975 16.9751 0.02 16.3118 0.0097 15.97 0.0091 15.7923 0.0085
321.351837 -66.896828 9 0.9640000000000001 17.6706 0.0123 17.3004 0.013999999999999999 16.9666 0.0605 16.9036 0.013999999999999999
322.367747 -67.031504 9 0.981 16.2522 0.0109 16.0808 0.0077 15.937000000000001 0.0087 15.9422 0.0132
321.661848 -66.561891 11 0.977 16.8017 0.0176 16.4778 0.0247 16.3661 0.0069 16.3624 0.0091
322.645851 -66.7008 17 0.983 15.5874 0.0066 15.1746 0.0111 14.894 0.0055 14.8264 0.0065
322.659689 -66.7156 5 0.9640000000000001 nan nan nan nan 17.1365 0.0146 16.4789 0.0095
322.194576 -66.537237 17 0.985 14.5192 0.0136 13.9568 0.0061 13.5917 0.0061 13.4409 0.0066
321.743163 -66.545337 22 0.985 14.5216 0.0117 14.2319 0.0053 14.0417 0.0053 14.0091 0.0141
322.630879 -66.684286 15 0.983 16.2674 0.0075 15.652999999999999 0.0136 15.2891 0.0276 15.1694 0.0088
322.648349 -66.69745400000001 18 0.985 15.3876 0.0064 15.0157 0.0094 14.7806 0.0084 14.7478 0.0166
322.110284 -66.527399 5 0.961 nan nan nan nan 17.4742 0.0559 17.0171 0.0516
322.654452 -66.701109 10 0.976 17.7458 0.0365 16.9721 0.0092 16.5451 0.0094 16.3165 0.0087
321.67834500000004 -66.553937 17 0.982 15.796 0.0192 15.4715 0.0093 15.2868 0.0056 15.2628 0.006999999999999999
321.599942 -66.571887 15 0.98 16.8373 0.0194 16.5702 0.01 16.3557 0.0077 16.3736 0.0074
322.551665 -66.627826 15 0.9940000000000001 11.4901 0.0077 11.2475 0.0092 11.1328 0.0076 11.1364 0.0074
322.66115 -66.702738 18 0.987 14.6489 0.0063 14.1265 0.0053 13.764000000000001 0.006 13.6354 0.0061
321.34838199999996 -66.909963 6 0.968 nan nan 17.7353 0.0484 16.9807 0.0262 16.8365 0.0221
321.55336800000003 -66.58377800000001 11 0.9520000000000001 17.1023 0.0572 16.7991 0.0199 16.585 0.0527 16.5204 0.0383
322.635306 -66.67733 19 0.9840000000000001 15.4979 0.0095 15.159 0.0159 14.9193 0.0121 14.8481 0.0117
321.292008 -66.820332 10 0.966 17.5198 0.0249 17.1666 0.0198 17.0174 0.0461 16.984 0.0182
322.62235499999997 -66.666853 4 0.96 nan nan 18.2973 0.0193 17.338 0.0244 17.0346 0.0371
322.347934 -67.04451 11 0.977 16.9763 0.0119 16.6932 0.0267 16.493 0.0176 16.472 0.0385
322.00597400000004 -66.519784 21 0.9990000000000001 12.6418 0.0093 12.1743 0.0076 11.8912 0.0068 11.7933 0.0071
322.014483 -67.08048199999999 12 0.981 15.774000000000001 0.0162 15.4437 0.0177 15.2925 0.0137 15.2325 0.0156
321.314444 -66.722634 19 0.983 15.591 0.0064 15.292 0.0101 15.1391 0.0084 15.1034 0.0065
322.05262700000003 -67.080959 11 0.968 16.41 0.0345 16.183 0.0117 16.0369 0.0532 15.9341 0.016
322.11688300000003 -66.52184399999999 7 0.978 nan nan 17.7837 0.0166 16.7744 0.0378 16.4222 0.0085
322.394131 -66.56483100000001 7 0.956 17.8382 0.0412 17.3575 0.0172 17.2889 0.028999999999999998 17.2677 0.0903
322.622788 -66.942178 21 0.9840000000000001 13.6729 0.0055 13.4545 0.0077 13.3608 0.0053 13.3618 0.0086
322.559112 -66.979664 11 0.982 15.8592 0.0134 15.3437 0.0126 15.0373 0.0078 14.8939 0.0082
321.63622000000004 -67.045216 11 0.988 14.3841 0.0078 14.0682 0.0108 13.8933 0.0263 13.8799 0.0105
321.398615 -66.957234 21 0.995 12.934000000000001 0.0053 12.4205 0.0067 12.0515 0.0053 11.9045 0.0062
322.491967 -66.593118 22 0.9840000000000001 13.8734 0.0074 13.5968 0.0053 13.4502 0.006 13.4308 0.0077
322.258708 -67.06535600000001 10 0.982 15.8118 0.0279 15.4748 0.0189 15.2541 0.0078 15.2125 0.0179
322.312169 -67.05652099999999 8 0.963 17.639 0.0356 17.2668 0.0189 17.1549 0.02 17.0984 0.0453
321.309931 -66.718579 6 0.955 17.6499 0.0293 17.5163 0.0162 17.3117 0.0213 17.2484 0.0167
322.50190699999996 -66.596457 8 0.981 nan nan 17.6195 0.0225 16.4694 0.0171 16.0227 0.0283
322.092547 -67.082072 13 0.983 15.0586 0.0066 14.6815 0.0103 14.4763 0.0095 14.3925 0.0107
322.660068 -66.91903 9 0.972 17.4138 0.0683 17.185 0.0523 16.8225 0.0203 16.7561 0.0415
322.296473 -66.538812 13 0.982 16.3262 0.0089 16.0113 0.0077 15.788 0.0106 15.6884 0.0205
321.29985 -66.881213 9 0.953 18.0111 0.0301 17.4408 0.0233 17.1432 0.0358 17.1519 0.0639
322.728839 -66.795273 8 0.9790000000000001 17.7956 0.0162 17.1138 0.0121 16.7929 0.0187 16.5859 0.0138
322.729562 -66.797472 11 0.9840000000000001 16.3709 0.025 15.7312 0.0099 15.3534 0.0139 15.224 0.0081
321.74987200000004 -66.530004 13 0.9670000000000001 17.2666 0.043 16.9411 0.0387 16.8394 0.0194 16.7553 0.0147
322.666604 -66.92075799999999 14 0.985 16.5105 0.0085 15.911 0.0134 15.5126 0.0082 15.3505 0.0061
321.67897400000004 -67.05960400000001 13 0.9790000000000001 16.3789 0.009000000000000001 16.2528 0.0093 16.1477 0.0214 16.1257 0.016
321.273755 -66.762314 8 0.978 nan nan nan nan 16.8081 0.0446 16.1764 0.0323
321.843258 -67.082264 10 0.978 16.4134 0.0297 15.9542 0.01 15.73 0.0095 15.6722 0.0097
322.65975499999996 -66.92761 13 0.983 15.1723 0.0063 14.6403 0.0061 14.299000000000001 0.0094 14.1435 0.0061
321.56037000000003 -66.568975 9 0.9670000000000001 nan nan 17.5168 0.0227 16.9577 0.0475 16.7841 0.0274
322.02384700000005 -67.089558 10 0.977 16.3686 0.0385 16.0444 0.0084 15.872 0.0117 15.8655 0.0087
322.568634 -66.985087 10 0.973 16.333 0.0117 16.0713 0.0141 15.8682 0.0164 15.915999999999999 0.0137
321.448796 -66.99319799999999 18 0.986 16.0796 0.0149 16.0899 0.0071 16.085 0.0304 16.247 0.0117
322.557225 -66.990724 22 0.991 13.2974 0.0053 12.8517 0.0062 12.6057 0.0053 12.5292 0.0061
321.777969 -66.52349699999999 9 0.976 17.8697 0.026000000000000002 17.3553 0.0423 16.7123 0.0246 16.5467 0.0209
322.080205 -66.511115 22 0.988 12.7118 0.0063 12.5433 0.0055 12.4687 0.0057 12.4946 0.0068
321.34272799999997 -66.93385699999999 8 0.955 17.918 0.0357 17.5294 0.0393 17.1488 0.0245 16.9636 0.0151
321.989599 -66.509073 17 0.992 15.084000000000001 0.0056 14.7431 0.0079 14.5532 0.0096 14.5133 0.0074
321.864704 -66.513861 3 0.955 nan nan nan nan 17.617 0.0221 17.1241 0.0257
321.259951 -66.795203 10 0.9520000000000001 17.386 0.05 17.1898 0.038 16.9457 0.013000000000000001 17.026 0.0691
321.31394900000004 -66.913235 17 0.9840000000000001 15.8481 0.0066 15.0407 0.0079 14.2047 0.0083 13.8675 0.0054
321.862431 -67.087458 16 0.983 14.2914 0.0064 13.9569 0.0118 13.7587 0.0096 13.7004 0.0076
321.257893 -66.775453 17 0.983 16.1374 0.0168 15.5154 0.0058 15.1292 0.0056 15.0003 0.0096
322.744499 -66.789079 22 0.9990000000000001 10.8536 0.006 10.7454 0.01 10.7256 0.0067 10.7641 0.0061
321.26095699999996 -66.84259200000001 10 0.955 17.3833 0.0224 17.2172 0.0534 16.9291 0.0113 16.8627 0.0548
322.57332599999995 -66.61212900000001 15 0.983 14.6033 0.0152 14.1784 0.0089 13.9411 0.0076 13.8866 0.0074
322.694883 -66.69288900000001 3 0.9690000000000001 nan nan nan nan 17.537 0.0124 16.9288 0.0145
321.687773 -66.532394 15 0.982 16.1821 0.0078 15.9615 0.0154 15.7901 0.0086 15.7642 0.0081
321.478662 -66.58935699999999 15 0.981 16.6501 0.049 16.1842 0.0211 15.888 0.0159 15.7621 0.0151
321.780433 -67.082155 6 0.9670000000000001 nan nan 16.8959 0.0499 16.3665 0.0147 16.2634 0.0103
321.500589 -66.579052 19 0.98 16.7371 0.0165 16.3574 0.0087 16.1212 0.0149 16.0387 0.0201
321.39407400000005 -66.624034 6 0.9790000000000001 nan nan 17.741 0.0191 16.4777 0.0214 16.03 0.0129
321.597833 -67.052221 15 0.985 16.1872 0.0173 15.7606 0.0065 15.5527 0.0187 15.4554 0.0119
321.490918 -66.58117 18 0.983 16.6471 0.039 15.9092 0.0258 15.3826 0.0103 15.1936 0.0063
322.469113 -66.567278 5 0.956 nan nan nan nan 17.718 0.0506 17.0839 0.0778
321.731798 -67.078722 16 0.983 14.365 0.0062 14.0404 0.012 13.8632 0.0072 13.8199 0.0086
322.686804 -66.926381 8 0.978 nan nan 17.7051 0.0358 16.5746 0.0119 16.1918 0.0105
322.691551 -66.9233 11 0.978 17.1538 0.0089 16.8453 0.0143 16.5548 0.017 16.4342 0.0221
321.562143 -67.044376 9 0.9670000000000001 17.2764 0.0144 17.0171 0.0115 16.8948 0.0652 16.8519 0.018000000000000002
321.752002 -66.517342 11 0.9790000000000001 16.9452 0.0431 16.6345 0.0083 16.4427 0.0246 16.3649 0.0086
321.273319 -66.714443 16 0.982 17.1315 0.0506 16.4012 0.0293 15.8272 0.0091 15.5543 0.0245
321.452333 -67.008747 17 0.9890000000000001 14.949000000000002 0.0058 14.2969 0.0054 13.8868 0.0054 13.7073 0.0061
321.52815499999997 -66.565493 13 0.9690000000000001 17.2918 0.0199 16.9323 0.0227 16.8612 0.0133 16.7444 0.0124
322.756188 -66.767868 16 0.982 15.8704 0.022000000000000002 15.6318 0.0059 15.4612 0.0095 15.4201 0.0074
322.579225 -66.99587 10 0.9590000000000001 16.8192 0.0098 16.3859 0.0332 16.1374 0.0331 16.0423 0.013000000000000001
321.569611 -67.04853299999999 12 0.978 16.7064 0.0103 16.4108 0.0084 16.2993 0.0124 16.2289 0.0078
322.486292 -66.569036 19 0.98 16.6247 0.0215 16.3734 0.0245 16.2346 0.0208 16.1878 0.023
322.413604 -67.05321500000001 8 0.9690000000000001 16.3323 0.0427 16.1742 0.0106 16.0396 0.0172 16.0134 0.0203
322.143818 -66.504767 21 0.985 14.8962 0.0106 14.6272 0.0135 14.4669 0.0053 14.4429 0.0061
321.61107400000003 -67.059605 5 0.955 17.9645 0.0133 17.85 0.0408 17.2902 0.0177 17.2249 0.0434
321.837251 -67.094297 15 0.983 14.1129 0.0061 13.8247 0.0061 13.6625 0.0062 13.6321 0.0076
321.664828 -67.071442 7 0.966 16.2971 0.0639 15.997 0.0095 15.7589 0.013000000000000001 15.7853 0.0134
321.335302 -66.651045 22 0.9840000000000001 14.069 0.0073 13.5534 0.0056 13.2083 0.0057 13.0718 0.0075
321.96483 -67.10175799999999 10 0.983 14.4944 0.0074 14.2096 0.0074 14.0592 0.0105 14.020999999999999 0.0155
322.731635 -66.893091 7 0.981 nan nan 17.0753 0.047 16.3604 0.0114 16.1355 0.0149
322.482356 -67.036716 20 0.983 15.2173 0.0112 14.9057 0.0057 14.7645 0.0075 14.7305 0.0071
321.35812000000004 -66.633965 15 0.9740000000000001 16.441 0.0091 16.1336 0.0182 15.9158 0.0094 15.8835 0.033
321.922827 -67.10179000000001 16 0.995 11.3717 0.0061 10.8187 0.0065 10.4467 0.0061 10.2752 0.0096
321.512117 -67.035949 22 0.991 11.4871 0.0054 11.2067 0.0063 11.0838 0.0088 11.0804 0.0068
321.305123 -66.933181 5 0.9540000000000001 nan nan nan nan 17.1132 0.0227 16.8833 0.0116
322.616807 -66.618836 17 0.982 15.8769 0.0057 15.6197 0.0266 15.4781 0.0057 15.4456 0.0073
322.28565499999996 -66.517815 12 0.98 16.7411 0.0308 16.426 0.0128 16.2778 0.0093 16.1823 0.0073
321.459318 -67.018446 13 0.98 17.0947 0.0198 16.7023 0.0104 16.4704 0.0292 16.4103 0.0195
321.440216 -66.590876 9 0.97 17.7374 0.0141 17.2469 0.0432 16.984 0.0244 16.9868 0.0133
321.354471 -66.633392 4 0.9520000000000001 nan nan 17.5258 0.0273 17.2182 0.0135 17.0799 0.0267
322.456253 -67.04757 4 0.977 nan nan nan nan 17.6692 0.0149 16.7741 0.0094
322.73418799999996 -66.702276 13 0.981 16.9539 0.0179 16.2803 0.0401 15.812999999999999 0.0106 15.6052 0.0238
322.157939 -67.099683 16 0.993 11.3861 0.0104 11.1508 0.0072 11.0358 0.0063 11.0189 0.0075
322.445506 -66.54957900000001 13 0.981 17.305999999999997 0.0465 16.5434 0.0166 15.9458 0.0094 15.6958 0.0087
322.51567 -66.571263 10 0.9740000000000001 nan nan 17.4674 0.0617 16.8792 0.0284 16.6849 0.0424
322.497302 -66.563796 8 0.976 nan nan 17.5805 0.0182 16.7304 0.0126 16.3249 0.0115
321.46128 -67.02392900000001 7 0.968 17.5308 0.0217 17.0394 0.0199 17.0793 0.0174 17.1002 0.0988
321.313319 -66.654279 17 0.983 15.7664 0.0095 15.4148 0.0067 15.2348 0.0071 15.1966 0.0162
321.258027 -66.898854 26 0.987 14.7885 0.0062 14.5707 0.0059 14.4308 0.0059 14.4288 0.0053
321.268114 -66.91024200000001 26 0.991 12.6043 0.0049 12.4161 0.0052 12.3425 0.0054 12.3482 0.0061
322.653557 -66.970986 15 0.981 16.3027 0.013999999999999999 16.0602 0.0116 15.9168 0.0118 15.905 0.0117
322.782806 -66.790909 2 0.9670000000000001 nan nan nan nan nan nan 16.9497 0.0103
322.244446 -67.09434399999999 11 0.982 16.7857 0.0307 16.0149 0.0331 15.4843 0.0181 15.3123 0.0082
322.630605 -66.986188 13 0.98 16.7635 0.0084 16.5182 0.0127 16.3632 0.01 16.3436 0.0218
321.21770699999996 -66.835252 14 0.982 16.5872 0.009000000000000001 16.0878 0.0084 15.7456 0.0141 15.6082 0.0083
321.21283 -66.802562 21 0.986 15.1892 0.0062 14.8373 0.0087 14.6755 0.0054 14.6283 0.0055
321.773286 -67.09772199999999 16 0.985 12.7967 0.0061 12.5569 0.0061 12.4166 0.0061 12.3908 0.0075
322.778125 -66.85289399999999 9 0.971 17.5545 0.087 17.2163 0.0342 16.8371 0.0409 16.8191 0.0467
321.29853199999997 -66.943706 4 0.9670000000000001 nan nan 17.893 0.0317 17.3703 0.0136 17.186 0.0159
322.761346 -66.884331 8 0.988 17.2671 0.0775 17.2222 0.0101 16.9751 0.0124 16.9518 0.0964
322.41209100000003 -66.534796 7 0.965 17.3774 0.0167 17.218 0.0198 16.9062 0.0633 16.7629 0.0216
321.225648 -66.739042 13 0.9670000000000001 17.1465 0.0481 16.9246 0.0096 16.7509 0.0341 16.7035 0.0229
322.760951 -66.71713000000001 15 0.98 16.824 0.0335 15.865 0.0153 14.729000000000001 0.0061 14.3156 0.0078
322.78781200000003 -66.7747 15 0.982 15.9662 0.0169 15.6078 0.0158 15.386 0.0063 15.3253 0.0093
321.208935 -66.787669 18 0.981 15.9839 0.011000000000000001 15.7367 0.0062 15.6153 0.0082 15.5642 0.0175
322.150448 -67.10644599999999 15 0.982 14.8151 0.0076 14.5715 0.0074 14.4592 0.0068 14.4471 0.0092
321.44220099999995 -66.57934499999999 14 0.978 16.9492 0.0309 16.7023 0.01 16.4901 0.0295 16.4701 0.0084
322.77890099999996 -66.743279 7 0.951 nan nan 18.173 0.0133 17.0781 0.0414 16.8266 0.0231
322.761521 -66.890313 9 0.9620000000000001 17.3537 0.05 17.2219 0.0146 16.9909 0.0341 16.99 0.0127
322.029359 -66.48739300000001 10 0.977 16.6125 0.0099 16.2006 0.0248 15.9349 0.0077 15.8491 0.0087
321.205371 -66.791997 15 0.982 16.2363 0.0251 15.8584 0.0068 15.5561 0.0099 15.4469 0.0058
322.521408 -66.564272 12 0.981 16.7989 0.0091 16.4264 0.0146 16.2044 0.008 16.0927 0.0438
322.696426 -66.64918399999999 7 0.978 nan nan 17.6208 0.0945 16.2958 0.0087 15.7393 0.0085
322.36911499999997 -66.521854 16 0.995 12.9799 0.0118 12.4313 0.0061 12.0517 0.0061 11.8952 0.0082
321.212335 -66.751799 15 0.985 15.8904 0.0086 15.4193 0.0062 15.1465 0.0055 15.0463 0.0082
322.322267 -66.512438 17 0.983 15.8401 0.0151 15.5032 0.0105 15.2862 0.0087 15.1729 0.0091
322.704319 -66.95021700000001 10 0.98 16.5104 0.0137 16.1364 0.0302 15.9981 0.0097 15.9091 0.0145
321.262723 -66.923385 14 0.972 17.2396 0.0724 16.9446 0.0135 16.714000000000002 0.008 16.6513 0.0088
321.241223 -66.901333 8 0.956 17.6839 0.0461 17.3376 0.0434 17.084 0.011000000000000001 17.0126 0.0465
321.19989100000004 -66.820252 15 0.982 15.905999999999999 0.006 15.4355 0.0155 15.1896 0.0075 15.0902 0.006
321.574235 -67.068503 10 0.982 15.972999999999999 0.0203 15.5001 0.0096 15.2346 0.0101 15.0877 0.018000000000000002
322.034823 -66.483818 7 0.961 17.9501 0.0227 17.3579 0.0208 17.0678 0.0094 16.9464 0.0105
321.548537 -66.538845 12 0.9790000000000001 16.6686 0.0172 16.4775 0.0096 16.2665 0.0109 16.2758 0.033
321.677831 -66.510334 5 0.96 nan nan nan nan 17.3453 0.031 16.7268 0.027000000000000003
322.80236 -66.784315 7 0.981 nan nan 17.8065 0.0314 16.1402 0.0077 15.5041 0.0175
322.075148 -67.116928 7 0.98 15.7238 0.0117 15.3054 0.022000000000000002 15.032 0.0083 15.0006 0.0105
321.328709 -66.62389399999999 17 0.985 14.999 0.006999999999999999 14.5717 0.0056 14.3214 0.0056 14.2371 0.0074
322.692931 -66.635863 12 0.982 16.3947 0.0149 15.9821 0.0064 15.7321 0.0119 15.6266 0.0323
322.12125299999997 -66.483762 9 0.981 nan nan 17.3429 0.013000000000000001 16.3499 0.0326 15.9199 0.011000000000000001
322.811737 -66.79030999999999 8 0.97 17.4181 0.0953 17.1425 0.0521 17.0711 0.0091 17.0082 0.0428
322.15691400000003 -66.485694 11 0.983 15.5622 0.0097 15.0594 0.0153 14.7331 0.0061 14.6048 0.0235
321.356026 -66.997218 17 0.981 16.8552 0.0428 16.2967 0.0183 15.9003 0.0158 15.7506 0.008
322.35089500000004 -67.08965400000001 10 0.9590000000000001 16.4978 0.0229 16.1726 0.0236 16.0927 0.0099 16.0002 0.0087
321.523555 -67.060636 14 0.978 16.9535 0.055999999999999994 16.698 0.0164 16.4456 0.0155 16.4803 0.0098
322.38218 -66.517381 5 0.9670000000000001 nan nan 18.2728 0.0334 17.2421 0.0424 16.7159 0.0125
321.326057 -66.621073 9 0.9740000000000001 17.1487 0.0637 16.9614 0.0126 16.6952 0.0391 16.609 0.0081
322.50651899999997 -67.052581 22 0.996 12.4702 0.0073 12.1567 0.0074 11.9932 0.0053 11.9682 0.0061
322.42726400000004 -66.526872 13 0.9890000000000001 16.299 0.0089 16.0017 0.0216 15.8648 0.0105 15.7884 0.0139
321.68269399999997 -67.096902 10 0.982 16.096 0.0081 15.6439 0.0296 15.2631 0.0083 15.1968 0.0164
322.45524700000004 -67.067965 11 0.981 15.9093 0.0094 15.6579 0.0097 15.4819 0.0077 15.454 0.0077
321.49193199999996 -66.547536 7 0.975 nan nan 17.8519 0.016 17.1334 0.0683 16.93 0.0127
322.58840699999996 -67.026286 16 0.983 13.8744 0.0061 13.5369 0.0062 13.3384 0.0061 13.2956 0.0074
321.226994 -66.91122800000001 3 0.955 nan nan nan nan 17.6951 0.0241 17.2347 0.0717
322.037014 -66.476773 21 0.99 14.9295 0.0056 14.6931 0.0107 14.5683 0.0062 14.5481 0.0061
322.558161 -67.03835600000001 12 0.981 17.1891 0.0209 16.7649 0.0133 16.3452 0.0298 16.2257 0.0196
321.218711 -66.903191 6 0.978 nan nan nan nan 17.1805 0.0128 16.4561 0.019
322.819153 -66.769875 8 0.981 nan nan 17.4451 0.0159 16.428 0.031 16.0742 0.0164
321.353456 -66.600126 20 0.983 14.7117 0.0075 14.4354 0.0053 14.2821 0.0093 14.2851 0.0074
321.21269 -66.898317 22 0.986 14.4427 0.0054 14.0729 0.0061 13.8706 0.0061 13.8091 0.0057
321.993409 -66.475121 14 0.982 15.7816 0.0077 15.3598 0.0129 15.1666 0.0085 15.1113 0.0083
322.79270499999996 -66.89223 15 0.983 15.7137 0.0067 15.3493 0.0085 15.1519 0.006999999999999999 15.1075 0.0094
321.782026 -66.486166 16 0.988 13.8118 0.009000000000000001 13.716 0.0076 13.6925 0.0061 13.7137 0.0128
321.384521 -66.583402 10 0.9620000000000001 17.5714 0.0288 17.2051 0.0214 16.9505 0.0525 16.8217 0.0108
322.798316 -66.71623199999999 13 0.981 16.1619 0.013000000000000001 15.7811 0.0241 15.6033 0.0076 15.5581 0.0289
321.996062 -67.125976 13 0.9840000000000001 15.3823 0.0104 14.9883 0.0133 14.7869 0.0066 14.7121 0.0079
322.412167 -66.51765400000001 9 0.9790000000000001 17.5707 0.0158 16.8563 0.0098 16.3305 0.0321 16.145 0.0134
322.281682 -67.106971 5 0.9620000000000001 nan nan 17.1441 0.0191 16.4469 0.0089 16.1878 0.0118
321.20635899999996 -66.896225 15 0.983 16.2309 0.0069 15.5681 0.0056 15.0117 0.0056 14.7937 0.0088
321.70233199999996 -67.106039 10 0.983 14.7826 0.0082 14.4417 0.0166 14.213 0.0078 14.1736 0.0105
322.69621 -66.62204 16 0.9940000000000001 13.1136 0.0063 12.8854 0.0125 12.7794 0.0061 12.7663 0.0061
321.78416 -66.483345 15 0.981 16.3439 0.0083 16.0752 0.0197 15.8762 0.0106 15.8255 0.0276
322.824636 -66.755933 14 0.9840000000000001 16.8045 0.036000000000000004 15.9078 0.0202 14.948 0.0097 14.5388 0.0127
322.24877299999997 -66.486469 12 0.983 15.4801 0.0104 15.1424 0.0097 14.9888 0.0088 14.8989 0.0078
321.196511 -66.892844 7 0.98 nan nan nan nan 16.793 0.024 16.2227 0.0086
321.241486 -66.66327 15 0.978 17.0846 0.0189 16.6554 0.0706 16.3865 0.032 16.2698 0.027000000000000003
321.169622 -66.761162 13 0.982 17.7538 0.036000000000000004 16.8506 0.0188 15.977 0.0169 15.6264 0.0065
321.541175 -67.076575 10 0.983 16.1469 0.033 15.3995 0.0312 14.9412 0.008 14.7243 0.0409
322.817908 -66.873306 20 0.997 11.5286 0.0053 10.8751 0.0058 10.4353 0.0061 10.2312 0.0074
322.839051 -66.796592 16 0.983 14.9762 0.01 14.4121 0.0112 13.9954 0.0061 13.8274 0.0087
321.274678 -66.96884200000001 16 0.971 16.8479 0.0244 16.7228 0.0064 16.5934 0.0197 16.5419 0.0102
321.172475 -66.860443 21 0.9840000000000001 14.7819 0.0081 14.2298 0.0053 13.8048 0.0063 13.6263 0.0053
322.044095 -66.469296 17 0.986 15.2219 0.0081 14.8587 0.0074 14.6967 0.0099 14.6234 0.0074
321.206755 -66.692193 2 0.98 16.4132 0.0107 16.123 0.013000000000000001 nan nan nan nan
321.571685 -66.514965 14 0.981 16.4683 0.0314 16.0954 0.0174 15.8711 0.0163 15.8342 0.0097
321.379328 -66.576314 17 0.9840000000000001 15.5566 0.0065 15.1521 0.0048 14.9383 0.005 14.8936 0.0075
322.837668 -66.84200799999999 8 0.9740000000000001 17.6725 0.0226 17.1912 0.0201 16.9139 0.0093 16.8223 0.0403
321.201316 -66.694424 19 0.9990000000000001 11.7597 0.0063 11.194 0.0061 10.8046 0.0061 10.6326 0.0061
321.318317 -66.99760400000001 25 0.9890000000000001 13.5108 0.006999999999999999 12.9178 0.0048 12.5756 0.0064 12.4433 0.0082
322.168898 -66.474014 6 0.978 nan nan 17.4634 0.0188 16.6781 0.0116 16.3103 0.0075
322.844029 -66.822987 14 0.982 16.3782 0.0172 16.1092 0.0194 15.9475 0.0143 15.9448 0.0089
321.31694100000004 -66.604825 18 0.98 17.2726 0.0158 16.744 0.0273 16.3339 0.013999999999999999 16.2131 0.0241
321.193143 -66.7017 16 0.983 15.7101 0.0063 15.2778 0.0162 15.0403 0.0125 14.9683 0.0058
322.015599 -67.13328 13 0.9840000000000001 15.2446 0.0091 14.9169 0.0061 14.7451 0.0085 14.6891 0.0131
322.845838 -66.820249 13 0.978 16.6689 0.008 16.4021 0.0222 16.3204 0.0502 16.2572 0.0156
321.78317799999996 -67.12280600000001 12 0.982 16.072 0.0259 15.7116 0.0075 15.6046 0.0228 15.5462 0.0191
321.326611 -66.597939 22 0.9840000000000001 13.8793 0.0053 13.6182 0.0077 13.4868 0.0094 13.5009 0.0077
321.15709 -66.761371 15 0.9790000000000001 16.8207 0.016 16.5175 0.0137 16.3182 0.0158 16.2465 0.0254
322.64410699999996 -67.019456 20 0.985 14.5261 0.0053 14.1671 0.0053 13.9275 0.0053 13.8374 0.0061
322.748645 -66.961046 12 0.9790000000000001 16.7895 0.0091 16.4397 0.0202 16.2244 0.0212 16.1453 0.0127
321.311433 -66.60414899999999 6 0.968 nan nan 17.8136 0.0442 17.1193 0.0365 16.8336 0.019
321.500119 -67.072418 13 0.983 14.7372 0.0065 14.2727 0.0105 13.977 0.0164 13.883 0.0216
322.68271400000003 -66.600246 13 0.98 17.6674 0.0217 16.8724 0.0117 16.1999 0.0213 15.8683 0.0087
321.432472 -67.051888 7 0.98 nan nan 17.3894 0.0369 16.3403 0.0115 15.9225 0.0086
322.142292 -66.468455 22 0.9840000000000001 14.2421 0.0089 13.9623 0.0105 13.8135 0.0056 13.7826 0.0061
322.848205 -66.842529 19 0.982 15.6656 0.0071 15.2928 0.0147 15.0423 0.012 14.9622 0.009000000000000001
322.524971 -66.534807 22 0.996 14.1223 0.009000000000000001 13.6844 0.0074 13.4347 0.0053 13.359000000000002 0.0061
322.853838 -66.827821 13 0.9790000000000001 16.9709 0.0211 16.6157 0.0211 16.4434 0.0133 16.4088 0.0076
321.858562 -66.467332 6 0.981 17.941 0.0127 17.1104 0.0229 16.1557 0.0093 15.7613 0.0271
322.229441 -67.12523399999999 10 0.98 16.6654 0.0238 16.436 0.0283 16.2441 0.0095 16.2356 0.01
322.807127 -66.917644 8 0.966 17.303 0.0119 17.0796 0.0331 16.9145 0.0105 16.8588 0.0121
322.444321 -67.090222 11 0.972 16.3732 0.0087 16.1212 0.0169 15.948 0.0104 15.9441 0.0088
322.817571 -66.90743 12 0.9840000000000001 16.1226 0.0071 15.5937 0.0065 15.328 0.0069 15.2221 0.0124
322.21432599999997 -66.471037 21 0.985 14.9522 0.0093 14.7038 0.0071 14.5656 0.0056 14.5603 0.0061
321.427467 -67.055482 13 0.982 16.4533 0.0409 15.9595 0.0207 15.7237 0.0098 15.6025 0.0087
321.536472 -66.513696 12 0.98 18.0469 0.0436 17.0669 0.0386 16.4418 0.0221 16.1897 0.0232
321.407328 -66.553578 8 0.97 nan nan 17.7434 0.0211 16.9028 0.0595 16.6017 0.0125
322.726413 -66.98578 11 0.982 16.5037 0.0117 16.1105 0.0176 15.8161 0.0074 15.6952 0.0073
322.57653700000003 -67.055461 15 0.983 14.1154 0.0107 13.8196 0.0093 13.6815 0.0091 13.6605 0.0074
321.237746 -66.963561 15 0.978 17.1621 0.0511 16.9497 0.0089 16.8655 0.0098 16.749000000000002 0.0334
321.490998 -66.523804 10 0.988 17.3056 0.0135 17.0235 0.0371 16.7561 0.0297 16.7915 0.0116
321.161199 -66.713523 18 0.9840000000000001 15.8152 0.0149 15.4599 0.0071 15.2577 0.0059 15.1849 0.0062
321.33487 -67.021873 20 0.983 15.5527 0.0098 15.1846 0.0049 14.9846 0.0061 14.9621 0.0055
322.627956 -67.038197 8 0.97 17.5363 0.0144 17.2305 0.0189 17.0618 0.0336 17.0009 0.0231
321.756127 -67.128989 11 0.982 15.9899 0.006999999999999999 15.6314 0.0089 15.3777 0.0251 15.3033 0.0091
321.70689100000004 -67.12353399999999 15 0.9840000000000001 14.0237 0.0112 13.7109 0.0061 13.5155 0.0063 13.4714 0.0122
322.67353199999997 -66.582883 10 0.9570000000000001 17.5168 0.037000000000000005 17.2861 0.0256 17.0724 0.0163 16.9359 0.015
321.760613 -67.131024 5 0.981 nan nan 17.1262 0.0134 16.2833 0.0118 15.9154 0.0271
321.743534 -66.471261 12 0.997 16.4512 0.0091 16.102 0.0081 15.9139 0.0118 15.8261 0.0273
322.05166099999997 -67.143637 10 0.9790000000000001 16.777 0.0103 16.5488 0.0372 16.4849 0.0488 16.4151 0.0167
321.446109 -66.534701 13 0.98 16.4614 0.0085 16.2459 0.0072 16.1224 0.0101 16.1319 0.0111
321.23557400000004 -66.968788 19 0.981 16.2756 0.0147 16.027 0.0111 15.8862 0.0081 15.8412 0.0287
321.347763 -67.03095400000001 18 0.983 16.4141 0.009000000000000001 15.8939 0.0216 15.5512 0.0245 15.4505 0.0241
321.196734 -66.665475 13 0.977 17.2164 0.0832 16.8732 0.0322 16.6276 0.0363 16.5778 0.0118
322.84438900000004 -66.89284 12 0.98 17.2854 0.0224 16.7059 0.0465 16.3756 0.0184 16.2692 0.0086
322.77261200000004 -66.96504300000001 18 0.9840000000000001 15.3485 0.0068 15.1001 0.0092 14.9604 0.013999999999999999 14.9746 0.0065
321.183251 -66.67664599999999 16 0.98 16.8828 0.0391 16.5014 0.0171 16.2095 0.015 16.1867 0.0102
322.835757 -66.697818 7 0.98 nan nan 17.2476 0.0609 16.521 0.0374 16.2762 0.0095
321.800161 -67.136634 8 0.983 17.5613 0.0121 16.6597 0.0097 15.8253 0.0263 15.4835 0.0078
321.94118199999997 -66.454897 17 0.9940000000000001 12.6101 0.0065 12.4066 0.01 12.3153 0.0061 12.3194 0.0061
322.489778 -66.512399 19 0.99 15.7905 0.006 15.5472 0.0121 15.3736 0.0147 15.3368 0.0063
321.19710200000003 -66.945079 15 0.981 16.6325 0.0382 16.3192 0.0116 16.0692 0.0149 16.0858 0.0081
322.84067200000004 -66.6977 15 0.981 16.6507 0.0291 16.1729 0.0171 15.8946 0.0253 15.82 0.0159
321.161763 -66.91028299999999 17 0.983 16.0363 0.0081 15.664000000000001 0.0065 15.4118 0.0136 15.3474 0.0057
321.268058 -66.995603 6 0.9640000000000001 nan nan nan nan 17.2095 0.0114 16.689 0.0393
321.19066499999997 -66.66327 14 0.976 17.2389 0.0574 16.7589 0.0205 16.3556 0.0074 16.2644 0.009000000000000001
322.62293900000003 -66.553944 9 0.98 16.939 0.0119 16.4682 0.0286 16.2735 0.0246 16.2162 0.0083
322.827768 -66.679363 12 0.972 16.9863 0.0097 16.7964 0.0137 16.6074 0.0098 16.6015 0.0098
321.269645 -66.604782 9 0.976 nan nan 18.2146 0.0823 16.9275 0.016 16.3366 0.0131
322.097799 -66.45326999999999 4 0.968 nan nan nan nan 17.4105 0.0185 16.8799 0.0105
321.46905899999996 -66.521525 11 0.982 17.6795 0.013999999999999999 16.7518 0.0199 15.7649 0.0159 15.3631 0.0113
322.08815699999997 -67.14789 16 0.9890000000000001 13.3157 0.0088 12.9684 0.0083 12.7681 0.0061 12.7187 0.0074
321.58979700000003 -67.111575 2 0.958 nan nan nan nan 16.5461 0.0158 16.2721 0.0154
321.113498 -66.834249 17 0.986 16.975 0.0291 16.5763 0.0201 16.3109 0.0161 16.1738 0.0098
321.14092400000004 -66.897514 26 0.995 12.3924 0.0054 11.9715 0.0047 11.6871 0.005 11.5902 0.0053
322.179132 -67.144615 11 0.983 15.9263 0.0092 15.5179 0.0131 15.2719 0.0071 15.1961 0.01
321.135879 -66.89134200000001 26 0.983 15.6671 0.0071 15.5166 0.0057 15.3922 0.0113 15.3848 0.009000000000000001
322.22335 -66.45926 22 0.9840000000000001 15.1382 0.0116 14.7785 0.0075 14.5237 0.0055 14.432 0.0062
321.33709300000004 -67.03758499999999 22 0.9990000000000001 11.2852 0.0049 10.5332 0.0053 9.9584 0.0062 9.7235 0.0129
322.162775 -66.453537 8 0.951 17.0725 0.0417 17.0913 0.0146 17.1281 0.0137 17.1496 0.0907
322.703818 -66.583873 17 0.983 14.3515 0.0074 13.9708 0.0071 13.7595 0.0108 13.6833 0.0115
321.222035 -66.62770400000001 12 0.966 17.1576 0.0253 17.0804 0.0319 16.8251 0.0465 16.9059 0.0123
322.88824900000003 -66.845427 12 0.983 17.6449 0.0322 16.8704 0.0319 15.8349 0.015 15.4604 0.0159
322.240898 -67.13996800000001 5 0.966 nan nan 18.029 0.0462 17.0427 0.0265 16.7796 0.0086
321.88264 -67.150081 4 0.963 nan nan nan nan 17.2416 0.0293 16.887999999999998 0.0248
321.37209900000005 -66.548549 27 0.9990000000000001 12.3395 0.0053 11.8135 0.0048 11.4686 0.0047 11.3267 0.0103
321.983732 -66.44548499999999 15 0.9840000000000001 16.1933 0.0283 15.5306 0.0057 15.1204 0.0172 14.9754 0.0101
321.467226 -66.514526 8 0.9670000000000001 17.7819 0.0123 17.2811 0.0157 16.9858 0.0385 16.6892 0.0114
322.483661 -66.500873 11 0.98 17.018 0.0252 16.7543 0.0114 16.6411 0.0085 16.5917 0.0069
321.179505 -66.949928 12 0.981 18.0931 0.0333 17.293 0.0409 16.0892 0.0292 15.6777 0.0095
322.860351 -66.694292 18 0.983 16.0532 0.018000000000000002 15.7191 0.0178 15.5645 0.016 15.5963 0.0073
321.241025 -66.607698 17 0.976 17.0099 0.0278 16.7018 0.0301 16.5718 0.0259 16.483 0.0121
322.603179 -67.067059 11 0.983 14.6053 0.0078 14.0597 0.012 13.7376 0.0061 13.6064 0.0074
322.150292 -66.447571 5 0.976 nan nan 17.5008 0.0244 16.5529 0.0092 16.1181 0.0096
322.768168 -66.993528 20 0.997 14.2904 0.0086 13.8471 0.008 13.5691 0.0061 13.4464 0.0061
321.620313 -67.125948 10 0.981 16.8251 0.0133 16.2457 0.0175 15.9291 0.0209 15.7651 0.0259
322.66148 -66.555574 20 0.9890000000000001 13.9435 0.006 13.6797 0.0062 13.5667 0.0062 13.5696 0.0061
321.2167 -66.984672 13 0.975 17.0573 0.0588 16.6583 0.0064 16.5389 0.039 16.4354 0.0092
322.715335 -66.578873 16 0.9840000000000001 14.6158 0.0066 14.1163 0.0068 13.8056 0.0061 13.6754 0.0105
322.422796 -66.482034 11 0.978 16.9639 0.0126 16.7163 0.0257 16.4769 0.0081 16.4708 0.0118
322.257484 -66.455256 6 0.9590000000000001 nan nan 17.7694 0.0541 16.9796 0.0225 16.5859 0.0086
322.870087 -66.911742 15 0.981 16.6206 0.0111 16.2804 0.0202 16.1214 0.0164 16.0995 0.0105
322.677123 -66.55970699999999 9 0.95 17.6885 0.0223 17.4264 0.0167 17.0308 0.0441 17.0393 0.0104
321.130266 -66.912929 10 0.977 17.5614 0.0191 17.1699 0.024 16.8274 0.0125 16.6841 0.0343
322.3965 -67.125331 9 0.983 15.0568 0.0163 14.7873 0.0076 14.6202 0.0141 14.5752 0.011000000000000001
322.475982 -66.49289 11 0.982 15.64 0.0177 15.3587 0.0078 15.1825 0.011000000000000001 15.1395 0.0076
322.092107 -67.159095 7 0.983 16.1706 0.0489 15.7908 0.0095 15.4819 0.0091 15.4135 0.0105
322.045544 -66.43915600000001 14 0.983 16.4877 0.0227 15.7655 0.0073 15.1255 0.0088 14.9098 0.009000000000000001
322.12825 -66.441901 12 0.983 17.5219 0.0338 16.5818 0.0147 15.5839 0.0114 15.197000000000001 0.0061
322.825485 -66.643642 14 0.982 16.4936 0.02 16.1333 0.017 15.890999999999998 0.0129 15.8254 0.0071
322.05217700000003 -66.438761 15 0.986 16.0724 0.0204 15.5151 0.0188 15.1348 0.0057 14.9983 0.0086
322.46179900000004 -66.48772 5 0.977 nan nan nan nan 16.1949 0.0081 15.6304 0.0162
321.405458 -66.524898 16 0.986 16.0691 0.0099 15.8966 0.0102 15.7775 0.0064 15.8206 0.0088
322.917125 -66.82927099999999 22 0.9890000000000001 13.4187 0.0055 12.9874 0.0062 12.6819 0.0055 12.5617 0.0061
322.026994 -67.162439 7 0.982 16.4712 0.0811 15.9875 0.02 15.6529 0.0087 15.5718 0.0108
322.668563 -66.552065 8 0.968 17.7726 0.0435 17.4349 0.0754 17.0583 0.0191 16.9254 0.0472
321.693941 -66.45739499999999 13 0.978 17.076 0.011000000000000001 16.6952 0.0269 16.4176 0.0289 16.3821 0.0297
321.747779 -67.150017 11 0.983 15.4675 0.0096 15.1436 0.0076 14.9213 0.0075 14.8638 0.0083
321.08126 -66.83853 15 0.977 16.1584 0.0233 15.9194 0.0061 15.7337 0.0092 15.7056 0.0122
321.29690800000003 -67.03736500000001 28 1.0 11.5214 0.0047 11.4334 0.0049 11.4328 0.0048 11.4889 0.0053
321.372755 -66.53344399999999 10 0.9740000000000001 17.2468 0.0456 17.0643 0.01 16.8484 0.0388 16.8385 0.0371
321.71918700000003 -66.45290200000001 20 0.983 14.8883 0.0069 14.5428 0.0062 14.2983 0.006 14.2562 0.0072
321.570677 -67.123889 11 0.981 16.9058 0.0327 16.3506 0.0081 16.0466 0.0074 15.9434 0.0175
322.485278 -66.48990699999999 16 0.9890000000000001 13.1816 0.0061 12.908 0.0071 12.783 0.0062 12.7677 0.0074
321.632638 -66.465046 6 0.98 nan nan 17.474 0.0308 16.4887 0.0459 16.0283 0.0237
322.920621 -66.846501 11 0.9790000000000001 17.1766 0.0121 16.8483 0.0365 16.6315 0.0084 16.5907 0.0511
322.00595400000003 -66.434648 19 0.9840000000000001 15.0605 0.0113 14.7326 0.006999999999999999 14.5431 0.0092 14.5089 0.0061
322.06917799999997 -66.43556099999999 21 0.985 14.4382 0.0059 14.0065 0.0067 13.7149 0.0061 13.6179 0.0061
321.689974 -67.145259 10 0.9840000000000001 15.7518 0.0292 15.4081 0.008 15.1615 0.0077 15.0582 0.0165
321.132838 -66.670906 23 0.9890000000000001 14.6022 0.0056 14.145 0.0115 13.8382 0.0053 13.7154 0.0072
321.661482 -66.459202 7 0.977 18.0584 0.0202 17.1921 0.0243 16.5811 0.016 16.3539 0.0162
322.418707 -66.47337399999999 22 0.988 13.1755 0.0058 12.7477 0.0053 12.4611 0.0053 12.352 0.0061
322.88052000000005 -66.683675 13 0.981 16.9408 0.0176 16.6869 0.0485 16.551 0.0415 16.488 0.0202
321.07132 -66.775553 21 0.983 14.8519 0.0057 14.5853 0.0059 14.4532 0.0167 14.4411 0.0104
321.135476 -66.938763 18 0.983 16.0398 0.0093 15.3779 0.0084 14.9652 0.013000000000000001 14.7634 0.0087
321.95497400000005 -66.43311800000001 6 0.9670000000000001 nan nan nan nan 17.232 0.0251 16.634 0.0229
322.929987 -66.775352 18 0.983 15.7566 0.0061 15.5228 0.0066 15.3749 0.0062 15.3518 0.0118
322.067075 -66.43324100000001 9 0.98 17.4102 0.0129 16.7541 0.0188 16.4319 0.01 16.3386 0.0094
321.18684 -66.983347 7 0.953 17.8739 0.0335 17.5343 0.0225 17.1352 0.0129 17.1017 0.0159
321.347542 -66.537802 7 0.966 17.9461 0.0447 17.5242 0.0232 17.0947 0.0087 17.0057 0.017
321.867499 -66.435523 10 0.983 17.145 0.0394 16.265 0.0344 15.5722 0.0149 15.2673 0.0084
322.34817200000003 -66.458573 20 0.998 11.2282 0.0061 10.9967 0.0073 10.8809 0.0067 10.8808 0.0061
322.90873999999997 -66.889599 18 0.983 15.7786 0.0087 15.3966 0.0101 15.1137 0.0057 15.0199 0.0095
322.934814 -66.821274 14 0.983 16.1541 0.0188 15.8526 0.0087 15.6646 0.0067 15.5942 0.0119
322.840431 -66.639853 17 0.981 16.1803 0.0057 15.9096 0.0159 15.759 0.0119 15.7157 0.0146
322.777486 -66.59655500000001 16 0.981 16.7864 0.0146 16.3914 0.0248 16.1563 0.0079 16.086 0.0068
321.06537599999996 -66.776278 20 0.982 15.2697 0.0092 15.0141 0.0081 14.8484 0.0058 14.8138 0.0169
321.112227 -66.68292199999999 13 0.98 17.979 0.0256 17.05 0.0138 16.3153 0.0235 16.0239 0.0069
322.791561 -67.001014 13 0.981 16.7244 0.0309 16.4443 0.0105 16.2756 0.0218 16.302 0.0083
322.245314 -67.1576 2 0.95 nan nan nan nan 17.4902 0.0139 16.951 0.0245
322.647739 -67.069973 9 0.963 17.0145 0.0231 16.5514 0.0389 16.2013 0.0213 16.0148 0.0129
321.5991 -67.136139 13 0.981 16.5505 0.0291 16.2832 0.0085 16.1071 0.0199 16.0945 0.0089
322.055247 -67.170764 15 0.983 15.9767 0.006999999999999999 15.6759 0.0117 15.5204 0.0091 15.4959 0.0126
322.858537 -66.64787199999999 13 0.982 16.1099 0.0097 15.9425 0.0089 15.8412 0.015 15.8161 0.0228
321.387251 -66.518295 8 0.961 18.2321 0.024 17.4709 0.06 17.1635 0.0294 16.8817 0.01
322.94167400000003 -66.831819 5 0.9590000000000001 nan nan 17.7836 0.0352 17.2056 0.0137 17.0155 0.0115
322.844855 -66.635643 12 0.977 16.8412 0.0245 16.5138 0.0129 16.3174 0.0101 16.2572 0.0084
322.441223 -67.130011 11 0.996 14.1595 0.0152 13.7441 0.0074 13.5188 0.0074 13.4609 0.0106
321.502273 -66.48406800000001 14 0.982 16.3899 0.0079 16.0025 0.0165 15.636 0.0077 15.5551 0.0078
322.008632 -67.172524 5 0.977 nan nan 17.9451 0.0574 16.8327 0.0205 16.3718 0.0155
321.56419700000004 -66.469939 21 0.988 13.8299 0.0062 13.5089 0.0053 13.3214 0.0063 13.2924 0.0064
322.42250099999995 -67.134158 6 0.97 17.1611 0.0172 16.8912 0.0238 16.8118 0.0162 16.6669 0.0258
321.118431 -66.66618000000001 3 0.971 nan nan nan nan 17.3624 0.0291 16.9486 0.0519
322.237575 -67.161351 5 0.971 17.0688 0.0198 17.0022 0.0152 16.9242 0.0111 16.8325 0.0275
321.08697 -66.703136 13 0.972 16.5254 0.0142 16.1365 0.0182 15.8623 0.0424 15.8216 0.0104
322.75661 -67.026917 22 0.988 13.7168 0.0053 13.2289 0.0053 12.8825 0.0082 12.7519 0.0061
322.79941099999996 -66.601013 18 0.97 16.8513 0.0328 16.4465 0.0114 16.1724 0.0138 16.0957 0.0199
321.277478 -67.043976 16 0.982 17.5409 0.018000000000000002 16.666 0.0216 15.9606 0.0177 15.6581 0.0119
322.012604 -66.426128 9 0.981 17.8916 0.0135 16.8761 0.07200000000000001 15.8891 0.0079 15.5199 0.0122
321.816387 -67.166988 11 0.9840000000000001 13.4513 0.0236 13.2331 0.0075 13.1077 0.0079 13.1142 0.0105
321.455464 -66.494577 15 0.983 14.809000000000001 0.0076 14.549000000000001 0.0093 14.4107 0.0065 14.365 0.0074
322.439027 -66.468952 11 0.968 17.4817 0.0417 17.0711 0.0792 16.8877 0.0182 16.865 0.0118
322.57799700000004 -66.504124 15 0.9840000000000001 14.6234 0.0062 14.3758 0.0076 14.2232 0.0061 14.1866 0.0078
321.281374 -67.046352 9 0.9790000000000001 nan nan 18.1414 0.0454 16.8336 0.0502 16.3065 0.0186
322.221696 -67.164069 3 0.9640000000000001 nan nan 18.3541 0.0495 17.379 0.0319 17.0046 0.0138
322.803535 -67.001723 12 0.9570000000000001 17.174 0.0431 16.8783 0.0525 16.7355 0.0155 16.7416 0.0412
321.983251 -66.42578 13 0.976 16.9926 0.0171 16.7967 0.0221 16.6854 0.0133 16.6215 0.0211
321.970573 -67.17442199999999 11 0.985 15.6009 0.0322 15.2046 0.0088 14.9484 0.0108 14.8486 0.0089
322.918642 -66.70343199999999 12 0.981 16.6632 0.0089 16.2929 0.0444 16.117 0.0083 16.0611 0.009000000000000001
322.826125 -66.98909 14 1.0 10.0983 0.0062 9.8818 0.0074 9.8067 0.0164 nan nan
321.047089 -66.791722 7 0.961 nan nan 17.0028 0.0152 16.4342 0.0112 16.1772 0.0099
322.00286800000003 -66.42428100000001 22 0.987 14.207 0.0078 13.9637 0.0063 13.8055 0.0053 13.7725 0.0063
322.646665 -66.524548 9 0.978 17.9973 0.018000000000000002 17.1987 0.0207 16.39 0.0325 16.1089 0.0152
321.11312999999996 -66.662868 16 0.987 15.5122 0.0058 14.812999999999999 0.009000000000000001 14.2989 0.0053 14.1121 0.0085
322.148687 -66.42812099999999 10 0.978 17.7653 0.0194 17.1817 0.0133 16.7579 0.0407 16.6351 0.0346
321.07976 -66.905361 15 0.9740000000000001 16.1066 0.0269 15.8173 0.0149 15.6445 0.0072 15.6117 0.0139
321.066648 -66.885316 21 0.986 13.3047 0.0085 13.0349 0.0104 12.8941 0.0055 12.8691 0.0062
321.86112599999996 -67.17314499999999 11 0.9840000000000001 16.3763 0.0473 15.9354 0.0087 15.6592 0.0114 15.5689 0.0178
321.28720400000003 -67.053647 19 0.982 16.5903 0.0117 16.2847 0.0298 16.0777 0.0101 16.0722 0.0368
322.13209700000004 -66.42574300000001 13 0.982 17.4613 0.043 16.6343 0.0272 15.5251 0.0193 15.1108 0.0067
322.856424 -66.631849 5 0.9640000000000001 nan nan 17.9823 0.0325 17.121 0.0095 16.7121 0.0143
322.665114 -66.528118 12 0.966 17.0551 0.0129 16.8502 0.0296 16.6157 0.0157 16.6509 0.012
322.39855 -66.454994 10 0.981 17.0717 0.046 16.6135 0.0326 16.3421 0.0114 16.3065 0.0222
321.071779 -66.700885 22 0.985 13.6969 0.0078 13.2119 0.0055 12.8784 0.0079 12.7407 0.0061
321.732318 -67.165242 5 0.981 nan nan 17.9498 0.0151 16.5821 0.0515 15.9963 0.0301
322.580307 -67.105078 9 0.975 16.9814 0.0116 16.317999999999998 0.018000000000000002 15.8977 0.0079 15.7035 0.0295
321.108052 -66.948425 25 0.998 14.2462 0.0048 13.6879 0.0047 13.3011 0.0048 13.1439 0.0053
321.8703 -67.177083 13 0.983 15.9526 0.0259 15.6863 0.0183 15.4355 0.0111 15.3826 0.0591
321.936122 -66.420289 6 0.977 nan nan 18.2053 0.0531 16.8989 0.0144 16.3131 0.0149
322.750209 -66.56193 5 0.9620000000000001 nan nan nan nan 17.5843 0.0155 16.9714 0.0326
322.312187 -67.16095200000001 4 0.971 17.6709 0.0197 17.4809 0.0254 17.0384 0.0151 17.0973 0.0246
321.376845 -66.509681 20 0.986 14.4805 0.0093 14.1449 0.0053 13.9227 0.0053 13.8584 0.0087
322.405699 -67.146562 7 0.9790000000000001 16.6199 0.0721 16.3895 0.031 16.2253 0.0151 16.209 0.0135
321.033022 -66.77981700000001 18 0.985 15.7246 0.01 15.3597 0.0064 15.1341 0.0074 15.0453 0.013999999999999999
321.286186 -66.543437 22 0.9840000000000001 15.9774 0.0132 15.5445 0.005 15.2773 0.0106 15.2335 0.0284
321.032205 -66.82396800000001 28 0.983 14.7395 0.008 14.3768 0.0079 14.1536 0.0048 14.0931 0.0053
321.989378 -66.417698 6 0.977 nan nan 17.7084 0.0206 16.6129 0.0097 16.1727 0.0094
321.642758 -66.444476 11 0.982 16.3625 0.0137 16.1112 0.006999999999999999 15.9545 0.0079 15.9274 0.008
321.98057400000005 -66.417036 11 0.9790000000000001 17.0639 0.0297 16.7009 0.0164 16.4709 0.0132 16.3905 0.0084
322.76589900000005 -66.56581 24 0.983 15.3845 0.0062 15.0987 0.006 14.9332 0.0058 14.927 0.0056
322.877126 -66.636822 19 0.9840000000000001 15.389000000000001 0.0055 14.9745 0.0099 14.7034 0.0148 14.6365 0.009000000000000001
321.112615 -66.959621 9 0.9690000000000001 17.9087 0.0365 17.4436 0.0771 16.9281 0.0185 16.8285 0.0089
321.090689 -66.66551199999999 12 0.981 15.7595 0.02 15.4458 0.0167 15.2833 0.0065 15.232000000000001 0.0087
321.235447 -66.56435 15 0.9790000000000001 17.2622 0.0115 16.8732 0.0099 16.5956 0.0333 16.5646 0.0101
321.489977 -66.47405400000001 5 0.977 nan nan 17.9541 0.0299 16.8006 0.0109 16.427 0.0105
321.523509 -67.135358 6 0.9620000000000001 17.941 0.0423 17.5928 0.0135 17.1785 0.013000000000000001 17.1399 0.0199
322.015786 -67.18366800000001 7 0.958 17.2462 0.0148 17.0527 0.0349 16.9666 0.0334 17.0513 0.0164
321.06671800000004 -66.692435 12 0.982 16.9794 0.0246 16.0591 0.0062 14.7439 0.0061 14.2625 0.0061
322.77700899999996 -66.57023000000001 17 0.983 16.7679 0.0086 16.1037 0.0138 15.5886 0.0094 15.3341 0.0063
321.24672000000004 -67.04649599999999 15 0.975 17.3972 0.0429 16.9248 0.0155 16.6325 0.0215 16.4566 0.0105
321.034541 -66.745552 13 0.973 17.2194 0.0688 16.9907 0.0187 16.8236 0.016 16.7693 0.0121
321.201919 -66.579889 16 0.9840000000000001 15.6141 0.0068 15.049000000000001 0.0104 14.6785 0.0093 14.5725 0.0107
322.852609 -66.614109 18 0.983 14.1738 0.0061 13.7725 0.0131 13.5191 0.0079 13.4497 0.0061
321.69984500000004 -67.166758 4 0.9670000000000001 nan nan nan nan 17.0667 0.0697 16.6627 0.012
322.152921 -66.419399 9 0.982 18.0023 0.032 17.1444 0.0131 16.0165 0.0068 15.5645 0.0069
321.066342 -66.68714 22 0.992 11.9528 0.0094 11.7032 0.0054 11.5501 0.0053 11.5344 0.0061
322.619284 -67.099908 12 0.983 15.4725 0.0068 15.1199 0.0062 14.8984 0.0109 14.837 0.0163
321.151212 -66.99447099999999 7 0.963 17.6733 0.0131 17.3886 0.0119 17.1254 0.0211 17.0662 0.0983
322.82108999999997 -67.012688 13 0.9840000000000001 15.8417 0.0073 15.4505 0.0123 15.2448 0.0096 15.1631 0.0122
321.307646 -66.528304 16 0.982 15.9224 0.0081 15.6883 0.0069 15.5403 0.0127 15.4977 0.013999999999999999
322.102825 -66.416064 21 0.998 12.0569 0.0053 11.8791 0.0073 11.8046 0.0053 11.8222 0.0061
321.471044 -67.126101 16 0.983 14.225 0.0119 14.0213 0.0064 13.8902 0.0062 13.8806 0.0095
322.963229 -66.87571899999999 5 0.978 nan nan nan nan 17.2323 0.016 16.6238 0.0108
322.47328500000003 -67.139212 11 0.982 16.4054 0.0272 16.0224 0.0137 15.8664 0.0166 15.8466 0.0351
322.942452 -66.911164 9 0.953 17.430999999999997 0.0236 17.119 0.0215 17.0016 0.0526 16.953 0.0139
321.061366 -66.688022 21 0.9840000000000001 12.8866 0.0088 12.6833 0.0073 12.5936 0.0053 12.6065 0.0062
321.727235 -66.428247 11 0.9740000000000001 17.3286 0.0162 16.9404 0.0177 16.6027 0.0168 16.4391 0.0137
321.070085 -66.676508 15 0.9790000000000001 16.1692 0.0107 15.8727 0.0188 15.7155 0.0073 15.6171 0.0332
322.97654700000004 -66.849298 15 0.981 16.7031 0.0109 16.2591 0.0206 16.0472 0.0107 15.9544 0.0065
322.936582 -66.68394599999999 14 0.982 15.9976 0.0068 15.6325 0.0191 15.3746 0.012 15.3342 0.0119
321.972608 -67.187662 8 0.98 17.2139 0.0842 16.9131 0.0437 16.7142 0.0147 16.7601 0.0113
321.520057 -67.139335 10 0.976 16.5549 0.0089 16.4034 0.025 16.1786 0.0118 16.2148 0.0248
321.117479 -66.630561 25 0.983 14.165999999999999 0.0122 13.882 0.0053 13.7233 0.0053 13.6911 0.0064
321.524827 -67.140458 10 0.98 16.8299 0.0365 16.4653 0.0142 16.2279 0.036000000000000004 16.1688 0.016
321.492236 -67.133329 16 0.987 14.8685 0.0113 14.5988 0.0062 14.43 0.0063 14.4042 0.0074
322.38414700000004 -67.157808 3 0.966 nan nan 18.4212 0.0267 17.1259 0.0253 16.7147 0.0267
321.74361899999997 -67.17495 9 0.983 17.3334 0.0752 16.2672 0.0297 15.0276 0.0075 14.5451 0.0074
322.941811 -66.68666800000001 6 0.9520000000000001 nan nan 17.4036 0.0279 17.0574 0.015 16.9124 0.0122
321.697562 -67.170434 10 0.982 16.9119 0.0158 16.6405 0.0094 16.3584 0.017 16.3932 0.009000000000000001
322.31497 -67.169011 8 0.985 15.8088 0.0239 15.4971 0.017 15.2679 0.0176 15.2306 0.0105
321.63741 -67.162751 9 0.982 16.2116 0.0097 16.0042 0.0077 15.8568 0.0198 15.8025 0.011000000000000001
322.948819 -66.690559 10 0.981 18.0914 0.0243 17.2986 0.0649 15.9633 0.0134 15.4656 0.0098
322.34900600000003 -66.435132 15 0.981 16.3626 0.0132 15.9436 0.0155 15.6488 0.017 15.5593 0.0091
321.786659 -67.181659 17 0.9840000000000001 14.8079 0.01 14.4779 0.0076 14.3029 0.0066 14.2462 0.0088
322.467903 -67.14528 16 0.9990000000000001 12.8943 0.0077 12.5539 0.0135 12.3857 0.0062 12.3669 0.0074
322.89392000000004 -66.972984 17 0.983 15.9291 0.0136 15.6699 0.0064 15.4825 0.0091 15.4263 0.0159
321.679262 -67.170613 5 0.9740000000000001 nan nan 17.365 0.0205 16.7362 0.077 16.4575 0.0296
321.063483 -66.93350500000001 8 0.981 nan nan 16.9125 0.0124 15.6849 0.0073 15.2636 0.0079
322.351883 -66.434258 6 0.978 nan nan 18.172 0.0521 17.0331 0.0128 16.609 0.0206
321.158778 -67.010698 15 0.971 17.2351 0.0384 16.8424 0.0336 16.6374 0.0194 16.6076 0.0372
322.669943 -66.511944 11 0.981 16.5191 0.0135 16.3117 0.0079 16.1479 0.0087 16.1009 0.0082
322.99445 -66.821493 9 0.965 17.81 0.0391 17.2218 0.0928 16.936 0.0361 16.7152 0.0152
321.325059 -67.090158 12 0.9690000000000001 16.6762 0.0097 16.2575 0.0089 15.9437 0.0094 15.8404 0.0093
321.063463 -66.937388 19 0.981 15.4792 0.0114 15.1807 0.0119 15.0123 0.0073 14.9705 0.0117
322.783542 -66.558451 12 0.9690000000000001 17.0979 0.0207 16.7441 0.0184 16.7559 0.0124 16.6668 0.0103
