ra dec ngood class_star g_psf e_g_psf r_psf e_r_psf i_psf e_i_psf z_psf e_z_psf
88.740472 -61.355624 8 0.9520000000000001 nan nan 20.076 0.0141 18.5319 0.0208 17.8739 0.0187
88.744299 -61.36049499999999 30 0.997 13.5436 0.0105 13.0714 0.0069 12.7685 0.0053 12.6498 0.0047
88.76948900000001 -61.357651000000004 35 0.9990000000000001 14.5155 0.0126 14.3049 0.0047 14.1931 0.0043 14.2015 0.0048
88.774819 -61.353961 5 0.9520000000000001 19.7873 0.0309 19.5437 0.01 19.3747 0.0644 nan nan
88.718675 -61.351298 33 0.986 15.0268 0.0132 14.717 0.0049 14.5691 0.0053 14.546 0.0044
88.75038599999999 -61.365809999999996 21 0.983 16.3631 0.0087 16.0485 0.0067 15.86 0.0061 15.8254 0.0105
88.78284599999999 -61.346613 28 0.982 17.547 0.0134 17.262999999999998 0.0133 17.0742 0.0051 17.0493 0.0097
88.716169 -61.348319 23 0.986 15.5531 0.0113 15.2099 0.0074 14.9863 0.0049 14.9087 0.0048
88.708003 -61.346627000000005 18 0.983 17.3117 0.0809 16.8561 0.0064 16.5927 0.0053 16.5135 0.0054
88.711613 -61.360313 15 0.983 18.8532 0.0117 18.09 0.0065 17.5351 0.013000000000000001 17.325 0.0199
88.781281 -61.334423 11 0.977 19.6226 0.0105 18.7978 0.0124 18.1641 0.0083 17.9164 0.0201
88.749865 -61.372406000000005 14 0.9840000000000001 18.1008 0.0153 17.1438 0.0175 15.5382 0.0054 14.9019 0.0055
88.72776999999999 -61.371676 15 0.981 19.3758 0.0135 18.5713 0.0144 17.7508 0.0288 17.412 0.0153
88.691351 -61.341181999999996 14 0.983 17.9214 0.0091 17.2869 0.0065 16.8076 0.0059 16.6226 0.0099
88.811554 -61.34638399999999 13 0.9790000000000001 18.8355 0.0253 18.3108 0.009000000000000001 17.913 0.0172 17.74 0.0155
88.719868 -61.376652 9 0.9590000000000001 nan nan 19.1664 0.0121 18.7446 0.0189 18.564 0.011000000000000001
88.804661 -61.368 13 0.983 17.9872 0.0123 17.4125 0.0076 16.9788 0.005 16.8087 0.0067
88.816407 -61.350864 9 0.978 nan nan 18.8138 0.0217 18.5269 0.0149 18.4058 0.0401
88.796157 -61.372980000000005 8 0.978 nan nan 18.7982 0.0092 18.5727 0.0164 18.3131 0.0249
88.76874000000001 -61.318261 24 0.98 18.153 0.0141 17.5399 0.0117 17.1449 0.0076 17.0207 0.0074
88.750765 -61.38340899999999 18 0.983 17.7094 0.0279 16.9747 0.0061 16.3959 0.0064 16.175 0.0059
88.795121 -61.32447 13 0.982 nan nan 19.2708 0.0298 17.5073 0.0056 16.848 0.0131
88.786446 -61.320575 33 0.983 16.8206 0.0058 16.5006 0.0046 16.3329 0.0043 16.2979 0.006
88.795305 -61.376858999999996 22 0.9840000000000001 16.2478 0.0126 15.9249 0.0065 15.765999999999998 0.0077 15.7167 0.0061
88.758274 -61.31555600000001 19 0.97 18.4398 0.0205 18.1793 0.0105 18.0173 0.0101 17.9987 0.0313
88.817675 -61.337407999999996 14 0.98 nan nan 18.63 0.0074 17.7324 0.0053 17.3218 0.008
88.747496 -61.315137 23 0.982 18.2764 0.018000000000000002 17.4035 0.0119 16.6987 0.0143 16.4234 0.0052
88.820369 -61.365331000000005 12 0.973 nan nan 18.6305 0.0531 17.515 0.0274 16.8886 0.0111
88.69815899999999 -61.379016 8 0.983 nan nan 17.5636 0.0105 17.2069 0.0098 17.0675 0.0067
88.739113 -61.388047 18 0.9840000000000001 17.8025 0.0094 17.4542 0.0071 17.2058 0.0155 17.1247 0.01
88.670714 -61.343956000000006 17 0.981 19.2575 0.0113 18.2278 0.0118 17.2755 0.0122 16.9123 0.0104
88.720036 -61.387131999999994 17 0.982 18.7012 0.0121 17.8445 0.0136 16.8573 0.0056 16.4776 0.005
88.836104 -61.355348 9 0.976 19.3671 0.0126 19.0545 0.0195 18.9028 0.0109 18.7551 0.0515
88.663739 -61.356841 11 0.972 nan nan 20.0196 0.0217 18.2035 0.0197 17.5108 0.0261
88.71585 -61.390249 25 0.982 16.6795 0.0206 16.407 0.0245 16.2242 0.0138 16.1807 0.0172
88.772424 -61.307258 22 0.981 17.8414 0.0167 17.1481 0.0055 16.6617 0.0066 16.4413 0.0108
88.82674 -61.375721999999996 23 0.983 16.2531 0.0242 15.9108 0.0213 15.6675 0.011000000000000001 15.5973 0.0111
88.797276 -61.388814 19 0.98 18.1666 0.0403 17.8162 0.006999999999999999 17.558 0.0152 17.4629 0.0225
88.69649 -61.311838 14 0.975 18.9639 0.0287 18.2434 0.0083 17.7385 0.0074 17.5333 0.0258
88.843811 -61.363305000000004 18 0.983 17.9108 0.0315 17.2878 0.0091 16.8849 0.0094 16.7208 0.009000000000000001
88.654238 -61.340086 9 0.977 19.6035 0.025 18.9086 0.0314 18.391 0.0261 18.2124 0.057999999999999996
88.720239 -61.395520999999995 12 0.9690000000000001 19.5804 0.017 19.105 0.037000000000000005 18.7782 0.0175 18.6358 0.0162
88.695542 -61.30958100000001 14 0.985 18.4166 0.0163 17.7955 0.0074 17.3463 0.0084 17.1195 0.0072
88.759603 -61.301528000000005 13 0.95 19.2749 0.0119 18.8606 0.043 18.6154 0.0099 18.4315 0.0537
88.798295 -61.392867 12 0.981 19.1087 0.0159 18.6102 0.0138 18.3197 0.0072 18.2569 0.0243
88.81439 -61.312047 15 0.972 18.5621 0.0152 18.3334 0.0152 18.0709 0.0246 18.0047 0.0199
88.85339 -61.352313 10 0.958 nan nan 19.889 0.0127 18.7004 0.027999999999999997 18.2903 0.0192
88.689045 -61.391065000000005 21 0.985 16.8367 0.0772 16.5783 0.009000000000000001 16.3924 0.0092 16.355 0.0058
88.851377 -61.336541000000004 19 0.982 18.2906 0.02 17.4715 0.011000000000000001 16.8225 0.0076 16.5747 0.0047
88.715267 -61.397987 12 0.97 19.3613 0.0134 19.0694 0.0189 18.799 0.0216 18.7674 0.046
88.731277 -61.299643 20 0.9790000000000001 18.4113 0.0162 17.8663 0.0081 17.4578 0.0119 17.2476 0.0301
88.807346 -61.30585 34 0.9890000000000001 15.2547 0.0069 14.9112 0.0063 14.7114 0.004 14.6602 0.004
88.803209 -61.304209 26 0.985 16.0747 0.0083 15.5264 0.0061 15.1749 0.0044 15.0375 0.0041
88.81199000000001 -61.306468 21 0.986 17.6148 0.0174 16.7112 0.0092 15.5987 0.0048 15.1734 0.0041
88.857618 -61.33259 16 0.982 18.7027 0.0115 18.1746 0.0095 17.8257 0.0062 17.7057 0.0099
88.691396 -61.39685 12 0.983 16.9848 0.01 16.0817 0.0074 15.2968 0.0133 14.9708 0.0062
88.781216 -61.403618 9 0.951 nan nan 19.3794 0.0167 18.8834 0.0229 18.7208 0.0145
88.8293 -61.391011999999996 28 0.983 17.3323 0.0405 17.1711 0.0067 17.046 0.006999999999999999 17.0398 0.0176
88.788327 -61.296738 27 0.981 17.8157 0.0091 17.5803 0.0282 17.4095 0.0103 17.4132 0.0091
88.757758 -61.406413 14 0.982 18.6192 0.0145 18.1481 0.0214 17.8001 0.0055 17.6775 0.0233
88.85846 -61.324982999999996 11 0.953 19.3388 0.0133 18.9871 0.0399 18.7023 0.0113 18.6055 0.0241
88.84863299999999 -61.316922999999996 23 0.983 17.4768 0.018000000000000002 16.6871 0.0243 16.070999999999998 0.0048 15.8371 0.0043
88.764238 -61.407373 14 0.981 19.1247 0.0179 18.28 0.0082 17.5133 0.0103 17.2507 0.0085
88.629977 -61.35972099999999 19 0.982 18.1587 0.0102 17.395 0.0114 16.8751 0.0047 16.6593 0.0153
88.87163199999999 -61.354645 14 0.981 18.8674 0.0118 18.4665 0.01 18.2149 0.026000000000000002 18.0409 0.0096
88.666291 -61.304759999999995 20 0.9740000000000001 18.518 0.06 18.1349 0.0076 17.8576 0.0175 17.7613 0.0117
88.65217700000001 -61.389128 9 0.973 19.2367 0.0141 18.8759 0.0108 18.5966 0.0082 18.6149 0.0493
88.876069 -61.364979000000005 27 0.9840000000000001 17.008 0.0107 16.7546 0.0061 16.602 0.0065 16.5687 0.0073
88.770527 -61.411501 12 0.98 nan nan 19.6485 0.0154 17.8864 0.0097 17.1964 0.0085
88.796367 -61.408436 12 0.968 18.7619 0.0116 18.6733 0.009000000000000001 18.4499 0.0121 18.5227 0.0302
88.863035 -61.317428 25 1.0 10.5447 0.0053 9.9039 0.0105 nan nan nan nan
88.633498 -61.31848299999999 13 0.9570000000000001 19.820999999999998 0.03 19.0368 0.017 18.3373 0.0154 17.9734 0.0127
88.814082 -61.293152 19 0.98 17.8064 0.0195 17.2235 0.0063 16.7717 0.0195 16.6065 0.0074
88.854453 -61.308929000000006 21 0.973 18.4397 0.0092 18.012 0.0159 17.7402 0.0163 17.6792 0.0094
88.624418 -61.374488 12 0.98 nan nan 18.3002 0.033 16.8649 0.0112 16.2433 0.0074
88.62764200000001 -61.378215000000004 15 0.987 15.8326 0.0152 14.8655 0.1516 14.3971 0.0061 14.1274 0.0061
88.64795699999999 -61.393046999999996 19 0.982 17.9032 0.0245 17.0576 0.0069 16.149 0.006999999999999999 15.8158 0.0112
88.776848 -61.413979000000005 6 0.9540000000000001 nan nan 19.7632 0.0761 19.3993 0.0231 nan nan
88.78397700000001 -61.413934 10 0.978 19.3667 0.0144 18.9073 0.0067 18.7099 0.0091 18.64 0.0676
88.862111 -61.388374 13 0.9790000000000001 19.1194 0.0115 18.7105 0.0063 18.4326 0.0273 18.3544 0.0272
88.888446 -61.345612 25 0.9840000000000001 17.3463 0.032 16.898 0.0055 16.6087 0.0057 16.5105 0.0092
88.884668 -61.333315 10 0.965 19.3714 0.022000000000000002 19.1304 0.0165 18.9158 0.0508 18.9387 0.0313
88.627183 -61.381742 6 0.972 nan nan 19.1103 0.0149 18.7885 0.0526 18.6305 0.0227
88.61148299999999 -61.359914 10 0.972 19.4494 0.0109 19.0326 0.0117 18.7745 0.0352 18.7065 0.0715
88.609931 -61.340113 9 0.966 19.8989 0.0165 19.2659 0.0097 18.8609 0.0209 18.7058 0.0249
88.618923 -61.37621800000001 13 0.965 nan nan 17.7576 0.0288 17.4834 0.0154 17.374000000000002 0.0144
88.772909 -61.417229000000006 28 0.9890000000000001 15.8251 0.0093 15.4057 0.006 15.1462 0.0043 15.0689 0.0044
88.737555 -61.417903 29 0.987 16.0546 0.0271 15.5393 0.0049 15.2014 0.0067 15.0715 0.0044
88.792951 -61.415913 10 0.9740000000000001 19.3415 0.0215 19.1039 0.0136 18.9272 0.0085 18.9643 0.0273
88.822983 -61.289463 32 0.983 15.248 0.0147 14.9914 0.0049 14.8355 0.0043 14.8154 0.0046
88.627992 -61.389424 20 0.985 17.5563 0.0092 16.7311 0.0062 15.9282 0.0041 15.6386 0.0047
88.75608100000001 -61.279378 13 0.9640000000000001 19.375 0.0602 18.6549 0.0101 18.0654 0.0674 17.9555 0.0116
88.73769200000001 -61.420568 13 0.978 nan nan 18.8804 0.0112 17.8915 0.0171 17.5199 0.0117
88.665358 -61.29160699999999 23 0.98 17.9511 0.0153 17.5476 0.0409 17.2988 0.0088 17.1987 0.0113
88.801526 -61.282927 21 0.981 17.4694 0.0122 17.1224 0.0061 16.9163 0.0077 16.8609 0.0064
88.889335 -61.375533999999995 7 0.97 nan nan 19.1436 0.0158 18.859 0.0113 18.8137 0.0257
88.614283 -61.319216000000004 18 0.975 19.8718 0.0741 18.9218 0.0096 17.8075 0.0123 17.3901 0.0286
88.657382 -61.293158999999996 25 0.971 17.8601 0.0166 17.5478 0.0092 17.3356 0.0054 17.3046 0.0151
88.718327 -61.421434 16 0.98 19.1663 0.0192 18.5296 0.0102 18.023 0.0146 17.8249 0.0229
88.824101 -61.41440600000001 13 0.98 18.8447 0.0152 18.5249 0.0203 18.3365 0.0176 18.3398 0.0165
88.902867 -61.35906 21 0.9990000000000001 11.4568 0.018000000000000002 11.3173 0.0145 11.2524 0.0074 11.2761 0.0061
88.596537 -61.338099 14 0.97 19.9402 0.0352 19.0549 0.0075 18.2885 0.0249 17.8845 0.0264
88.85287199999999 -61.406464 29 0.983 16.4004 0.0065 16.144000000000002 0.0073 15.9946 0.0058 15.9942 0.0045
88.78934 -61.422858 39 0.987 15.537 0.0059 15.0572 0.0044 14.7562 0.0037 14.6516 0.0037
88.853285 -61.29325600000001 23 0.982 18.6057 0.0092 17.7181 0.0113 16.4283 0.0083 15.9449 0.0089
88.765551 -61.425374 18 0.98 18.6129 0.0199 18.0721 0.0099 17.7418 0.0067 17.5964 0.0095
88.901801 -61.327408999999996 25 0.99 16.5942 0.0088 16.0621 0.0056 15.7771 0.0062 15.6621 0.0045
88.59070899999999 -61.342130000000004 28 0.9840000000000001 17.3032 0.0119 17.011 0.0201 16.8698 0.0085 16.8411 0.0048
88.594065 -61.369523 6 0.955 19.7304 0.0322 19.5435 0.0246 19.2305 0.0148 19.0976 0.0335
88.908224 -61.334655000000005 13 0.973 18.4267 0.0662 17.9245 0.0093 17.6679 0.0089 17.5694 0.0148
88.607391 -61.387840000000004 24 0.9840000000000001 17.5536 0.011000000000000001 17.1486 0.0067 16.8742 0.005 16.7605 0.0115
88.91511700000001 -61.352706000000005 25 1.0 11.8608 0.0093 11.3221 0.0108 10.9695 0.0061 10.8143 0.0061
88.623681 -61.29864 33 0.983 16.6865 0.0054 16.2979 0.013000000000000001 16.0524 0.0053 15.9849 0.0038
88.650486 -61.414087 14 0.983 18.4868 0.0174 18.1309 0.0209 17.8162 0.02 17.7475 0.0066
88.736492 -61.430015000000004 26 0.983 17.279 0.0138 16.9316 0.021 16.6886 0.0082 16.6423 0.0132
88.58261 -61.358254 35 0.9840000000000001 16.2336 0.0084 16.019000000000002 0.0067 15.8864 0.0041 15.8615 0.0042
88.737033 -61.431275 10 0.978 nan nan nan nan 17.6739 0.0086 17.3493 0.0203
88.649851 -61.41649399999999 16 0.981 18.1229 0.0105 17.6672 0.0327 17.4049 0.0171 17.2685 0.0105
88.60424499999999 -61.30556 21 0.983 18.3145 0.0093 17.5212 0.0064 16.8575 0.005 16.5999 0.0071
88.818332 -61.27365 26 0.983 16.6844 0.0067 16.215 0.0054 15.9291 0.0098 15.857000000000001 0.0058
88.63154399999999 -61.289246 29 0.983 17.3825 0.0163 17.0036 0.0105 16.7561 0.0128 16.7183 0.0201
88.585265 -61.376281999999996 11 0.981 18.6291 0.0235 18.1596 0.0214 17.9802 0.0057 17.9294 0.0087
88.754496 -61.266712 37 0.9840000000000001 15.9225 0.0044 15.6404 0.0072 15.4913 0.0059 15.4776 0.0122
88.579553 -61.367433999999996 11 0.951 nan nan 19.8093 0.0159 18.4687 0.0145 17.8692 0.0144
88.669041 -61.275797 12 0.9590000000000001 19.5674 0.0204 18.8553 0.0472 18.3592 0.0214 18.1175 0.0507
88.70225 -61.430609 1 0.998 nan nan nan nan 14.9057 0.1444 nan nan
88.902454 -61.391518000000005 12 0.968 19.652 0.0184 18.8306 0.0388 18.0735 0.0078 17.8895 0.0302
88.9001 -61.393574 17 0.972 18.355 0.0131 18.0464 0.0148 17.8139 0.0067 17.7195 0.0278
88.63144 -61.288026 8 0.975 nan nan nan nan 17.8384 0.0338 17.3201 0.0253
88.721836 -61.43309 30 0.9840000000000001 16.4037 0.0249 16.0786 0.0051 15.8915 0.0051 15.839 0.0055
88.901227 -61.305631000000005 27 0.982 17.5418 0.0113 16.9121 0.0084 16.4253 0.0056 16.2287 0.006
88.696742 -61.431452 0 0.9890000000000001 nan nan nan nan nan nan nan nan
88.855308 -61.419357 10 0.958 19.5652 0.0202 19.3143 0.0171 18.9856 0.0363 18.8163 0.0695
88.91279899999999 -61.386805 28 0.983 15.8766 0.006999999999999999 15.6198 0.0116 15.4911 0.0043 15.4593 0.0044
88.68111400000001 -61.270289 27 0.982 17.0206 0.0071 16.607 0.0126 16.3339 0.0052 16.2419 0.0075
88.61489300000001 -61.292999 20 0.968 18.4357 0.031 18.014 0.0406 17.759 0.0192 17.6986 0.0096
88.895881 -61.297691 25 0.981 17.957 0.0067 17.3122 0.0049 16.8275 0.005 16.5941 0.0095
88.845646 -61.42454300000001 15 0.978 19.1172 0.0122 18.7369 0.0138 18.5289 0.0219 18.4394 0.0124
88.729526 -61.263031000000005 22 0.9840000000000001 16.3554 0.0168 15.7148 0.0052 15.3036 0.0053 15.1659 0.0047
88.578372 -61.320042 32 0.9990000000000001 14.6369 0.0061 14.3493 0.0053 14.1886 0.0043 14.1548 0.0061
88.601477 -61.401476 26 0.983 17.6017 0.0213 17.3777 0.0106 17.1887 0.0074 17.1335 0.0116
88.891037 -61.406362 30 0.9990000000000001 14.0107 0.0086 13.5498 0.0053 13.2149 0.0043 13.0774 0.0043
88.579318 -61.383351 6 0.976 nan nan 18.9554 0.0113 18.783 0.0262 18.7408 0.1125
88.897564 -61.403117 12 0.956 18.6151 0.0114 18.2478 0.0078 17.9738 0.0119 17.9263 0.0138
88.849624 -61.27556800000001 44 0.9990000000000001 13.0351 0.0051 12.6297 0.0056 12.3697 0.0043 12.2751 0.004
88.89066 -61.292669999999994 25 0.981 17.5182 0.0096 16.9471 0.0148 16.6069 0.0094 16.4506 0.0052
88.56546 -61.35560699999999 28 0.9840000000000001 17.033 0.0077 16.7563 0.0085 16.5773 0.0058 16.5285 0.0077
88.741385 -61.260877 24 0.983 16.8727 0.006999999999999999 16.4044 0.0108 16.1478 0.0051 16.0733 0.0044
88.572684 -61.322293 10 0.968 19.469 0.0166 nan nan 17.5909 0.0082 17.1405 0.0217
88.937113 -61.344565 20 0.982 18.5106 0.0295 18.0495 0.0084 17.6941 0.0091 17.5823 0.0251
88.617547 -61.413779000000005 14 0.982 18.6794 0.0119 18.1889 0.0082 17.8875 0.0078 17.789 0.0256
88.57050500000001 -61.37674200000001 8 0.96 nan nan 19.8605 0.0225 18.3421 0.01 17.7827 0.0082
88.637819 -61.422638 25 0.9840000000000001 17.7445 0.0208 17.3157 0.0156 17.0292 0.0063 16.9114 0.0101
88.564819 -61.331635999999996 20 0.983 17.845 0.0311 17.2582 0.0063 16.8252 0.0073 16.6329 0.0093
88.90706 -61.401293 9 0.963 nan nan 18.7755 0.0106 18.5405 0.0271 18.3002 0.022000000000000002
88.65021800000001 -61.27211 31 0.983 16.6283 0.0055 16.2493 0.0059 16.0217 0.0046 15.9459 0.0075
88.61995 -61.419042000000005 11 0.9790000000000001 19.0199 0.0133 18.7303 0.008 18.5493 0.017 18.4387 0.027999999999999997
88.555941 -61.349379000000006 11 0.977 19.4191 0.0179 18.9672 0.0104 18.5799 0.024 18.4431 0.0235
88.654834 -61.43170799999999 20 0.983 17.5092 0.037000000000000005 16.9751 0.0058 16.6459 0.0053 16.533 0.0071
88.927217 -61.389311 18 0.977 17.8811 0.0333 17.6497 0.0174 17.516 0.0097 17.4768 0.0065
88.91074499999999 -61.403447 24 0.982 17.0158 0.05 16.7143 0.0058 16.5457 0.0053 16.5002 0.0125
88.55635799999999 -61.364631 19 0.983 17.788 0.0385 16.8879 0.0064 16.1937 0.0046 15.9451 0.0044
88.634395 -61.426114 8 0.9670000000000001 19.658 0.0411 19.3654 0.0115 19.0293 0.0267 19.0665 0.0325
88.945224 -61.360767 8 0.97 19.3385 0.0157 19.0957 0.0129 18.7991 0.0449 18.7617 0.0172
88.70705500000001 -61.25790799999999 30 0.983 16.2966 0.0204 15.8103 0.0073 15.5039 0.0066 15.3801 0.0053
88.554036 -61.361942000000006 25 0.983 17.614 0.013000000000000001 17.2776 0.017 17.11 0.0057 17.0763 0.022000000000000002
88.69083 -61.440405000000005 8 0.968 19.4261 0.0381 19.2384 0.031 19.1026 0.021 18.8389 0.0427
88.717539 -61.443493000000004 22 0.982 17.7775 0.0065 17.4476 0.0077 17.1904 0.0067 17.1018 0.0178
88.947339 -61.359501 12 0.976 19.191 0.0118 18.6266 0.0124 18.2963 0.0262 18.117 0.0129
88.926941 -61.30619599999999 20 0.971 19.2981 0.0102 18.46 0.0238 17.7269 0.0106 17.4622 0.0211
88.733009 -61.445494 20 0.982 17.546 0.040999999999999995 17.2853 0.0083 17.1424 0.0075 17.0922 0.0067
88.640458 -61.430314 14 0.975 19.016 0.0162 18.5433 0.0285 18.184 0.0106 18.0523 0.0196
88.84061700000001 -61.264194999999994 24 0.982 17.4853 0.0089 17.2248 0.0073 17.067 0.0119 17.0521 0.0091
88.583638 -61.404331000000006 9 0.9620000000000001 nan nan 19.4782 0.0234 18.5472 0.0275 18.1851 0.0147
88.67790699999999 -61.440076 31 0.985 15.3776 0.0053 14.9774 0.0054 14.6905 0.006 14.5709 0.0053
88.94954399999999 -61.33673 22 0.985 17.3837 0.0082 16.5963 0.0117 16.0099 0.0076 15.7517 0.0047
88.721474 -61.254362 16 0.986 18.9925 0.0097 18.0165 0.0108 16.2958 0.0049 15.6548 0.0056
88.95146 -61.347719999999995 20 0.982 18.2166 0.0097 17.8595 0.0116 17.65 0.0129 17.6245 0.0156
88.921318 -61.29898000000001 45 0.992 14.3333 0.0054 13.817 0.0046 13.5094 0.0037 13.3859 0.0037
88.874219 -61.273352 15 0.958 19.0533 0.0398 18.6738 0.0089 18.3826 0.0132 18.2862 0.0349
88.57678100000001 -61.40069200000001 8 0.9740000000000001 nan nan 18.9032 0.0107 18.6111 0.0278 18.5654 0.051
88.604661 -61.417919 11 0.9740000000000001 19.3963 0.0208 19.0064 0.0213 18.6391 0.0376 18.4419 0.0244
88.90525 -61.287463 21 0.981 18.3488 0.0098 17.4459 0.0069 16.6763 0.0052 16.3845 0.0106
88.55444200000001 -61.380844999999994 8 0.977 nan nan 18.8138 0.0146 17.9623 0.0082 17.6726 0.0153
88.836552 -61.260343000000006 9 0.9740000000000001 19.4528 0.0238 18.9915 0.0083 18.6632 0.0387 18.5973 0.013000000000000001
88.943714 -61.316337 23 0.975 18.3055 0.024 17.8028 0.0088 17.441 0.0059 17.2807 0.006
88.786714 -61.252388 14 0.9570000000000001 19.0665 0.0313 18.805999999999997 0.0147 18.6584 0.0284 18.5582 0.0331
88.905376 -61.415583999999996 17 0.9790000000000001 18.1873 0.0113 17.8777 0.0328 17.6048 0.0148 17.5435 0.0187
88.84541800000001 -61.261807999999995 14 0.977 18.6681 0.0206 18.3888 0.0098 18.1987 0.0206 18.1636 0.0149
88.95729 -61.34833199999999 28 0.988 16.7088 0.0063 16.2874 0.0051 16.0035 0.0047 15.9008 0.0077
88.65780500000001 -61.4399 22 0.982 17.9856 0.0225 17.6762 0.0074 17.4497 0.0069 17.377 0.0152
88.574116 -61.405184999999996 20 0.988 15.4766 0.0105 15.2658 0.0074 15.1295 0.0047 15.1133 0.0047
88.541207 -61.36156 15 0.9790000000000001 18.3324 0.0103 17.9114 0.0363 17.6835 0.0071 17.6121 0.0155
88.592156 -61.283393999999994 12 0.98 17.6818 0.0268 17.1168 0.0087 16.7263 0.0099 16.5689 0.0065
88.541303 -61.335161 34 0.988 16.3809 0.0094 16.058 0.0107 15.884 0.0041 15.8414 0.0053
88.808172 -61.252638 13 0.9790000000000001 nan nan 19.5922 0.011000000000000001 17.8864 0.0177 17.2504 0.0142
88.56121 -61.397673 13 0.985 16.6533 0.0117 15.9175 0.0074 15.3147 0.0047 15.0506 0.0047
88.535939 -61.349864000000004 13 0.961 nan nan 19.5826 0.0245 18.4635 0.0146 17.993 0.0392
88.583602 -61.416151 23 0.99 15.2934 0.0108 15.0216 0.0074 14.8399 0.0047 14.7955 0.0047
88.642264 -61.440343000000006 22 0.982 18.2326 0.0087 17.4753 0.011000000000000001 16.9307 0.0104 16.7041 0.013000000000000001
88.625455 -61.26386 20 0.982 16.9875 0.0065 16.5495 0.01 16.2748 0.0079 16.2068 0.0098
88.775115 -61.45423 10 0.9640000000000001 19.7967 0.0129 19.215 0.0096 18.8159 0.0294 18.7105 0.0209
88.701882 -61.452812 12 0.977 18.9912 0.0229 18.6627 0.0086 18.4208 0.0322 18.4421 0.0169
88.968839 -61.360195 12 0.977 18.7458 0.0127 18.3653 0.0226 18.0552 0.0125 17.9105 0.057999999999999996
88.783835 -61.454225 11 0.9670000000000001 19.3532 0.0245 19.0453 0.0121 18.7691 0.0154 18.6192 0.0422
88.552234 -61.30322099999999 18 0.98 18.2561 0.0318 17.6285 0.0088 17.2093 0.0122 17.0391 0.0068
88.535198 -61.32380799999999 12 0.978 19.165 0.0251 18.7592 0.0263 18.4425 0.0249 18.3844 0.0448
88.86695999999999 -61.440484999999995 38 0.9990000000000001 13.505999999999998 0.005 12.8171 0.0044 12.3511 0.0053 12.1794 0.004
88.961137 -61.314337 20 0.965 19.1399 0.0346 18.3819 0.0114 17.8574 0.0125 17.669 0.013999999999999999
88.624523 -61.260838 35 0.992 15.9777 0.0055 15.6405 0.0049 15.4427 0.0048 15.3828 0.0054
88.810037 -61.245711 30 0.991 13.5656 0.0174 13.3512 0.0173 13.2464 0.0064 13.2501 0.0078
88.549609 -61.400261 9 0.98 nan nan 19.3717 0.0133 17.9766 0.0261 17.4605 0.0091
88.880262 -61.261278000000004 11 0.975 19.2481 0.0234 18.8976 0.0133 18.6654 0.0161 18.4534 0.0261
88.80999 -61.244925 9 0.9940000000000001 14.3218 0.0138 14.0414 0.021 13.9169 0.0068 13.9143 0.0083
88.54992299999999 -61.40265600000001 6 0.972 nan nan 19.1379 0.0115 18.6955 0.0125 18.6571 0.016
88.54141800000001 -61.305488000000004 39 0.9840000000000001 15.7937 0.0065 15.319 0.0049 15.0021 0.0039 14.8696 0.004
88.521683 -61.345456999999996 25 0.982 17.8837 0.0196 17.6321 0.0126 17.5083 0.0096 17.4711 0.0213
88.660803 -61.249097 23 0.976 18.2978 0.0389 17.6825 0.0078 17.2651 0.0141 17.0782 0.0143
88.807423 -61.456906000000004 13 0.981 18.8957 0.017 18.5955 0.0167 18.3821 0.0294 18.3499 0.0171
88.68173 -61.455521999999995 15 0.982 19.1797 0.0162 18.3063 0.0069 17.2489 0.0131 16.8744 0.0163
88.714324 -61.240784999999995 14 0.977 20.0243 0.0279 19.1535 0.0095 17.8341 0.0229 17.3431 0.0115
88.555966 -61.410853 10 0.963 nan nan 18.6298 0.0307 18.2013 0.0448 18.0756 0.0198
88.93155 -61.419793999999996 15 0.98 19.342 0.0347 18.56 0.0148 17.5439 0.0066 17.1334 0.0178
88.51943299999999 -61.332251 10 0.977 19.4043 0.0135 18.9097 0.0129 18.6625 0.019 18.5126 0.0114
88.94072800000001 -61.284921999999995 18 0.977 18.4124 0.011000000000000001 18.0497 0.0062 17.8058 0.0063 17.7136 0.0185
88.983738 -61.357972 19 0.9840000000000001 17.372 0.0341 16.6769 0.0198 16.1482 0.0052 15.9409 0.0059
88.53153 -61.390798 13 0.981 19.9945 0.0123 18.9341 0.0078 17.4753 0.0085 16.8819 0.0056
88.864125 -61.251815 20 0.983 18.0298 0.0224 17.2546 0.0106 16.7148 0.0071 16.5339 0.0089
88.538012 -61.399384 15 0.982 18.2898 0.0118 17.7239 0.013999999999999999 17.3375 0.0065 17.1495 0.0091
88.517562 -61.370897 26 0.983 16.7736 0.0096 16.5665 0.0167 16.4015 0.0045 16.3786 0.0095
88.598219 -61.437049 41 0.9840000000000001 15.9411 0.0056 15.6288 0.0053 15.4384 0.0047 15.3956 0.0076
88.84186700000001 -61.245406 11 0.973 nan nan 19.7955 0.016 18.242 0.0204 17.7048 0.0067
88.513155 -61.341439 7 0.961 19.619 0.021 19.3796 0.0189 19.2149 0.0358 19.1226 0.0689
88.977529 -61.383024 24 0.993 14.7647 0.0105 14.5664 0.0061 14.4679 0.0048 14.4582 0.0047
88.576009 -61.272066 21 0.983 16.705 0.0104 16.2286 0.0101 15.8863 0.0051 15.7647 0.0068
88.852886 -61.246559 32 0.9840000000000001 16.2005 0.0053 15.8344 0.0051 15.6223 0.0044 15.5593 0.004
88.94929300000001 -61.286116 14 0.965 19.9382 0.053 19.0752 0.0227 18.1211 0.0118 17.8151 0.0178
88.679502 -61.460241 10 0.9740000000000001 nan nan 19.4374 0.0263 18.1357 0.0281 17.6649 0.01
88.601617 -61.44090799999999 39 0.9890000000000001 14.0495 0.0044 13.7037 0.0058 13.5022 0.0043 13.4487 0.0043
88.62146800000001 -61.44803 13 0.972 19.8744 0.0467 19.0172 0.0172 18.4253 0.0094 18.1254 0.0348
88.510053 -61.363863 9 0.958 19.5964 0.0166 19.114 0.0151 18.9626 0.0193 18.6636 0.1044
88.67383199999999 -61.460464 15 0.982 19.3112 0.019 18.3658 0.0071 17.3125 0.0134 16.9068 0.0196
88.682148 -61.461841 16 0.983 18.9827 0.0338 18.042 0.0065 16.8965 0.0165 16.4507 0.0087
88.627507 -61.450711 14 0.981 18.8199 0.0322 18.4955 0.0373 18.3202 0.006999999999999999 18.219 0.0349
88.505905 -61.350843999999995 15 0.9640000000000001 19.1568 0.0507 18.7167 0.0243 18.3869 0.0176 18.3099 0.04
88.722585 -61.233503000000006 34 0.9840000000000001 16.5512 0.0062 16.2662 0.0054 16.0877 0.0041 16.0692 0.0101
88.834025 -61.23955 28 0.997 13.9898 0.0075 13.6973 0.0053 13.5254 0.0043 13.4929 0.0043
88.663795 -61.460448 41 0.986 15.5298 0.0086 15.2639 0.0044 15.1005 0.0044 15.0748 0.0056
88.99412199999999 -61.335694999999994 10 0.971 19.8075 0.0129 19.3256 0.0355 18.768 0.099 18.7076 0.0222
88.666795 -61.238628000000006 25 0.9840000000000001 17.0677 0.0136 16.2517 0.0047 15.6022 0.005 15.3569 0.0046
88.825316 -61.462858999999995 19 0.985 17.1372 0.0062 16.5337 0.0061 16.1582 0.0045 16.0185 0.0081
88.89345300000001 -61.252937 22 0.983 17.5838 0.006 16.7591 0.0068 16.1664 0.0044 15.9353 0.0043
88.596057 -61.443526 9 0.9670000000000001 19.2935 0.0126 18.7741 0.0379 18.5391 0.0205 18.4279 0.0218
88.700058 -61.466722 7 0.9520000000000001 19.954 0.0206 19.4843 0.0094 19.1735 0.0111 18.934 0.0312
88.691663 -61.465877 21 0.986 17.3136 0.0139 16.7624 0.0089 16.4141 0.0058 16.2972 0.0101
88.771221 -61.231166 34 0.985 16.2223 0.0062 15.7732 0.0053 15.4441 0.0061 15.3343 0.0081
88.520705 -61.303152000000004 15 0.9670000000000001 18.8971 0.0194 18.493 0.01 18.2458 0.0177 18.160999999999998 0.0427
88.52422800000001 -61.298973 23 0.98 18.1366 0.0088 17.6789 0.0102 17.3018 0.0059 17.1989 0.0227
88.501317 -61.338671 16 0.982 18.5974 0.0277 18.0411 0.0255 17.6962 0.0097 17.5891 0.0099
88.71574 -61.22975600000001 13 0.978 nan nan 19.2603 0.0184 17.7483 0.0069 17.1659 0.0053
88.650818 -61.238039 15 0.98 nan nan 19.6082 0.0356 17.8058 0.0114 17.0895 0.0163
88.549811 -61.274955000000006 35 0.982 16.7699 0.0063 16.4958 0.006999999999999999 16.3312 0.0044 16.3056 0.01
88.532827 -61.413724 35 0.988 14.6866 0.0103 14.4418 0.0054 14.2984 0.004 14.2756 0.004
88.62596500000001 -61.243129 23 0.9840000000000001 16.8583 0.008 16.0185 0.0058 15.4015 0.0057 15.1257 0.0043
88.997511 -61.380644999999994 11 0.9790000000000001 nan nan 18.825 0.0102 17.8551 0.0098 17.5054 0.0107
88.70007199999999 -61.470355000000005 23 0.983 17.2445 0.0077 16.4142 0.0042 15.7402 0.0059 15.4678 0.0045
88.524609 -61.291817 36 0.9990000000000001 16.2364 0.0083 15.8086 0.006 15.5316 0.0043 15.4359 0.0041
88.494907 -61.36150500000001 22 0.9840000000000001 17.3559 0.0354 16.6388 0.0093 16.2083 0.0051 16.0504 0.0047
88.748711 -61.47315699999999 25 0.9840000000000001 17.9871 0.0098 17.6758 0.0074 17.477 0.0113 17.4276 0.006999999999999999
88.71009699999999 -61.227512 14 0.98 18.8377 0.011000000000000001 18.3906 0.0061 18.1282 0.0083 18.0433 0.0115
88.725015 -61.473946 17 0.981 18.5827 0.0091 18.078 0.0122 17.7214 0.0112 17.5488 0.0084
88.528952 -61.415682999999994 8 0.965 nan nan nan nan 18.4623 0.0124 18.189 0.012
88.878118 -61.458546999999996 22 0.983 18.357 0.0074 17.6924 0.0107 17.271 0.0146 17.0967 0.0117
88.712227 -61.47353199999999 32 0.991 13.8216 0.0064 13.6293 0.0053 13.5324 0.0047 13.5358 0.0047
88.950998 -61.429877000000005 16 0.977 19.1662 0.0114 18.7665 0.0236 18.4459 0.0239 18.2277 0.034
88.670335 -61.230869999999996 33 0.9840000000000001 16.3551 0.0057 16.04 0.0095 15.8994 0.0043 15.8623 0.005
88.848781 -61.23398100000001 12 0.9520000000000001 19.8701 0.0359 19.3047 0.008 18.8007 0.0094 18.6322 0.0487
88.77668100000001 -61.22509399999999 16 0.976 18.4039 0.0119 17.9806 0.0065 17.7183 0.0071 17.6385 0.0112
88.769339 -61.224712 15 0.975 19.2702 0.0693 18.9092 0.0132 18.6743 0.0176 18.6152 0.0503
88.94443100000001 -61.265904000000006 35 0.987 14.9627 0.0048 14.4828 0.0068 14.1861 0.0043 14.0931 0.0043
88.495923 -61.381203 18 0.9890000000000001 17.291 0.0231 16.6433 0.009000000000000001 16.1888 0.0047 15.9914 0.0047
88.487804 -61.345878000000006 30 0.993 13.4027 0.0064 12.5627 0.0054 11.902000000000001 0.0061 11.6045 0.0053
88.95843599999999 -61.426658999999994 11 0.966 19.6806 0.0147 19.2705 0.0143 18.9417 0.0266 18.8794 0.0192
88.583539 -61.448016 15 0.983 18.3214 0.0145 17.8361 0.0087 17.4975 0.0171 17.3235 0.0169
88.93002 -61.442499 23 0.981 17.2167 0.011000000000000001 16.7499 0.0054 16.4201 0.0077 16.2853 0.0085
88.609725 -61.242828 33 0.9840000000000001 16.5576 0.0074 16.2847 0.005 16.1311 0.0048 16.1119 0.0083
88.610978 -61.457931 11 0.9690000000000001 19.3438 0.0235 18.9377 0.0102 18.5461 0.0284 18.535 0.0667
88.988497 -61.294064 14 0.95 19.0796 0.0249 18.6144 0.0133 18.2097 0.0095 18.0319 0.0191
88.738788 -61.477949 11 0.972 19.5332 0.0521 19.0995 0.0186 18.7091 0.0098 18.5111 0.0128
88.870503 -61.4656 37 0.992 15.8729 0.0132 15.3951 0.0047 15.11 0.0047 15.0029 0.004
88.722884 -61.478657 11 0.975 19.495 0.0371 19.0108 0.0083 18.7286 0.0087 18.5862 0.0177
88.512231 -61.412411 10 0.9520000000000001 nan nan 19.5593 0.0265 18.6956 0.0511 18.3914 0.0119
88.682877 -61.22419 29 0.982 17.1142 0.0093 16.796 0.0106 16.5927 0.0085 16.5344 0.0103
88.601959 -61.45894499999999 16 0.982 18.9808 0.0162 18.0806 0.0207 17.3406 0.0086 17.033 0.013999999999999999
89.020297 -61.365248 16 0.983 17.9232 0.0095 17.0265 0.0058 16.2582 0.0056 15.9707 0.01
88.931655 -61.447348 24 0.983 17.2164 0.0113 16.4606 0.0093 15.8948 0.006999999999999999 15.6547 0.0083
88.75269200000001 -61.219469999999994 32 0.985 16.2907 0.0113 15.9726 0.0047 15.8025 0.0051 15.7751 0.0048
88.808242 -61.477807999999996 20 0.983 17.8471 0.0129 17.2726 0.0052 16.9083 0.0161 16.7302 0.008
89.02284 -61.34918100000001 29 0.9840000000000001 16.4489 0.009000000000000001 16.1166 0.011000000000000001 15.9037 0.0109 15.8369 0.01
89.02087399999999 -61.33234100000001 8 0.971 19.7365 0.0181 19.074 0.0123 18.5123 0.0076 18.3306 0.0238
88.94988000000001 -61.440197999999995 19 0.9790000000000001 19.799 0.0624 18.7609 0.0148 17.7836 0.0111 17.3392 0.0244
88.77532 -61.481660999999995 11 0.96 nan nan 19.7052 0.0088 18.5348 0.0135 18.1163 0.0239
89.026909 -61.354147 18 0.983 17.3519 0.0093 17.1027 0.0077 16.9336 0.0088 16.9136 0.015
88.604772 -61.463428 18 0.9790000000000001 19.618 0.0137 18.7705 0.0086 17.8287 0.012 17.4394 0.0096
88.958922 -61.437737 18 0.981 19.5143 0.0325 18.599 0.0129 17.6528 0.0075 17.273 0.0058
89.02583299999999 -61.332898 18 0.982 17.7397 0.0279 16.9798 0.017 16.4707 0.0079 16.26 0.0061
88.586189 -61.241893999999995 15 0.976 18.6594 0.0665 18.211 0.0124 17.9206 0.0111 17.7787 0.031
88.936122 -61.250431000000006 18 0.9790000000000001 18.5177 0.0119 17.7115 0.0091 17.0467 0.006 16.7642 0.0096
88.470832 -61.341825 8 0.972 19.5965 0.0217 19.1622 0.0296 18.8692 0.0221 18.7198 0.1441
88.531405 -61.266425 36 0.986 15.78 0.0048 15.3097 0.0103 15.0245 0.004 14.9354 0.004
88.61762399999999 -61.468506999999995 34 0.9840000000000001 16.8959 0.008 16.5794 0.0075 16.3801 0.0095 16.2866 0.0079
88.991238 -61.281455 12 0.9520000000000001 18.6934 0.0409 18.4746 0.0075 18.3697 0.0114 18.4156 0.0505
88.495597 -61.407343999999995 15 0.98 18.9885 0.0202 18.5525 0.0283 18.2242 0.0158 18.0478 0.0297
88.999313 -61.412362 16 0.982 19.155 0.011000000000000001 18.1843 0.0079 17.3446 0.0087 17.006 0.0052
89.024396 -61.380157999999994 10 0.956 18.5182 0.0351 18.2371 0.0223 17.9997 0.0209 17.9783 0.0244
88.472266 -61.37451 9 0.973 nan nan 19.8265 0.018000000000000002 18.2878 0.0135 17.7272 0.0369
89.013621 -61.400003000000005 11 0.977 nan nan 19.5857 0.0147 18.3659 0.0127 17.8904 0.0134
88.96033800000001 -61.44151 40 0.983 16.2939 0.0051 16.0355 0.0042 15.9005 0.0087 15.8832 0.0061
88.984251 -61.427094999999994 31 0.983 17.3511 0.0198 17.1103 0.0071 16.9586 0.0089 16.9391 0.0055
89.008271 -61.293245999999996 22 0.982 18.5486 0.0583 17.658 0.027999999999999997 16.2805 0.0047 15.7877 0.008
88.501467 -61.283567000000005 16 0.9570000000000001 19.9753 0.1119 18.9369 0.0498 18.0815 0.0203 17.7324 0.0292
88.729398 -61.486819999999994 37 0.9840000000000001 16.0675 0.0059 15.829 0.0043 15.6853 0.005 15.6669 0.0061
88.741287 -61.48725 11 0.982 18.6724 0.0088 18.4842 0.0077 18.3294 0.0084 18.2584 0.0131
89.035178 -61.336627 8 0.976 19.4118 0.0151 19.0666 0.0334 18.7926 0.0108 18.7182 0.0683
88.890189 -61.469961 22 0.982 17.3743 0.0164 16.4988 0.0143 15.6895 0.0066 15.3659 0.0053
88.474999 -61.389140000000005 11 0.977 19.2594 0.0141 18.814 0.0083 18.4965 0.0073 18.3663 0.0446
88.84485699999999 -61.220155000000005 20 0.9790000000000001 18.4592 0.0237 18.2163 0.0066 18.1042 0.0149 18.062 0.0126
88.755246 -61.212081000000005 12 0.9620000000000001 nan nan 19.2169 0.0075 18.4804 0.0071 18.1941 0.0363
88.863686 -61.476928 30 0.983 17.1802 0.0067 16.9119 0.0074 16.7349 0.0049 16.6863 0.0087
88.91691800000001 -61.237213 32 0.985 15.5398 0.0048 15.2968 0.0049 15.1747 0.0055 15.1475 0.0043
88.579162 -61.46181 10 0.9790000000000001 19.1348 0.0105 18.7764 0.013999999999999999 18.4963 0.016 18.4312 0.0348
89.037211 -61.365649 10 0.978 20.0391 0.0323 19.070999999999998 0.0098 18.1521 0.0105 17.7642 0.0228
88.979088 -61.436301 16 0.976 19.205 0.0144 18.8281 0.0201 18.475 0.0095 18.4191 0.016
88.984533 -61.266925 16 0.98 19.3036 0.021 18.3201 0.0113 16.8077 0.0065 16.2258 0.0097
88.946438 -61.246466000000005 18 0.98 19.7246 0.0208 18.8232 0.0285 17.898 0.0092 17.5409 0.0223
88.66537 -61.48449599999999 17 0.982 18.8331 0.0136 17.9826 0.0138 17.22 0.0055 16.9247 0.0057
88.940846 -61.243561 32 0.983 16.5342 0.0065 16.1513 0.0108 15.888 0.0045 15.8032 0.0041
89.033146 -61.311871999999994 23 0.9690000000000001 17.8625 0.0201 17.6765 0.006999999999999999 17.527 0.0145 17.4946 0.0185
89.004892 -61.279559 13 0.961 19.3472 0.02 18.748 0.0213 18.3189 0.0425 18.0664 0.0224
88.538147 -61.448283999999994 44 0.987 14.3773 0.0043 14.1113 0.004 13.9609 0.004 13.9249 0.0041
88.838009 -61.484813 42 0.9840000000000001 15.7138 0.0113 15.4344 0.0044 15.2658 0.0041 15.2262 0.004
88.669451 -61.213989 19 0.98 18.8017 0.0111 18.2192 0.0099 17.7933 0.0096 17.6403 0.0114
88.455908 -61.362848 21 0.982 18.3115 0.0361 17.4368 0.0095 16.7035 0.0043 16.4408 0.0049
88.63084 -61.22039399999999 17 0.977 nan nan 19.543 0.013000000000000001 18.0095 0.0083 17.4147 0.0111
88.910586 -61.23083100000001 15 0.982 18.8601 0.0171 17.8984 0.03 16.3988 0.0076 15.8524 0.0059
88.856538 -61.482526 13 0.981 19.1247 0.0221 18.734 0.0068 18.4377 0.0089 18.2755 0.0177
88.715687 -61.491326 14 0.973 19.1025 0.0745 18.4315 0.0601 18.0703 0.0274 17.948 0.0687
88.607586 -61.475173999999996 17 0.981 19.4045 0.0481 18.4405 0.0088 17.4846 0.0143 17.0706 0.0181
88.87403 -61.479645 15 0.977 19.3838 0.0462 18.9126 0.0085 18.6168 0.039 18.4567 0.0358
88.713107 -61.49165 9 0.977 nan nan 18.6571 0.0085 18.1573 0.0102 17.9507 0.0229
88.452473 -61.345036 28 0.985 16.927 0.006999999999999999 16.5028 0.0062 16.2665 0.0044 16.1713 0.0115
88.887168 -61.476937 24 0.986 17.0084 0.0106 16.3442 0.006 15.8409 0.0047 15.6261 0.0047
89.0462 -61.370493 12 0.98 19.0668 0.0197 18.3338 0.026000000000000002 17.7476 0.0126 17.4769 0.009000000000000001
88.712513 -61.20754 12 0.968 19.4852 0.0437 19.0937 0.0075 18.7737 0.0247 18.7226 0.0211
88.470686 -61.29839200000001 26 0.98 18.1808 0.0313 17.7375 0.0249 17.5222 0.0144 17.4225 0.0156
88.450547 -61.340146 29 0.9840000000000001 16.8049 0.0185 16.3431 0.012 16.079 0.0043 15.9696 0.0069
88.46665 -61.302017000000006 34 0.982 17.0897 0.0112 16.7847 0.0138 16.6136 0.0074 16.5599 0.0051
88.855243 -61.214964 35 0.986 16.3438 0.0106 16.008 0.0049 15.7896 0.0043 15.7335 0.0054
88.666276 -61.488526 42 0.9940000000000001 14.4617 0.0043 13.9128 0.004 13.5648 0.0043 13.4339 0.0043
88.69824399999999 -61.206922999999996 13 0.976 20.0076 0.0194 19.1752 0.047 18.0311 0.0065 17.5663 0.0079
88.918178 -61.228979 26 0.98 17.2263 0.0083 16.9612 0.0068 16.8061 0.0058 16.7784 0.0053
89.042307 -61.389716 10 0.968 nan nan 19.9452 0.0177 18.4468 0.0072 17.8727 0.0123
88.714602 -61.49481899999999 12 0.971 19.9738 0.0697 19.1448 0.008 18.3129 0.0117 17.9815 0.0161
88.446551 -61.369385 19 0.983 17.0133 0.0227 16.4633 0.0063 16.0382 0.0069 15.8586 0.0055
89.017555 -61.421703 17 0.982 18.6497 0.0137 18.2445 0.012 17.9357 0.0102 17.8589 0.0142
88.460432 -61.30202 16 0.972 19.0196 0.0245 18.4425 0.009000000000000001 18.049 0.0075 17.8946 0.0273
89.051165 -61.379153 8 0.963 nan nan 19.4283 0.01 18.5594 0.0346 18.1882 0.016
88.918063 -61.226668000000004 24 0.981 17.1376 0.0184 16.3868 0.015 15.6874 0.0282 15.3576 0.0283
88.44921 -61.382304000000005 27 0.983 17.465999999999998 0.0202 17.2676 0.0157 17.1496 0.0053 17.1386 0.0055
88.868854 -61.486348 13 0.977 19.1161 0.0091 18.7312 0.0172 18.4384 0.0196 18.3662 0.0122
88.99628100000001 -61.439142000000004 10 0.977 nan nan nan nan 18.0892 0.0072 17.8892 0.0473
88.591709 -61.223135 19 0.988 17.6519 0.0139 16.9636 0.0186 16.4694 0.0064 16.2691 0.0109
88.493998 -61.433016 37 0.9990000000000001 12.8151 0.0053 12.4642 0.0054 12.2706 0.0048 12.2194 0.0037
88.447204 -61.380010999999996 7 0.978 nan nan 18.7777 0.0117 18.6494 0.0266 18.5727 0.0339
88.952167 -61.237774 25 0.983 17.3542 0.0182 16.7496 0.009000000000000001 16.3827 0.009000000000000001 16.2148 0.012
89.037086 -61.406243999999994 21 0.983 17.0254 0.0159 16.5637 0.0055 16.2525 0.0061 16.1381 0.0068
89.05952099999999 -61.34259599999999 12 0.98 19.1389 0.0118 18.6892 0.0119 18.4459 0.0095 18.387999999999998 0.0313
88.909216 -61.22229399999999 38 0.9840000000000001 15.405 0.005 15.0505 0.0062 14.8725 0.004 14.8289 0.0065
88.66009100000001 -61.492608 15 0.9790000000000001 18.7761 0.012 17.9388 0.0153 17.2468 0.016 16.9853 0.0067
88.742677 -61.499083999999996 19 0.976 18.398 0.0345 18.0329 0.006 17.8009 0.0082 17.7428 0.0242
88.54060600000001 -61.46129200000001 22 0.982 18.4153 0.0401 17.9464 0.0099 17.5799 0.0067 17.4501 0.0143
89.046208 -61.398934 18 0.983 17.7409 0.043 17.3467 0.0061 17.0789 0.0066 17.0084 0.0056
88.47103299999999 -61.418994999999995 21 0.982 17.8156 0.0266 17.2905 0.0125 16.9815 0.0092 16.8963 0.0075
88.47318 -61.42120500000001 16 0.982 18.3459 0.0875 17.8279 0.0133 17.4493 0.0096 17.2782 0.0073
88.675609 -61.496338 19 0.982 18.0215 0.0097 17.5622 0.0081 17.1848 0.0122 17.0802 0.0164
88.981166 -61.247951 16 0.976 19.8632 0.0794 18.9468 0.0101 18.1339 0.0132 17.783 0.0227
88.769601 -61.500704000000006 44 0.997 14.9363 0.0069 14.3711 0.004 13.9798 0.0037 13.8341 0.0037
88.43787900000001 -61.330206000000004 32 0.991 13.934000000000001 0.0057 13.6814 0.0053 13.5234 0.0043 13.4953 0.0043
88.96733499999999 -61.459531999999996 17 0.982 19.1696 0.0244 18.2976 0.0172 17.5601 0.0087 17.2895 0.0107
88.819743 -61.497406999999995 20 0.9840000000000001 17.1628 0.0189 16.3819 0.0053 15.825 0.0044 15.5639 0.0045
88.825678 -61.496885 9 0.9740000000000001 nan nan 18.9319 0.0103 18.3445 0.0096 18.0383 0.0116
89.05547800000001 -61.388926 12 0.98 18.672 0.0107 18.3888 0.0069 18.2161 0.0098 18.1496 0.015
88.976313 -61.455989 38 0.983 16.3541 0.0078 16.0643 0.0042 15.8555 0.0044 15.8024 0.0055
89.063687 -61.370233999999996 9 0.9670000000000001 nan nan 19.2418 0.0362 18.4699 0.0128 18.1162 0.0181
88.98804100000001 -61.450192 11 0.978 nan nan nan nan 17.8411 0.0155 17.6594 0.0142
88.45222 -61.298871 20 0.9840000000000001 16.9515 0.0072 15.9515 0.0117 14.7149 0.0352 14.2641 0.023
88.872596 -61.489982 10 0.9590000000000001 19.9108 0.0366 19.4572 0.0225 19.1288 0.0397 19.0873 0.028999999999999998
88.974446 -61.457291000000005 3 0.961 nan nan nan nan 18.5939 0.023 18.4013 0.0146
88.969037 -61.240201 10 0.956 19.8469 0.1108 19.3688 0.0136 18.8855 0.0274 18.9797 0.1034
88.577551 -61.222085 9 0.966 19.5174 0.0144 19.067999999999998 0.0433 18.7747 0.0239 18.6509 0.0366
89.061764 -61.380578 11 0.983 18.0946 0.0156 17.6886 0.0078 17.4076 0.0075 17.2898 0.0119
88.446848 -61.303754000000005 30 0.982 17.1598 0.0052 16.8277 0.0131 16.6125 0.006 16.5209 0.0069
88.95970799999999 -61.465524 11 0.975 19.2317 0.0308 18.8731 0.0076 18.6727 0.01 18.5665 0.0227
88.95301500000001 -61.232036 32 0.991 17.0107 0.0056 16.6206 0.005 16.3783 0.0044 16.3121 0.0051
88.935788 -61.474734999999995 24 0.9840000000000001 17.4093 0.0134 16.7422 0.0054 16.2777 0.0051 16.0705 0.0057
88.542897 -61.467186 14 0.9790000000000001 19.5379 0.0445 18.7725 0.0165 18.2859 0.0307 18.0897 0.0266
89.027198 -61.273452 38 0.985 14.4536 0.0067 14.1819 0.0058 14.0167 0.0043 13.9878 0.0043
88.759899 -61.503547999999995 12 0.9540000000000001 19.417 0.027000000000000003 19.1281 0.0098 18.9324 0.0322 18.5853 0.1161
88.639189 -61.494253 39 0.995 14.0452 0.0058 13.7286 0.0047 13.5538 0.004 13.511 0.0043
88.902923 -61.485381999999994 25 0.982 17.1354 0.0101 16.6315 0.0115 16.3128 0.006 16.1998 0.0132
88.90394599999999 -61.214608 16 0.9640000000000001 18.5151 0.0451 18.0708 0.0116 17.7068 0.0067 17.5715 0.0143
88.55539399999999 -61.22632900000001 29 0.987 15.8503 0.0076 15.5516 0.0068 15.4042 0.0049 15.3751 0.0047
88.924576 -61.219258999999994 30 0.982 17.1054 0.013000000000000001 16.7381 0.0112 16.5635 0.0065 16.4908 0.0094
88.80710400000001 -61.502913 13 0.976 19.632 0.0123 19.0407 0.0089 18.6496 0.0273 18.4865 0.0558
88.590986 -61.485518000000006 31 0.983 16.9188 0.0117 16.6414 0.0074 16.4462 0.0059 16.4128 0.0075
89.053776 -61.405191 12 0.982 19.250999999999998 0.0131 18.3373 0.0078 16.9523 0.0058 16.4039 0.0071
88.539679 -61.231527 25 0.981 17.9666 0.0119 17.3979 0.0057 17.0277 0.0091 16.8902 0.0112
88.65109 -61.20138000000001 22 0.976 nan nan 19.0551 0.0108 17.8956 0.0122 17.4675 0.009000000000000001
89.02911999999999 -61.269603000000004 18 0.98 18.1142 0.0146 17.2741 0.0109 16.6377 0.0081 16.3987 0.0187
88.437685 -61.305048 17 0.9790000000000001 19.8268 0.0444 18.7345 0.0507 17.3065 0.0106 16.781 0.0059
88.94464 -61.476063 8 0.955 19.5273 0.0149 19.2465 0.0093 19.0101 0.015 18.9534 0.0196
88.432837 -61.39016899999999 15 0.982 18.3442 0.0105 17.562 0.0068 17.0135 0.0063 16.7913 0.0107
88.93051700000001 -61.481366 26 0.983 16.6229 0.0062 15.7398 0.0041 14.6989 0.0054 14.3187 0.0053
88.892649 -61.20851 32 0.982 16.8097 0.006 16.4389 0.0045 16.2149 0.0046 16.1403 0.0054
88.861524 -61.201875 23 0.978 18.3251 0.033 18.0425 0.008 17.848 0.0094 17.7744 0.0151
88.912715 -61.21297 21 0.965 18.2178 0.0069 17.965 0.0084 17.7857 0.0082 17.7645 0.0128
88.604752 -61.491969999999995 10 0.966 nan nan 19.9379 0.0168 18.4005 0.0187 17.7685 0.0095
88.42753499999999 -61.383283 11 0.977 19.8342 0.0256 18.875 0.0109 18.1178 0.0168 17.7896 0.0266
88.426238 -61.320005 9 0.9520000000000001 19.1952 0.0257 18.6455 0.0301 18.2828 0.0404 18.125 0.0309
88.563313 -61.21912 12 0.9790000000000001 18.9466 0.0111 18.5704 0.0453 18.2121 0.0117 18.1555 0.0194
88.428656 -61.389761 17 0.982 18.2167 0.0114 17.778 0.0074 17.4862 0.0126 17.373 0.0116
88.673581 -61.50490500000001 16 0.977 19.9212 0.0412 19.2205 0.0098 18.07 0.0113 17.6256 0.0206
88.487848 -61.44815799999999 43 0.987 14.5129 0.0091 14.2589 0.004 14.1194 0.004 14.0982 0.004
88.451003 -61.28038000000001 17 0.97 19.5026 0.0138 18.6736 0.0461 17.8722 0.0081 17.5342 0.0174
88.646955 -61.501774 18 0.976 19.6088 0.0607 18.8461 0.0104 18.2661 0.0144 18.0104 0.0478
88.919624 -61.212644999999995 17 0.978 18.2438 0.0091 17.7696 0.0065 17.4114 0.0116 17.2677 0.0087
88.773899 -61.190647 29 0.981 17.6099 0.0082 17.1202 0.0093 16.828 0.0111 16.7295 0.013999999999999999
88.65365 -61.197067000000004 29 0.983 17.1736 0.0132 16.543 0.0042 16.123 0.0045 15.9534 0.0048
88.448901 -61.419103 17 0.982 18.4193 0.0115 17.9818 0.0125 17.7143 0.009000000000000001 17.5862 0.01
88.53623 -61.473076 15 0.9790000000000001 19.1542 0.0224 18.6378 0.0147 18.2747 0.0159 18.1726 0.0139
89.016338 -61.253009 12 0.975 nan nan 19.7679 0.0108 18.3318 0.0148 17.7767 0.0188
88.42415 -61.313304 16 0.973 18.7113 0.0159 18.2276 0.0098 17.958 0.0179 17.8117 0.0308
88.82601700000001 -61.506678 12 0.9670000000000001 19.4997 0.0126 19.127 0.0196 18.7867 0.0245 18.4754 0.047
88.418609 -61.375997 14 0.9990000000000001 12.9881 0.0105 12.5361 0.0105 12.2307 0.0074 12.1145 0.0053
89.085596 -61.358141 19 0.953 18.6296 0.0123 18.4928 0.0079 18.2302 0.015 17.7071 0.0109
88.573234 -61.487276 32 0.9840000000000001 16.1475 0.0058 15.8152 0.0077 15.6352 0.0049 15.5837 0.0065
88.49430500000001 -61.244565 39 0.987 15.4328 0.0067 15.0623 0.0043 14.8332 0.0067 14.7534 0.004
88.853435 -61.504252 14 0.968 19.4647 0.0378 19.1276 0.0276 18.8644 0.0149 18.8325 0.0813
88.661502 -61.506969999999995 17 0.9690000000000001 18.7699 0.0588 18.3679 0.0257 18.054000000000002 0.0126 17.9493 0.0286
88.897315 -61.496577 18 0.965 19.4304 0.0115 18.5555 0.0117 17.8152 0.0293 17.4961 0.0291
88.94370699999999 -61.216549 9 0.963 nan nan nan nan 18.5169 0.0105 18.0851 0.0122
89.039135 -61.435545999999995 24 0.987 nan nan nan nan 14.3999 0.004 14.245999999999999 0.004
88.88774599999999 -61.498853000000004 16 0.981 19.7145 0.0192 18.6369 0.0093 16.8702 0.0201 16.2258 0.0077
88.502339 -61.23875699999999 9 0.971 19.3747 0.0274 19.1881 0.0079 19.0497 0.0385 19.0588 0.0738
88.50758 -61.236118000000005 28 0.983 17.4865 0.0072 17.2206 0.0095 17.0434 0.0056 17.0135 0.0066
88.427975 -61.402606999999996 12 0.977 19.5769 0.0166 18.8336 0.0183 18.2767 0.013999999999999999 18.1197 0.0186
88.513648 -61.467767 22 0.982 18.2301 0.0142 17.4198 0.0085 16.8197 0.0117 16.5637 0.0132
88.828193 -61.19074499999999 34 0.983 16.5026 0.0101 16.1448 0.0048 15.9309 0.0058 15.8679 0.0062
88.572424 -61.490264 8 0.975 19.3835 0.0166 18.8593 0.0297 18.6089 0.0231 18.4739 0.0228
88.963291 -61.478418999999995 46 0.99 13.8286 0.0048 13.5393 0.0037 13.3804 0.004 13.3475 0.004
88.682015 -61.189112 20 0.982 17.6844 0.0093 16.9351 0.0088 16.3791 0.0057 16.1794 0.0044
89.062483 -61.417696 9 0.975 19.4934 0.1051 18.8465 0.0097 18.553 0.0123 18.4496 0.0361
88.703519 -61.18713100000001 28 0.9840000000000001 16.3886 0.0058 16.0949 0.0089 15.911 0.0047 15.8868 0.0041
89.063776 -61.416651 16 0.981 nan nan 18.7923 0.0136 17.8465 0.0129 17.5148 0.009000000000000001
88.622556 -61.50281999999999 30 0.982 17.8435 0.0105 17.4097 0.0123 17.092 0.008 16.9663 0.0089
88.883052 -61.50271600000001 37 0.983 17.3334 0.0139 17.0919 0.0051 16.9618 0.0044 16.9461 0.0116
88.638855 -61.19340699999999 22 0.9840000000000001 19.5425 0.0201 18.5251 0.0059 17.2505 0.0048 16.779 0.0045
89.030336 -61.447051 4 1.0 nan nan nan nan nan nan nan nan
88.43786300000001 -61.421478 10 0.968 19.5524 0.0141 19.07 0.0081 18.713 0.0098 18.5834 0.0191
88.957151 -61.217248 11 0.976 19.2376 0.0303 18.7793 0.0077 18.4469 0.0197 18.4378 0.0149
88.406243 -61.370665 14 0.9840000000000001 17.5752 0.0098 16.7701 0.0078 16.2306 0.0053 16.0197 0.0111
88.801587 -61.514359999999996 29 0.983 16.921 0.017 16.4384 0.0091 16.0776 0.0043 15.9373 0.0039
88.411631 -61.386759999999995 18 0.983 18.0873 0.1522 17.7979 0.0891 17.7384 0.052000000000000005 17.7272 0.0498
88.94560899999999 -61.48743 15 0.9790000000000001 19.0479 0.018000000000000002 18.6779 0.0126 18.4086 0.0203 18.3285 0.0226
88.912839 -61.496965 18 0.981 17.5027 0.0061 17.1264 0.0102 16.8737 0.0076 16.8277 0.0142
88.648792 -61.190757 19 0.9690000000000001 19.0461 0.0361 18.6525 0.0168 18.3545 0.0235 18.3347 0.0099
88.956744 -61.483945999999996 11 0.953 nan nan 19.6202 0.022000000000000002 18.5621 0.0412 18.2664 0.059000000000000004
88.652209 -61.509896999999995 31 0.983 17.5661 0.0093 17.3123 0.0089 17.1559 0.0117 17.1239 0.0085
88.746678 -61.183271 32 0.981 17.5502 0.0071 17.2157 0.0062 17.0087 0.0099 16.9287 0.0118
88.584335 -61.203379000000005 17 0.981 19.1653 0.0119 18.2439 0.0082 17.2018 0.0118 16.826 0.006
88.90025200000001 -61.199534 28 0.981 17.7006 0.0249 17.4294 0.0052 17.2592 0.0052 17.2089 0.0168
88.765146 -61.517084 18 0.978 19.6703 0.0145 18.8671 0.0142 18.3359 0.0349 18.0479 0.024
89.055283 -61.431670999999994 12 0.973 nan nan nan nan 18.067999999999998 0.0216 17.9363 0.043
88.41235400000001 -61.306785999999995 37 0.9890000000000001 15.6664 0.0071 15.2548 0.0043 15.0098 0.004 14.9287 0.0041
89.097189 -61.330397 11 0.977 19.2736 0.0196 18.8148 0.0254 18.5677 0.0088 18.3642 0.0195
88.54239399999999 -61.215231 19 0.97 19.8474 0.0135 18.8584 0.0123 17.9546 0.01 17.5678 0.0085
89.026486 -61.453139 13 0.9740000000000001 nan nan nan nan 15.6295 0.0084 15.5847 0.0107
88.936149 -61.492541 12 0.976 19.2693 0.0194 18.8715 0.0069 18.6342 0.0097 18.4507 0.0397
89.044975 -61.25894 14 0.9740000000000001 18.579 0.0285 18.2739 0.0091 18.0496 0.0241 18.005 0.0117
88.54911 -61.212019 11 0.9690000000000001 19.1817 0.0262 18.9361 0.0166 18.7155 0.0154 18.6867 0.0285
89.10094000000001 -61.34094 37 0.99 14.12 0.0078 13.7191 0.0044 13.475999999999999 0.004 13.3973 0.004
88.791205 -61.182426 23 0.982 19.6833 0.011000000000000001 18.8367 0.0166 17.7853 0.0118 17.4668 0.0205
88.94353000000001 -61.49116899999999 18 0.98 19.5129 0.0543 18.5929 0.013000000000000001 17.6435 0.0102 17.2973 0.0163
88.947025 -61.209989 12 0.956 nan nan 19.9759 0.0151 18.5005 0.0064 17.9309 0.0077
88.879094 -61.507424 31 0.983 17.5335 0.0094 17.1994 0.0046 16.9865 0.0063 16.9653 0.0062
88.461256 -61.252959 32 0.9840000000000001 16.1835 0.0082 15.4845 0.0065 15.0232 0.0044 14.8524 0.0041
89.057099 -61.266597999999995 14 0.981 19.3964 0.0246 18.4003 0.0214 16.67 0.0075 16.0271 0.0058
88.85521700000001 -61.511988 14 0.96 nan nan 19.4494 0.0153 18.5996 0.01 18.2571 0.0192
88.574864 -61.497742 25 0.9990000000000001 11.5628 0.0079 11.2606 0.0129 11.1072 0.0103 11.0789 0.0089
88.89595600000001 -61.505022 42 0.983 15.9932 0.006 15.7981 0.0067 15.6725 0.0038 15.6543 0.0044
89.096308 -61.387930000000004 18 0.9840000000000001 19.367 0.0161 18.4969 0.0249 17.424 0.0125 16.987000000000002 0.016
88.616881 -61.191788 30 0.987 17.0094 0.0095 16.502 0.0043 16.21 0.0039 16.1152 0.0056
89.106225 -61.348453000000006 16 0.983 19.5998 0.034 18.516 0.0079 16.9886 0.0046 16.3987 0.0046
88.54934399999999 -61.20882099999999 11 0.951 19.897000000000002 0.0186 19.2973 0.0228 18.917 0.0243 18.7496 0.0682
88.674739 -61.518097 22 0.983 18.6198 0.009000000000000001 17.7208 0.0134 16.5452 0.0116 16.0733 0.0058
88.9411 -61.204674 27 0.983 17.8476 0.0267 16.9407 0.0111 16.0641 0.0081 15.7163 0.0042
88.645401 -61.185483 22 0.978 17.7335 0.0303 17.442 0.0242 17.2162 0.0071 17.1434 0.0138
88.392397 -61.368652000000004 18 0.986 16.9781 0.0097 16.125999999999998 0.0063 15.4415 0.0045 15.1735 0.0043
88.71794799999999 -61.521795 20 0.981 19.7131 0.109 18.8752 0.0124 17.6884 0.0154 17.2508 0.0124
88.93092299999999 -61.499204000000006 23 0.978 17.7393 0.0067 17.432000000000002 0.0054 17.237000000000002 0.0122 17.2208 0.011000000000000001
89.082239 -61.41745699999999 11 0.98 19.2206 0.0119 18.7961 0.0085 18.5553 0.0104 18.4571 0.0556
88.399181 -61.39106700000001 19 0.982 18.3159 0.0435 17.991 0.0094 17.7596 0.0069 17.6741 0.0118
88.388746 -61.343474 18 0.98 18.6228 0.1069 18.1232 0.027000000000000003 17.8174 0.0069 17.6892 0.0105
89.013988 -61.469149 11 0.982 nan nan nan nan 17.4689 0.0109 16.9176 0.0077
88.52973 -61.48828100000001 18 0.9790000000000001 19.9768 0.0188 18.9709 0.011000000000000001 17.3797 0.0063 16.7601 0.009000000000000001
88.928928 -61.198859 14 0.955 18.9036 0.0091 18.5107 0.0071 18.2045 0.0108 18.1347 0.0099
89.098672 -61.398607 20 0.983 17.8111 0.0261 17.4072 0.0061 17.1661 0.0045 17.097 0.0054
88.703655 -61.522934 28 0.9840000000000001 17.97 0.0166 17.6247 0.0083 17.3916 0.0079 17.323 0.0146
88.874075 -61.18617 26 0.981 18.6082 0.0162 18.0771 0.0155 17.6922 0.0089 17.5355 0.0085
88.38681700000001 -61.338736 9 0.965 19.4845 0.0134 19.0711 0.025 18.7222 0.0171 18.6473 0.0215
89.097308 -61.29780699999999 25 0.9840000000000001 17.4386 0.008 16.5312 0.0102 15.2236 0.004 14.7432 0.0038
88.385643 -61.34381 9 0.951 nan nan 19.6898 0.0123 18.4687 0.0146 18.0291 0.013000000000000001
88.937524 -61.200041000000006 26 0.982 17.8302 0.0143 17.1824 0.0103 16.7327 0.0048 16.5553 0.0107
88.530908 -61.210204000000004 19 0.977 19.476 0.0135 18.5507 0.0243 17.5708 0.0074 17.1684 0.0058
88.44649 -61.252836 15 0.985 19.5906 0.0405 18.7194 0.0116 17.5064 0.0103 17.0251 0.0062
89.030771 -61.462607999999996 22 0.9990000000000001 nan nan nan nan 10.9347 0.0053 10.9468 0.0055
88.626499 -61.184925 27 0.982 18.0399 0.0129 17.2346 0.0064 16.6071 0.0054 16.3652 0.0043
88.988473 -61.483909999999995 10 0.9670000000000001 19.6895 0.013000000000000001 19.3042 0.0215 18.9596 0.0194 18.9779 0.0755
89.043022 -61.244338 17 0.983 18.2777 0.0095 17.3714 0.0058 16.3806 0.0083 16.0187 0.0082
89.116653 -61.36174200000001 6 0.961 nan nan nan nan 18.6528 0.0153 18.1003 0.039
88.52108299999999 -61.212224 15 0.951 nan nan 19.5947 0.0185 18.2863 0.0258 17.7491 0.0201
88.597962 -61.511044999999996 27 0.983 17.5853 0.0066 17.0938 0.0166 16.7178 0.0051 16.59 0.0055
88.582247 -61.507501 24 0.971 17.8506 0.0403 18.1312 0.0166 18.4378 0.0119 18.6743 0.0137
88.64413 -61.18066700000001 31 1.0 11.2602 0.0053 10.7766 0.0061 10.4533 0.0055 10.3311 0.0061
88.776055 -61.173604000000005 24 0.982 18.546 0.0171 17.7795 0.0057 17.1914 0.0078 16.9456 0.0059
88.665089 -61.177870999999996 12 0.976 18.9056 0.036000000000000004 18.6315 0.0089 18.5308 0.0077 18.6792 0.0348
89.024505 -61.231981999999995 13 0.973 19.2176 0.0131 18.764 0.0087 18.4361 0.0103 18.3163 0.0301
89.011748 -61.225025 28 0.983 17.3789 0.0073 17.0492 0.0057 16.8531 0.0049 16.7928 0.0068
88.954634 -61.498158999999994 22 0.982 18.3963 0.0414 18.0661 0.0069 17.8554 0.0103 17.766 0.0156
89.120471 -61.362448 18 0.985 16.7562 0.0189 15.9979 0.005 15.4189 0.0069 15.1781 0.0068
88.745684 -61.528546 14 0.976 nan nan nan nan 17.9006 0.0131 17.3739 0.0094
88.377589 -61.344737 11 0.976 19.2866 0.0146 18.9111 0.01 18.6056 0.0293 18.4426 0.0351
89.09667900000001 -61.284882999999994 35 0.983 16.4399 0.0155 16.1422 0.0063 15.9617 0.0057 15.9118 0.0093
88.926594 -61.507465 30 0.978 17.88 0.0071 17.6423 0.0147 17.5023 0.0146 17.4518 0.012
88.682447 -61.17411800000001 27 0.9840000000000001 15.9554 0.0055 15.2551 0.0082 14.7894 0.0043 14.614 0.0059
88.720416 -61.171237 23 0.981 17.6899 0.0288 17.3705 0.0071 17.1738 0.0049 17.1286 0.0092
89.054059 -61.245551 13 0.9790000000000001 18.7493 0.0151 18.3422 0.009000000000000001 18.0724 0.0209 18.0875 0.0494
89.123322 -61.365334999999995 12 0.982 19.344 0.0161 18.6618 0.0071 18.1332 0.0207 18.0201 0.0168
88.499015 -61.216840000000005 23 0.981 18.097 0.0273 17.6899 0.0073 17.4418 0.0088 17.3678 0.013999999999999999
88.872801 -61.520113 29 0.982 17.8934 0.0072 17.5226 0.0079 17.2597 0.0056 17.1757 0.0107
88.64348199999999 -61.177206999999996 28 0.985 15.6332 0.0109 15.3393 0.0105 15.159 0.0057 15.1075 0.0151
88.700609 -61.171315 8 0.963 nan nan 19.2356 0.0094 18.617 0.0301 18.3554 0.0221
88.83842 -61.525255 16 0.973 nan nan 19.6139 0.0367 18.2932 0.0126 17.7912 0.0133
88.663857 -61.174404 13 0.9740000000000001 19.2834 0.0201 19.0024 0.0065 18.6754 0.0127 18.4756 0.0112
88.883864 -61.518887 16 0.973 19.3578 0.0164 18.9043 0.0351 18.5213 0.0101 18.3368 0.0415
88.849205 -61.175588 16 0.9670000000000001 nan nan 19.3239 0.0208 18.4612 0.0222 18.1596 0.0191
88.38030400000001 -61.312367 20 0.977 19.8358 0.0141 18.8039 0.0326 17.4159 0.005 16.9274 0.0074
88.955053 -61.502658 18 0.975 nan nan 19.6727 0.0445 18.0751 0.0135 17.4696 0.0084
88.669189 -61.527405 17 0.982 18.3213 0.0085 17.819000000000003 0.0068 17.456 0.0074 17.2764 0.006999999999999999
88.45209799999999 -61.463077 11 0.9790000000000001 19.2892 0.0163 18.8385 0.0068 18.5551 0.0085 18.375 0.0183
88.75174200000001 -61.167832 12 0.958 19.1984 0.1818 19.1378 0.1094 19.1614 0.037000000000000005 19.0517 0.0325
88.861098 -61.175794999999994 37 0.985 16.6972 0.0134 16.3007 0.0042 16.0305 0.0042 15.9499 0.0065
88.817312 -61.529368000000005 12 0.9740000000000001 19.2788 0.0252 19.0409 0.0182 18.7557 0.0113 18.6117 0.0124
88.68721 -61.170191 16 0.981 18.3151 0.0116 17.4378 0.0092 16.5656 0.0096 16.2407 0.0057
88.382595 -61.302727000000004 36 0.9840000000000001 16.5816 0.005 16.236 0.0053 16.03 0.0049 15.9658 0.005
88.576879 -61.18738199999999 17 0.98 19.0459 0.0178 18.165 0.0139 17.3418 0.0069 17.0082 0.0056
88.857102 -61.525438 25 0.9840000000000001 18.1728 0.012 17.4232 0.0076 16.8697 0.0081 16.6192 0.006
88.369509 -61.361927 30 0.985 16.1825 0.0177 15.7488 0.009000000000000001 15.4571 0.004 15.3622 0.0041
88.437062 -61.455169 23 0.983 17.3656 0.009000000000000001 16.6654 0.0058 16.1553 0.005 15.9168 0.0065
88.403184 -61.427034 7 0.977 nan nan 18.7996 0.0135 18.4277 0.0273 18.3198 0.0147
89.128194 -61.375877 10 0.98 nan nan 18.6846 0.0189 18.3493 0.0251 18.1886 0.0145
88.41708299999999 -61.440799 16 0.98 18.4605 0.0091 18.1678 0.0065 18.0082 0.008 18.0132 0.0147
88.40043 -61.425368000000006 25 0.982 17.1103 0.0257 16.8115 0.0061 16.6292 0.0056 16.5644 0.0081
88.950254 -61.50693100000001 49 0.992 13.809000000000001 0.0048 13.3859 0.0037 13.1169 0.0035 13.0242 0.0035
88.45939200000001 -61.23018199999999 32 0.9990000000000001 13.2675 0.0064 13.0124 0.006 12.8841 0.004 12.8798 0.004
88.458816 -61.470516 13 0.98 18.8774 0.0642 18.5997 0.0093 18.38 0.0081 18.2986 0.0115
88.47340799999999 -61.221755 24 0.981 18.3597 0.0146 17.7581 0.0058 17.3514 0.0131 17.2188 0.0181
88.877898 -61.524317 13 0.9690000000000001 nan nan 20.2496 0.08 18.7645 0.0188 18.2005 0.0128
88.374094 -61.391048 14 0.98 18.2313 0.0313 17.8407 0.0116 17.5006 0.0126 17.3768 0.0087
88.363287 -61.35870500000001 17 0.981 19.173 0.0282 18.504 0.01 17.8939 0.0078 17.6857 0.0119
89.111063 -61.283218999999995 31 0.98 17.4828 0.0077 17.2205 0.0063 17.0953 0.0164 17.06 0.0078
88.544799 -61.192551 28 0.982 17.6309 0.0152 17.224 0.0058 16.9514 0.0057 16.8737 0.0052
89.086872 -61.442434 20 0.981 19.0538 0.0151 18.2078 0.0058 17.6539 0.0141 17.386 0.0151
88.477096 -61.482401 15 0.9790000000000001 nan nan 19.2081 0.0077 17.9378 0.0146 17.4465 0.0148
88.440448 -61.237903 9 0.971 19.4574 0.0159 19.0041 0.0141 18.7193 0.0277 18.6096 0.0302
89.13493299999999 -61.325461 23 0.98 17.19 0.0112 16.8772 0.0056 16.704 0.0064 16.6634 0.006999999999999999
88.469589 -61.220442000000006 11 0.9670000000000001 19.5718 0.0149 19.1402 0.0096 18.8739 0.0162 18.6355 0.0211
89.067978 -61.458538 31 0.988 nan nan nan nan 13.7888 0.0043 13.7846 0.0041
88.866742 -61.52853100000001 27 0.982 18.3737 0.0295 17.7246 0.0146 17.303 0.0092 17.1227 0.0081
88.995863 -61.495662 11 0.9670000000000001 nan nan 19.1736 0.0157 18.4431 0.0179 18.1435 0.0264
88.70794699999999 -61.536253 29 0.983 17.2327 0.0111 16.8042 0.0102 16.5259 0.0056 16.4156 0.0061
88.740646 -61.538036 15 0.975 nan nan 19.1465 0.0086 17.8831 0.012 17.4191 0.0066
89.018055 -61.488687 10 0.97 19.4048 0.0491 19.122 0.032 18.916 0.0209 19.0297 0.0424
88.36300899999999 -61.389279 20 1.0 11.708 0.0074 11.4202 0.0074 11.2815 0.0079 11.2497 0.0061
88.3946 -61.433515 15 0.9790000000000001 19.2257 0.0375 18.7901 0.0221 18.4541 0.019 18.3529 0.022000000000000002
88.660478 -61.53467 45 0.992 15.2977 0.0049 14.9846 0.0042 14.7829 0.0046 14.7439 0.0038
89.032811 -61.482864 40 0.986 16.4712 0.0064 16.1887 0.0047 16.0243 0.0065 15.9754 0.0076
89.08953699999999 -61.448738 16 0.975 19.9193 0.0558 19.1007 0.0119 18.2909 0.0102 17.9936 0.0383
88.63284200000001 -61.168347 35 0.982 17.4725 0.0068 17.0691 0.0044 16.7767 0.0066 16.6804 0.0088
88.477078 -61.488316000000005 16 0.98 18.9565 0.0165 18.474 0.0123 18.1803 0.0172 18.0673 0.0259
88.738668 -61.54014599999999 12 0.955 19.4048 0.0136 18.9568 0.0163 18.6945 0.0271 18.5202 0.0099
88.47127900000001 -61.214659 15 0.978 19.2214 0.0185 18.5905 0.0141 18.2788 0.0196 18.0878 0.013999999999999999
89.14710600000001 -61.347926 13 0.9790000000000001 19.847 0.0217 18.8166 0.0074 17.8183 0.0094 17.4742 0.0138
88.683779 -61.537949 5 0.975 nan nan 18.9692 0.0108 18.6575 0.012 18.6363 0.0256
88.388625 -61.430133 14 0.961 nan nan 19.6188 0.0098 18.4069 0.0154 17.9953 0.0092
88.500555 -61.498903000000006 14 0.978 18.9638 0.0134 18.5612 0.0176 18.2955 0.0064 18.1777 0.0447
89.080529 -61.456697999999996 21 0.983 18.2121 0.008 17.6529 0.005 17.2569 0.009000000000000001 17.0797 0.0118
88.680759 -61.53805500000001 15 0.98 nan nan 18.4864 0.0188 18.2025 0.0208 18.0827 0.0315
88.35682800000001 -61.383596 15 0.975 nan nan 19.4909 0.0436 17.9694 0.0087 17.3332 0.0113
88.639066 -61.166183 16 0.973 nan nan 19.1466 0.0206 18.2771 0.0157 17.9344 0.0174
88.534426 -61.511444 14 0.976 19.2774 0.0184 18.8711 0.0073 18.5625 0.0127 18.4227 0.0123
88.351425 -61.33655 37 0.985 16.2909 0.0073 16.0181 0.0089 15.8565 0.0048 15.8184 0.0044
88.980644 -61.506727000000005 33 0.983 17.5822 0.013000000000000001 17.2473 0.0048 17.0359 0.0078 16.9636 0.0191
88.531733 -61.18960500000001 31 0.982 17.8518 0.0233 17.2963 0.0105 16.8833 0.009000000000000001 16.7164 0.0085
88.45189 -61.222255000000004 21 0.98 18.5747 0.0198 18.1752 0.0063 17.9423 0.0166 17.8373 0.0126
88.82129300000001 -61.160756000000006 16 0.978 nan nan 19.1124 0.040999999999999995 18.0767 0.0105 17.6461 0.0157
89.043872 -61.481351000000004 10 0.951 19.7468 0.012 19.3037 0.0218 18.9495 0.0118 18.8471 0.0143
88.356613 -61.311825 18 0.978 nan nan 18.2927 0.034 17.4657 0.0108 17.152 0.0078
88.379109 -61.424631999999995 14 0.9640000000000001 19.1804 0.0243 18.7184 0.0542 18.4294 0.0218 18.2305 0.0111
88.620506 -61.53251899999999 18 0.981 18.5352 0.0194 18.2042 0.0065 18.0359 0.0162 17.9985 0.0238
89.052036 -61.477768000000005 14 0.978 19.2846 0.0096 18.8962 0.0087 18.6472 0.0239 18.5095 0.0207
88.49861899999999 -61.199602 20 0.9840000000000001 19.1201 0.013999999999999999 18.2428 0.0155 16.8316 0.0073 16.31 0.0073
89.1236 -61.422425 27 0.9990000000000001 11.5437 0.0076 11.3228 0.0066 11.2108 0.0061 11.2094 0.0061
88.34751800000001 -61.345031999999996 30 0.983 16.8411 0.0082 16.5501 0.0061 16.3708 0.0045 16.3396 0.0124
88.487824 -61.203489000000005 17 0.971 19.1321 0.0269 18.6735 0.0126 18.2971 0.0297 18.2245 0.0269
89.141729 -61.304675 16 0.958 18.8882 0.0164 18.3983 0.0189 18.1237 0.013999999999999999 17.9755 0.0107
88.471349 -61.210264 10 0.96 nan nan 18.8686 0.0168 18.5322 0.0224 18.3206 0.035
89.102932 -61.25626 14 0.975 19.2338 0.01 18.8382 0.008 18.613 0.0085 18.441 0.092
88.952384 -61.517776 31 0.985 17.3282 0.0095 16.6845 0.0055 16.2167 0.0052 16.0191 0.0056
88.80465500000001 -61.157924 17 0.9790000000000001 18.9046 0.0293 18.1857 0.008 17.5577 0.0047 17.3019 0.0118
88.467515 -61.21120500000001 32 0.983 16.5823 0.0062 16.1998 0.0084 15.9721 0.0041 15.923 0.0042
89.131927 -61.28564599999999 13 0.9790000000000001 nan nan 18.5956 0.0215 17.4392 0.0128 16.9573 0.0092
89.148748 -61.38539399999999 10 0.9740000000000001 19.3366 0.0168 18.8988 0.0112 18.6007 0.0097 18.3384 0.0596
89.04527900000001 -61.483456000000004 10 0.973 19.3391 0.0409 19.0319 0.017 18.7748 0.0106 18.6947 0.0178
88.494465 -61.501659 2 0.9640000000000001 nan nan 19.2279 0.0221 19.2381 0.0189 nan nan
88.56265400000001 -61.523002000000005 15 0.982 18.677 0.0157 18.1984 0.0102 17.8199 0.0122 17.6809 0.0219
88.684101 -61.542276 37 0.995 15.0639 0.0048 14.7298 0.0048 14.5347 0.0041 14.4907 0.004
89.146029 -61.394580000000005 36 0.996 13.7758 0.0098 13.5832 0.0047 13.4702 0.004 13.4653 0.004
89.00528299999999 -61.502198 18 0.981 18.9004 0.0316 18.4843 0.0109 18.1694 0.012 18.0269 0.024
88.64555899999999 -61.538837 28 0.9840000000000001 17.8223 0.0162 16.9852 0.0078 16.1816 0.0043 15.8691 0.0091
88.90970899999999 -61.529802000000004 16 0.9690000000000001 nan nan 19.3312 0.0461 18.1348 0.0146 17.730999999999998 0.0142
89.141405 -61.294338 15 0.963 19.4833 0.0102 18.7384 0.0273 17.9798 0.0181 17.7704 0.0109
89.15735 -61.334889000000004 19 0.983 17.8688 0.0092 17.4099 0.0068 17.1039 0.0053 17.0108 0.0062
89.060351 -61.478101 25 0.982 18.0322 0.0069 17.6645 0.0091 17.4108 0.012 17.4096 0.0151
89.13346 -61.419092000000006 14 0.975 nan nan 18.2004 0.0113 17.9845 0.0117 17.9649 0.0116
88.49237 -61.5027 36 0.98 17.7664 0.013000000000000001 17.4877 0.0147 17.3275 0.0134 17.289 0.0111
88.80175600000001 -61.155255000000004 36 0.985 15.6438 0.0074 14.9587 0.0048 14.4846 0.0043 14.3013 0.0045
88.667649 -61.157582999999995 13 0.9620000000000001 nan nan 19.3904 0.0444 18.3558 0.0319 18.115 0.045
88.988809 -61.190484999999995 15 0.9690000000000001 19.2227 0.0168 18.8225 0.0061 18.5423 0.0073 18.483 0.0163
88.43236999999999 -61.226078 34 0.987 14.6022 0.0061 14.3945 0.0057 14.2814 0.0041 14.2949 0.004
89.031729 -61.207381999999996 21 0.982 18.2794 0.0322 17.3881 0.0048 16.3868 0.0083 15.9939 0.0074
89.023977 -61.496839 24 0.983 17.7312 0.0196 17.255 0.0058 16.9425 0.005 16.8403 0.0049
89.016184 -61.50011 47 0.9990000000000001 13.6936 0.005 13.4542 0.0038 13.3352 0.0037 13.327 0.0035
88.354352 -61.40316 4 1.0 nan nan nan nan nan nan nan nan
89.13535 -61.28244300000001 40 0.9940000000000001 13.0467 0.0078 12.6391 0.0047 12.4276 0.0043 12.3715 0.0043
88.470628 -61.205893 18 0.98 nan nan 19.179000000000002 0.0156 17.7364 0.0048 17.1959 0.0059
89.059411 -61.220642000000005 8 0.961 19.1052 0.0105 19.1028 0.0134 19.2153 0.0124 19.1671 0.0341
89.028685 -61.205403000000004 10 0.976 19.2314 0.0109 18.9053 0.0134 18.5783 0.0167 18.4847 0.0277
89.161463 -61.350823999999996 33 0.9840000000000001 15.7506 0.0071 15.4279 0.0047 15.2399 0.0043 15.1904 0.006
88.49211600000001 -61.504064 17 0.981 nan nan 18.8784 0.0122 17.413 0.0087 16.8456 0.0084
89.16115500000001 -61.36224 17 0.983 17.9159 0.025 17.3931 0.0094 16.9778 0.0058 16.8255 0.0109
89.069225 -61.47576899999999 43 0.985 15.0534 0.0047 14.853 0.0039 14.748 0.004 14.743 0.0053
88.457634 -61.490199 18 0.981 19.6471 0.0448 18.811 0.0084 17.7311 0.0136 17.2607 0.0135
88.679608 -61.154543999999994 9 0.9620000000000001 19.2843 0.0283 18.9992 0.0105 18.744 0.0191 18.651 0.0179
88.559463 -61.52628299999999 8 0.972 19.3389 0.0254 19.0432 0.0264 18.8924 0.0127 18.8299 0.0258
89.10361 -61.247126 19 0.982 18.3191 0.0081 18.0306 0.0062 17.8279 0.0081 17.7477 0.0158
89.044826 -61.2104 15 0.9620000000000001 19.2119 0.0215 18.81 0.0246 18.5344 0.0195 18.4391 0.0159
88.343323 -61.392165000000006 10 0.9740000000000001 19.3195 0.0291 18.9659 0.0193 18.5445 0.040999999999999995 18.4607 0.0423
88.786715 -61.548655000000004 13 0.951 nan nan 20.02 0.0124 18.4651 0.0109 17.9586 0.0188
89.085215 -61.23225 14 0.975 19.2317 0.0588 18.8438 0.0206 18.5189 0.015 18.4414 0.0177
89.16552 -61.340013 14 0.9620000000000001 nan nan 19.5022 0.0104 18.471 0.0281 18.0658 0.0191
88.375186 -61.437654 16 0.981 18.6117 0.0083 18.3207 0.0223 18.0892 0.0111 18.0016 0.0352
89.154062 -61.302005 45 0.9840000000000001 15.0746 0.0078 14.6888 0.0044 14.4474 0.0042 14.3894 0.0038
88.548964 -61.525256000000006 20 0.983 17.8198 0.0086 17.1948 0.006999999999999999 16.7715 0.0045 16.6003 0.0081
88.333876 -61.36741800000001 28 0.986 16.9262 0.0057 16.5086 0.006999999999999999 16.2627 0.0062 16.1904 0.0069
88.805862 -61.548511 13 0.961 nan nan 19.9604 0.0131 18.5224 0.0221 17.9346 0.0083
88.339217 -61.387354 12 0.9740000000000001 19.0997 0.0143 18.6233 0.0147 18.24 0.016 18.1489 0.0091
88.344153 -61.399359 10 0.983 16.8001 0.0126 15.9335 0.0085 15.0267 0.008 14.6948 0.0056
88.342473 -61.304766 17 0.98 19.9657 0.0288 19.0379 0.0223 17.8225 0.017 17.3644 0.0169
88.752612 -61.550852 19 0.981 19.6774 0.0117 18.8345 0.0115 17.4934 0.005 16.9916 0.0144
89.08788 -61.469494 13 0.956 19.8861 0.054000000000000006 19.3129 0.0467 18.8091 0.031 18.6564 0.0621
89.09302 -61.234584 17 0.958 19.139 0.0902 18.8027 0.0446 18.5048 0.0127 18.4127 0.0248
88.938512 -61.529982 20 0.981 19.0272 0.0228 18.5167 0.01 18.1613 0.0181 18.0682 0.0305
88.83394200000001 -61.152265 20 0.983 18.648 0.0105 17.7453 0.0071 16.4622 0.0046 16.0008 0.0056
88.452122 -61.207696999999996 37 0.983 15.8964 0.0091 15.6153 0.0077 15.4409 0.0052 15.4195 0.0038
89.134266 -61.267771999999994 22 0.9990000000000001 11.3473 0.021 10.6888 0.0063 10.2521 0.0061 10.0528 0.0075
89.0983 -61.464188 36 0.9840000000000001 16.489 0.015 16.1516 0.0046 15.9506 0.0059 15.8813 0.0045
88.863887 -61.544625 36 0.9840000000000001 16.415 0.0087 15.958 0.0059 15.6881 0.0055 15.5726 0.005
89.166164 -61.38450400000001 21 0.9840000000000001 16.9812 0.0108 16.6729 0.0068 16.5149 0.0051 16.4805 0.008
88.367077 -61.265287 15 0.97 19.2218 0.0106 18.7195 0.0082 18.3584 0.0232 18.3041 0.0453
88.827611 -61.549113 16 0.982 18.785999999999998 0.0126 18.3711 0.0207 18.0332 0.0154 17.9719 0.0073
88.885547 -61.541979000000005 43 0.9990000000000001 14.7163 0.0069 14.4101 0.0061 14.2514 0.0037 14.2253 0.004
88.964361 -61.52519399999999 33 0.9840000000000001 16.7856 0.0063 16.065 0.0056 15.5377 0.0037 15.3289 0.004
88.89146099999999 -61.541601 16 0.976 nan nan 18.2778 0.1246 17.4726 0.0088 17.1875 0.0116
88.395579 -61.238932999999996 28 0.982 17.2856 0.0072 16.912 0.0064 16.6317 0.006 16.5659 0.0075
88.982052 -61.520680000000006 16 0.978 18.9748 0.0417 18.7185 0.0058 18.5954 0.02 18.6347 0.0428
88.867028 -61.154306999999996 11 0.966 nan nan 19.4108 0.0099 18.4125 0.0082 18.0373 0.0106
88.431748 -61.485225 12 0.973 19.233 0.0891 18.771 0.0234 18.4279 0.008 18.3217 0.0218
89.015945 -61.191227000000005 48 0.987 14.7715 0.0078 14.5449 0.0052 14.4244 0.0035 14.4163 0.0035
88.350347 -61.280885999999995 15 0.9690000000000001 19.6337 0.0685 18.7704 0.0204 18.0834 0.0118 17.7905 0.0251
89.17537 -61.359584 12 0.98 19.1046 0.0116 18.7084 0.0201 18.3962 0.0191 18.3299 0.046
88.461237 -61.500643999999994 47 0.998 14.2676 0.006 14.0356 0.004 13.9113 0.0035 13.8938 0.0035
88.87970899999999 -61.544876 21 0.982 18.4091 0.0107 18.160999999999998 0.006 17.9664 0.0091 17.9062 0.0222
88.828686 -61.551042 13 0.97 nan nan 19.2257 0.0189 18.6856 0.0188 18.3512 0.0127
88.562388 -61.534243000000004 38 0.9990000000000001 14.3367 0.0071 13.8788 0.0047 13.5639 0.004 13.442 0.004
88.426896 -61.484554 6 0.968 19.4569 0.0625 19.1211 0.0093 19.0586 0.0141 nan nan
88.707305 -61.146081 17 0.977 18.477999999999998 0.0093 18.2065 0.0084 18.0793 0.0059 18.1021 0.013999999999999999
88.66006 -61.550399 15 0.9790000000000001 19.0989 0.0155 18.7236 0.025 18.4509 0.0152 18.3292 0.0233
89.13113100000001 -61.443727 23 0.982 18.3179 0.0183 17.7618 0.0119 17.3801 0.0141 17.2059 0.0158
88.90986099999999 -61.540378000000004 25 0.981 18.45 0.0142 17.7383 0.0072 17.1888 0.0094 17.0025 0.0157
88.348787 -61.422256000000004 10 0.971 nan nan 19.125999999999998 0.0098 18.5506 0.0119 18.3686 0.0141
89.00936800000001 -61.513665 17 0.98 19.1791 0.0489 18.6616 0.0073 18.4032 0.0112 18.2294 0.0322
89.176305 -61.371867 9 0.97 nan nan 19.1821 0.0373 18.277 0.0107 17.9862 0.0172
88.341884 -61.413723 13 0.971 nan nan 19.4982 0.0177 18.1352 0.0112 17.6163 0.0095
88.388257 -61.239762 16 0.97 19.5099 0.0104 18.6219 0.0181 17.7956 0.0102 17.4711 0.016
88.359796 -61.436779 19 0.981 18.7849 0.0432 18.2488 0.0248 17.7672 0.0158 17.6018 0.0111
88.421796 -61.483509999999995 25 0.9840000000000001 17.8295 0.0138 17.2079 0.0104 16.7852 0.0145 16.5911 0.0115
88.51265500000001 -61.522240000000004 31 0.983 17.5512 0.0081 17.1114 0.0067 16.8233 0.0047 16.7245 0.0133
88.365245 -61.443148 19 0.981 19.3596 0.0154 18.3895 0.0253 17.4887 0.0119 17.1287 0.0096
88.64649 -61.149572 30 0.981 17.8599 0.0068 17.5271 0.0055 17.3421 0.0078 17.2886 0.0143
88.67471 -61.553360999999995 17 0.978 18.756 0.0245 18.129 0.0073 17.6027 0.0225 17.3327 0.0084
88.371388 -61.251396 22 0.982 17.941 0.0079 17.0469 0.0069 16.1716 0.0056 15.8429 0.0073
89.019891 -61.511713 19 0.982 19.2494 0.0162 18.3836 0.0061 17.7007 0.0139 17.4021 0.0141
88.597576 -61.543769999999995 26 0.983 17.7558 0.0073 17.3193 0.006999999999999999 17.0331 0.006999999999999999 16.9089 0.0082
88.32310600000001 -61.319141 29 0.983 16.8684 0.0114 16.6749 0.0147 16.5959 0.0057 16.6086 0.0183
88.86509699999999 -61.549718999999996 30 0.983 18.0642 0.0179 17.4141 0.0081 16.9441 0.0071 16.7392 0.0092
89.181263 -61.36588199999999 9 0.971 18.8848 0.0117 19.1583 0.0079 18.9666 0.053 18.7872 0.0144
88.326806 -61.393271 21 0.983 18.0599 0.0084 17.5755 0.0213 17.1615 0.0081 16.9967 0.008
88.864474 -61.14999399999999 15 0.972 19.527 0.013999999999999999 18.9899 0.0286 18.629 0.0208 18.4105 0.0221
88.57243000000001 -61.539312 27 0.981 17.4944 0.0134 17.2527 0.0071 17.0925 0.0122 17.0915 0.0139
88.588753 -61.157425 9 0.971 19.3202 0.0128 18.9884 0.0071 18.7143 0.0097 18.5477 0.0191
88.47861800000001 -61.512373 32 0.983 17.0937 0.0078 16.55 0.0059 16.2123 0.0038 16.0691 0.0062
89.055012 -61.498726 17 0.981 18.748 0.0113 18.3533 0.01 18.0798 0.0071 17.9016 0.0081
89.16699200000001 -61.409255 9 0.9570000000000001 19.6281 0.0127 19.2762 0.0486 18.8332 0.0131 18.7683 0.085
89.044383 -61.19698 35 0.9840000000000001 16.6033 0.0069 16.1954 0.0044 15.9286 0.0039 15.837 0.0047
89.179905 -61.381626000000004 12 0.982 nan nan 18.6641 0.0097 17.5448 0.0087 17.1375 0.0066
89.108173 -61.232112 15 0.98 19.0535 0.0484 18.4518 0.0091 17.9988 0.0073 17.7727 0.0114
88.87055600000001 -61.149641 18 0.972 19.1901 0.0122 18.7 0.0082 18.4262 0.0255 18.3262 0.0418
88.405691 -61.222941000000006 25 0.982 18.139 0.0346 17.3083 0.0199 16.6651 0.012 16.4472 0.0067
88.613017 -61.548125 20 0.978 19.4333 0.0501 18.7015 0.0144 18.0967 0.0147 17.8582 0.0262
88.319903 -61.382633 10 0.973 19.3352 0.0139 19.0099 0.0198 18.7187 0.0249 18.7321 0.0183
89.069194 -61.208448 16 0.971 19.6064 0.0273 18.9338 0.0139 18.5418 0.0345 18.4127 0.0404
88.431779 -61.207799 26 0.983 16.8568 0.0107 16.4906 0.0067 16.2064 0.0055 16.1029 0.0047
88.316897 -61.328485 23 1.0 11.4024 0.0061 10.6763 0.0065 10.2009 0.0078 9.9688 0.0105
88.338251 -61.281484 21 0.983 18.5593 0.0114 17.6135 0.0142 16.7822 0.006999999999999999 16.4729 0.0073
89.07144100000001 -61.492332999999995 23 0.982 18.1102 0.0271 17.4343 0.0076 16.9732 0.0108 16.7684 0.0083
89.145484 -61.439781 11 0.9640000000000001 19.788 0.0219 19.2036 0.0183 18.7445 0.0196 18.3983 0.0326
88.687722 -61.55743399999999 13 0.9790000000000001 19.1563 0.0523 18.7829 0.0284 18.5519 0.0086 18.4594 0.0262
88.512961 -61.52679200000001 36 0.983 17.1541 0.0099 16.7833 0.0065 16.5464 0.0059 16.4759 0.0089
88.367483 -61.452929000000005 18 0.981 18.7697 0.0079 18.3683 0.0164 18.0959 0.01 18.0168 0.0314
89.180328 -61.390166 9 0.971 nan nan 19.202 0.027000000000000003 18.7886 0.019 18.6472 0.0243
89.059015 -61.499702 7 0.961 19.7937 0.0265 19.4308 0.0161 19.1606 0.0183 18.9712 0.0452
88.90120300000001 -61.152483999999994 43 0.991 15.3892 0.0047 15.0174 0.0077 14.8115 0.0044 14.7558 0.0039
88.425377 -61.49235899999999 11 0.977 19.2855 0.0123 18.9764 0.0315 18.7704 0.0155 18.7056 0.0207
89.032898 -61.511536 31 0.983 17.6581 0.0236 17.364 0.0072 17.1672 0.0063 17.1189 0.0096
89.12567 -61.241119 19 0.982 19.1257 0.047 18.1933 0.0317 16.8483 0.0085 16.3429 0.0061
88.84369699999999 -61.555938 19 0.982 18.5593 0.0208 18.3796 0.0083 18.2246 0.0139 18.2165 0.0123
88.310755 -61.342301 24 0.995 16.2835 0.0097 15.3706 0.0071 14.3409 0.0052 13.9544 0.0043
89.179154 -61.398352 13 0.9840000000000001 17.6176 0.0244 16.8 0.0121 16.2574 0.0092 16.0316 0.0059
88.717833 -61.138985999999996 36 0.996 14.3996 0.0053 14.1285 0.0043 13.9872 0.004 13.9791 0.004
88.360456 -61.250648 21 0.983 18.1542 0.0169 17.25 0.0065 16.2564 0.0045 15.8872 0.0048
89.187208 -61.38253100000001 21 0.9840000000000001 16.4551 0.0143 16.2054 0.0071 16.0543 0.0049 16.0202 0.0048
89.127341 -61.239844 7 0.956 19.6226 0.0184 19.3145 0.0166 18.9432 0.0745 18.7909 0.0337
88.56801999999999 -61.543473 9 0.978 19.3295 0.0227 18.9685 0.0341 18.7187 0.0212 18.7891 0.0816
88.512153 -61.52908299999999 18 0.981 18.5761 0.0141 18.1334 0.0066 17.7631 0.006999999999999999 17.6259 0.0143
88.337621 -61.27251999999999 15 0.9570000000000001 19.5833 0.0375 18.6215 0.0126 17.927 0.0097 17.679000000000002 0.0078
88.979824 -61.168338 13 0.953 nan nan 20.0417 0.0448 18.4328 0.0189 17.7853 0.0066
89.191874 -61.33218000000001 19 0.9840000000000001 17.0748 0.0078 16.3554 0.0053 15.8959 0.0044 15.7122 0.0046
88.649096 -61.557191 25 0.993 17.9 0.0161 17.3209 0.0067 16.883 0.0071 16.7076 0.0088
89.187493 -61.387331999999994 20 0.983 17.5499 0.042 17.2638 0.0071 17.0283 0.0088 16.9762 0.0117
88.83830400000001 -61.559208999999996 19 0.976 19.4534 0.0246 18.7448 0.006999999999999999 18.1976 0.0096 17.9658 0.0276
89.185479 -61.306275 15 0.9570000000000001 19.0233 0.0178 18.2466 0.0438 17.7048 0.006999999999999999 17.494 0.0237
88.397875 -61.219576 28 0.983 15.9599 0.0076 15.6847 0.0051 15.5278 0.0074 15.5156 0.011000000000000001
88.894896 -61.147645 23 0.98 18.5048 0.0082 17.9869 0.0061 17.6585 0.0126 17.5077 0.0129
89.156376 -61.439987 43 0.996 13.5746 0.0043 13.2654 0.0037 13.1052 0.0037 13.0616 0.004
88.737112 -61.564289 33 0.9890000000000001 16.375999999999998 0.0085 16.0565 0.0046 15.8623 0.0053 15.8084 0.0065
88.783168 -61.563981999999996 16 0.981 19.0706 0.0135 18.69 0.0088 18.4044 0.0169 18.3502 0.0529
88.68517800000001 -61.137519 11 0.96 19.21 0.0379 18.8263 0.0078 18.5393 0.0122 18.4163 0.0524
88.372922 -61.466632999999995 10 0.973 19.486 0.0166 19.0537 0.0081 18.7212 0.0134 18.5216 0.0157
88.353236 -61.450759 35 0.986 16.5217 0.0133 16.1191 0.0048 15.8877 0.0058 15.8233 0.0045
88.426035 -61.201703 32 0.981 17.1378 0.0087 16.8394 0.0044 16.6764 0.0067 16.6332 0.0056
88.49118399999999 -61.174238 20 0.978 18.8014 0.0139 18.4826 0.0139 18.3233 0.018000000000000002 18.2999 0.0231
89.117975 -61.474025 16 0.9740000000000001 19.8526 0.0887 18.9737 0.0167 18.0395 0.0082 17.6711 0.0245
88.335499 -61.434532 19 0.981 19.0099 0.0107 18.1912 0.0123 17.5173 0.0063 17.2399 0.0064
89.184472 -61.294201 33 0.99 14.2321 0.0102 14.0127 0.0048 13.8889 0.0048 13.8854 0.0047
89.071434 -61.19924399999999 45 0.993 15.6635 0.0046 15.3617 0.0043 15.1704 0.0036 15.1233 0.0048
89.112811 -61.222593999999994 21 0.98 19.0468 0.0371 18.2581 0.0602 16.8235 0.0113 16.3068 0.0065
88.93217299999999 -61.15266 23 0.9790000000000001 18.3014 0.0212 17.6885 0.0136 17.2359 0.0097 17.0926 0.0083
89.038895 -61.516231999999995 14 0.971 nan nan 20.0177 0.0154 18.3489 0.0115 17.7277 0.0184
88.920519 -61.550288 19 0.977 18.3611 0.008 18.0328 0.016 17.8508 0.0105 17.7315 0.036000000000000004
88.376646 -61.228675 22 0.972 18.4456 0.0198 18.1879 0.016 17.7287 0.0139 17.5831 0.018000000000000002
89.197824 -61.322171999999995 31 0.982 16.657 0.0206 16.4101 0.0099 16.267 0.0071 16.239 0.0084
88.695014 -61.134976 32 0.9890000000000001 14.6416 0.0075 14.2144 0.0077 13.9582 0.0094 13.8767 0.01
88.764324 -61.133306999999995 21 0.981 19.3492 0.0125 18.4732 0.0085 17.1688 0.012 16.6889 0.0049
88.400752 -61.488161 11 0.978 19.2225 0.0362 18.8406 0.0075 18.5704 0.0147 18.5483 0.0205
88.30762299999999 -61.305411 20 0.98 18.5073 0.0167 17.7968 0.006 17.3266 0.0103 17.1389 0.0057
88.63732399999999 -61.560097999999996 27 0.987 17.1418 0.033 16.2307 0.0075 14.8843 0.0036 14.3788 0.0037
88.899829 -61.554931 43 0.985 14.6105 0.0043 14.3505 0.0043 14.1975 0.0037 14.161 0.0037
89.20291800000001 -61.357037 13 0.981 18.6295 0.0127 18.3915 0.015 18.1895 0.0081 18.1225 0.0339
89.01924 -61.175499 44 0.987 15.6657 0.0048 15.33 0.0059 15.1336 0.004 15.0809 0.0045
88.297389 -61.362561 20 0.977 17.988 0.0178 17.7383 0.053 17.6203 0.0176 17.5824 0.0102
88.434779 -61.193993000000006 13 0.965 19.3235 0.0216 18.8865 0.0262 18.6574 0.0164 18.6028 0.0408
88.92777 -61.14970699999999 31 0.983 16.1921 0.0054 15.6503 0.0091 15.3505 0.0041 15.2409 0.0039
88.334901 -61.43928199999999 21 0.982 19.0813 0.0711 18.1537 0.0085 16.848 0.0122 16.3477 0.0074
88.588103 -61.553902 11 0.9540000000000001 nan nan 19.5876 0.0126 18.5295 0.0336 18.2214 0.0143
88.665989 -61.564358999999996 18 0.9890000000000001 18.8381 0.055 18.2167 0.0157 17.7528 0.0102 17.5465 0.0072
88.297007 -61.33047 29 0.985 16.0335 0.0084 15.7171 0.0157 15.5612 0.0061 15.5343 0.0054
89.158698 -61.446456999999995 15 0.972 nan nan 19.497 0.0151 18.1922 0.0139 17.6863 0.0268
88.583038 -61.146972 9 0.96 19.2837 0.0136 18.8779 0.0087 18.7118 0.0122 18.5288 0.0179
88.847171 -61.136485 23 0.98 18.8007 0.011000000000000001 18.2356 0.0117 17.859 0.0113 17.6841 0.0163
88.488336 -61.529297 31 0.983 17.9753 0.0355 17.743 0.0088 17.5956 0.008 17.5581 0.0188
89.13509499999999 -61.467656999999996 13 0.978 19.0543 0.0234 18.6004 0.0079 18.2885 0.012 18.1802 0.0103
88.650351 -61.13638 30 0.978 18.1039 0.0078 17.7379 0.0119 17.4935 0.008 17.454 0.0079
88.361766 -61.465891000000006 23 0.983 18.6695 0.0244 17.8129 0.0158 17.0553 0.0074 16.8045 0.016
89.17181500000001 -61.43489399999999 12 0.972 nan nan 18.8844 0.0337 18.5348 0.0309 18.4002 0.0588
88.29304499999999 -61.353142000000005 33 0.983 15.8849 0.0058 15.6443 0.0057 15.5104 0.0046 15.4827 0.0043
88.46516899999999 -61.17884399999999 30 0.982 17.7336 0.0063 17.2217 0.0102 16.8451 0.0044 16.6968 0.0085
88.46919399999999 -61.177299 19 0.971 18.9281 0.013999999999999999 18.3542 0.0107 17.982 0.0079 17.8563 0.0109
88.35352900000001 -61.459814 32 0.983 16.7136 0.0079 16.3414 0.0047 16.1252 0.0068 16.0773 0.0052
88.42233 -61.197452 45 0.9840000000000001 15.8131 0.0084 15.517999999999999 0.0051 15.3499 0.0052 15.3182 0.0056
88.686675 -61.132799 9 0.951 19.2654 0.0335 18.9826 0.0284 18.7709 0.0097 18.8855 0.0442
88.402615 -61.493277 19 0.985 17.1207 0.018000000000000002 16.525 0.0112 16.1446 0.0055 15.9856 0.0055
88.688354 -61.56746 29 0.983 16.6123 0.0197 15.9581 0.0156 15.477 0.0171 15.2768 0.0171
89.136602 -61.233063 18 0.98 19.407 0.0434 18.5925 0.0151 17.9007 0.0148 17.6363 0.013000000000000001
88.539314 -61.545055000000005 24 0.983 18.4656 0.009000000000000001 17.8389 0.0082 17.3835 0.0049 17.2105 0.0185
88.31094300000001 -61.413299 20 0.982 17.5229 0.0421 17.2505 0.0201 17.0491 0.0078 17.0125 0.0058
88.293187 -61.333086 21 0.98 17.3219 0.0067 17.0106 0.0102 16.8489 0.0051 16.7715 0.0116
89.080052 -61.19791 41 0.9840000000000001 16.1266 0.0048 15.8283 0.0044 15.6521 0.0036 15.6202 0.0043
88.31716999999999 -61.423279 16 0.982 19.2438 0.0205 18.3192 0.0153 17.3328 0.0067 16.9283 0.0129
88.664408 -61.133991 14 0.976 nan nan 19.6299 0.0125 18.1967 0.006999999999999999 17.7472 0.0231
88.291139 -61.34999499999999 33 1.0 14.2616 0.0078 13.9764 0.0063 13.8102 0.0075 13.775 0.009000000000000001
88.331772 -61.442662 17 0.982 19.3345 0.0105 18.3882 0.0093 17.1555 0.0089 16.7018 0.011000000000000001
88.473635 -61.173781000000005 28 0.98 18.0753 0.0084 17.6984 0.0077 17.4693 0.0065 17.4178 0.017
88.395938 -61.209365000000005 16 1.0 9.8717 0.0074 nan nan nan nan nan nan
88.813641 -61.568687 14 0.966 19.8833 0.0175 19.1094 0.018000000000000002 18.6564 0.0078 18.3819 0.0472
88.7149 -61.57021700000001 28 0.9840000000000001 17.909000000000002 0.0071 17.0093 0.0117 15.921 0.0057 15.527999999999999 0.0038
88.997771 -61.536448 28 0.9840000000000001 18.2798 0.0206 17.4085 0.0108 16.6854 0.0058 16.3979 0.0064
89.1189 -61.218081999999995 21 0.9790000000000001 19.748 0.0817 18.8246 0.0112 17.8832 0.0081 17.4722 0.0091
88.402282 -61.495912 0 0.987 nan nan nan nan nan nan nan nan
89.21051899999999 -61.336031000000006 39 0.985 15.8235 0.0061 15.5907 0.0046 15.4522 0.004 15.4345 0.004
88.305645 -61.290841 19 0.9790000000000001 18.2032 0.0105 17.8411 0.0135 17.6499 0.0101 17.5721 0.0174
88.991773 -61.16163100000001 28 0.977 18.1788 0.0234 17.9223 0.009000000000000001 17.7699 0.0058 17.6928 0.01
88.549835 -61.549693999999995 21 0.983 18.23 0.0186 17.5744 0.017 17.137999999999998 0.0046 16.925 0.0067
89.19039599999999 -61.417749 15 0.983 18.171 0.0336 17.724 0.021 17.4916 0.0083 17.4337 0.0142
88.801638 -61.57050400000001 17 0.981 18.7862 0.0322 18.4296 0.0077 18.197 0.0067 18.1255 0.0257
88.498672 -61.536643000000005 18 0.976 nan nan 19.5839 0.0123 18.1946 0.0061 17.6353 0.0078
89.157892 -61.2453 9 0.97 19.4727 0.0302 19.095 0.0081 18.7951 0.0094 18.8175 0.0873
89.196715 -61.409964 11 0.982 nan nan 18.3845 0.0131 18.0821 0.0122 18.0146 0.0158
88.541009 -61.15176700000001 10 0.963 nan nan 19.7034 0.0161 18.5479 0.0141 18.0725 0.0113
89.185792 -61.42801 30 1.0 14.6962 0.0158 14.3954 0.0055 14.2353 0.0043 14.2093 0.0043
88.76403 -61.572702 27 0.985 16.6074 0.0135 16.0339 0.0054 15.6346 0.0058 15.4715 0.0055
88.970886 -61.1541 17 0.9740000000000001 19.0145 0.0114 18.602999999999998 0.0134 18.3179 0.0195 18.2559 0.0223
89.034865 -61.174203000000006 11 0.955 nan nan 19.8248 0.0315 18.7489 0.0079 18.255 0.0321
88.736651 -61.12700699999999 30 0.9790000000000001 18.0995 0.0066 17.8078 0.0127 17.6445 0.0128 17.6228 0.0179
88.354986 -61.469397 22 0.983 18.3861 0.0082 17.8245 0.0158 17.4826 0.0112 17.3329 0.0088
88.558317 -61.146311 18 0.981 18.4428 0.0107 18.0058 0.0148 17.7047 0.0054 17.5776 0.0126
88.37931 -61.214837 17 0.981 17.9147 0.0101 17.3377 0.0305 17.0056 0.0074 16.805 0.0093
88.536439 -61.15136 30 0.983 17.8013 0.0198 16.9137 0.0053 16.146 0.0048 15.8652 0.0061
88.284103 -61.36156 26 0.985 16.5975 0.0127 16.3931 0.0253 16.2251 0.0046 16.2035 0.0062
88.333669 -61.452237 14 0.9790000000000001 19.3473 0.0756 18.744 0.008 18.307000000000002 0.0259 18.1627 0.0375
88.606639 -61.136885 19 0.9790000000000001 nan nan 19.3824 0.0167 17.683 0.0116 17.0275 0.0046
